GLA02A  1931  2011  2182  1966  1789  2529  1666  1709  1814  2136
GLA02A  1940  1298  3036  4443  2965  2529  1842  2127  1605  1661  2410
GLA02A  1950  1826  2539  2293  2193  1474  2661  1577  2042  2357  1982
GLA02A  1960  2336  1657  1705  1647  1525  2229  1764  2377  1855  2472
GLA02A  1970  1789  1408  1872  1797  1755  1947  1512  1530  2088  2035
GLA02A  1980  1535  1481  1541  1593  1180  1075  1289   906  1006   928
GLA02A  1990  1457  1574  1611  1732  1501  1444  1814  1528  1571  1905
GLA02A  2000  1224  1968  1625  1709  1919  1546  1205  1281  1460  1028
GLA02A  2010   948  1179  1028  1328  1029  1425  1120   982   918 -9999
GLA02B  1955  3117  2324  3326  3926  2542
GLA02B  1960  3776  2263  2843  1884  2528  2864  2125  1697  1570  2206
GLA02B  1970  1423  1308  2035  2078  1750  1662  1420   993  1457  1385
GLA02B  1980  1559  1770  1386  1062   854   901   751   684   682   681
GLA02B  1990  1076   786   993  1214  1062  1201  1305  1154  1122  1468
GLA02B  2000  1329  1503  1074  1261  1086  1166   739   895  1339   857
GLA02B  2010   808   912   623   663   687   972   675   789   625 -9999
GLA03A  1908  1912  1050
GLA03A  1910   939   647  1065   792   613  1560  1342  1348   893   680
GLA03A  1920   913   931   653   501   924   624   663   618   751   768
GLA03A  1930  1124   712  1407  1938  1323  2576  1427  1912  1500  2219
GLA03A  1940  1252  2875  4298  3261  1837  3376  3130  2768  2081  3493
GLA03A  1950  1894  3154  2656  2242  1457  4126  2203  2021  2758  2303
GLA03A  1960  2358  2206  3028  2367  2331  3429  2136  3845  2032  3143
GLA03A  1970  2038  1833  2937  2306  2021  1536  2013  1293  1848  1331
GLA03A  1980  1354  1967  3950  2297  2441  1668  2031  1386   756  1236
GLA03A  1990  1528   972  1926  1691   985   995  1224   937  1250  1618
GLA03A  2000  1271  1871  1436  1281  1795  1097  1300  1389  1806  1662
GLA03A  2010  1466  1585  1466  1755  1035  2274  1667  1500  1328 -9999
GLA03B  1884  2039  1956   952  1185  2315  1459
GLA03B  1890  1921  1416  1689  1212   797  1160  1474  1777  1540  1194
GLA03B  1900  1446   953  1191  1658  1758  1507  1258  1840  1737  1388
GLA03B  1910   879   693  1121  1000   521   844  1000   797   695   544
GLA03B  1920   589   670   427   575   630   636   820   499   739   672
GLA03B  1930   866   947  1694  1345  1176  2128  1395  1594  1658  1458
GLA03B  1940  1121  1953  2637  2071  1606  2632  2464  2428  2138  2218
GLA03B  1950  2036  2665  2162  1608  1546  2579  1713  2535  3697  2681
GLA03B  1960  2875  2120  2330  1745  1930  2957  2485  3230  2189  3359
GLA03B  1970  2690  2310  2206  2683  2221  2725  1952  1489  2567  2482
GLA03B  1980  2497  2701  3372  2581  2297  2281  1591  1761  1112  1328
GLA03B  1990  1596  1307  1571  1732  1732  1885  1725  2136  1656  2205
GLA03B  2000  1883  2309  2055  1635  2287  1438  1224  1649  1732  1583
GLA03B  2010  1842  1687  1267  1565  1111  2421  1660  1631  1374 -9999
GLA04A  1884  1807  1450   846   772   887  1663
GLA04A  1890  1328  1355  1055  1588   773   786  1674  1470  4443  1387
GLA04A  1900   980   769   851  1033  1317  1585  1141   643  1205   712
GLA04A  1910   753   472   533   744   723  1258  1212  1200   647   281
GLA04A  1920   212   491   521  1230  1143   693   893   575   546   697
GLA04A  1930  1695  1790  2076  1929   793  1771  1064  1269  1329  1147
GLA04A  1940   978  2133  2628  2063  1372  1754  1913  2119  1841  1746
GLA04A  1950  1619  1905  1908  1545  1068  1504   777  1140  1681  1596
GLA04A  1960   950  1416  1247  1205  1371  1640  1381  1425  1007  1306
GLA04A  1970  1328  1307  1275  1270  1219  1039  1248   891   954   984
GLA04A  1980   821   995   821   821   635   933   900   865   521   757
GLA04A  1990   948   703   858   998   848   762   716   809   740   893
GLA04A  2000   806   897   681   659   596   634   521   562   519   442
GLA04A  2010   457   486   388   482   420   523   418   420   445 -9999
GLA04B  1856   810   821   964   636
GLA04B  1860   807   621   809   738   996   843   839   536   672  1252
GLA04B  1870   469   735   751   691   432   688   879  1073  1507  1601
GLA04B  1880  1612  1916  1893  1445  1865  1731  1089  1110  1081  2035
GLA04B  1890  1081  1019  1196  1012   765   674  1417  1921  1260  1189
GLA04B  1900   615   848  1189  1433  2093  1218   820  1192  1085   819
GLA04B  1910   630   523   740   613   405  1400  1150  1247   935  1076
GLA04B  1920   894   773   871   852   905  1176  1019   820   820   942
GLA04B  1930  1318  1340  2037  2380   895  2311  1155  1640  1065  1586
GLA04B  1940  1074  1977  2055  1860  1606  2552  1951  2311  2184  2281
GLA04B  1950  1913  2321  1963  1587  1201  2103  1007  1666  1684  1581
GLA04B  1960  1697  1344  1582  1717  1420  1915  1414  1743  1642  1982
GLA04B  1970  1423  1185  1697  1802  1977  1236  1471   939  1351  1155
GLA04B  1980  1030  1434  1096   929   935   925   718   800   615   730
GLA04B  1990   879   681   902   808   774   763   463   635   578   603
GLA04B  2000   695   516   602   670   588   520   636   277   835   359
GLA04B  2010   533   381   408   408   349   361   352   346   381 -9999
GLA05A  1862   801   580   245   580   432   531   420   571
GLA05A  1870   464   727   730   498   584  1260  1426  1665  2012  1983
GLA05A  1880  1541  2403  2041  1786  1466  1575   985  1059  1203  1844
GLA05A  1890  1205   910  1319   795   589   621  1129  1808  1429  1454
GLA05A  1900  1024  1266  1467  2169  2963  1584   672  1194  1023  1143
GLA05A  1910   688   351   563   580   428  1162  1724  1437  1169  1436
GLA05A  1920  1621  1518  1997  1811  3064  2389  2423  2432  2751  2002
GLA05A  1930  2157  1658  2761  2171  1148  3257  1290  1813  1548  1524
GLA05A  1940   944  1805  1682  1690  1500  1629  1505  1860  1297  2117
GLA05A  1950  1742  2162  1525  1630   935  1176   743  1120  1400  1293
GLA05A  1960   958   854  1190   881  1028  1040   946  1420  1271  1691
GLA05A  1970  1088  1143  1528  1466  1605  1674  1420   751  1317  1251
GLA05A  1980  1235  1166  1737  1154  1170  1270  1674  1293   854  1133
GLA05A  1990  1422  1293  1319  3596  1478  2704  1378  1526  1939  2032
GLA05A  2000  2048  2127  1713  1549  1733  1714  1027  1382  1596  1477
GLA05A  2010  1635  1605   949  1527   774  1524  1139  1992 -9999
GLA05B  1877  1719  1680  1292
GLA05B  1880   915  1308  1117  1030  1098  1235   762   844   907   966
GLA05B  1890   842   723  1118   930   722   607  1113  1439  1238  1257
GLA05B  1900   856  1121  1156  1154  1807  1456  1059  1615  1191   878
GLA05B  1910   755   548  1007   877   670  1584  1156  1270   959  1053
GLA05B  1920  1487  1445  1549  1399  1824  1198  1411  1488  1709  1963
GLA05B  1930  2379  1963  3338  2761  1113  2632  1478  2379  1802  1609
GLA05B  1940  1213  1758  2054  1700  1374  2302  1988  1940  2045  2279
GLA05B  1950  1444  2276  2139  1584  1398  1634  1317  1493  1584  1628
GLA05B  1960  1468  1456  1730  1250  1675  2322  1663  1991  1715  1779
GLA05B  1970  1401  1420  1703  1555  2044  1817  1651  1132  1318  1212
GLA05B  1980  1628  2194  2228  1447  1733  1557  1963  1734  1063  1628
GLA05B  1990  2172  1325  2472  2859  2030  2428  1872  1638  1251  2010
GLA05B  2000  2204  1939  2171  1352  2357  1898  1608  1570  2199  1631
GLA05B  2010  2219  2150  1364  2427  1063  1843  1835  1656  1698 -9999
GLA06A  1885  1311   770   698   801   997
GLA06A  1890   613   858   857   807   624   724  1025  1670  1310   996
GLA06A  1900   832   776  1381  1928  2376  1910  1554  1734  1866  1433
GLA06A  1910  1030   651  1392  1155   606  1531  1439  1364  1125  1293
GLA06A  1920  1630  1769  2151  1548  2450  1664  2311  2032  2406  1941
GLA06A  1930  2554  2542  3694  2684  1296  2610  1273  1912  1398  1652
GLA06A  1940   834  1341  1577  1734  1558  2226  1773  1797  2051  1866
GLA06A  1950  1820  1875  1408  1735  1375  1764  1329  1260  1412  1381
GLA06A  1960  1231  1481  1211   893  1109  1673  1295  1664  1263  1585
GLA06A  1970  1219  1176  1113  1371  1212  1541  1256   605   883   965
GLA06A  1980   854  1223  1088  1129   890   724   905   907   799   830
GLA06A  1990  1105   877   995  1062  1606  1571  1299  1628  1029  1550
GLA06A  2000  1559  1629  1291  1583  1403  1447  1571  1479  1525  1658
GLA06A  2010  1296  1443   937  1656   773  1756  1111  1531  1250 -9999
GLA06B  1896   687  1209   839   570
GLA06B  1900   628   494   703  1224  1421  1243   924  1510  1402  1210
GLA06B  1910   699   613  1298   903   422  1341  1214  1129   801  1002
GLA06B  1920  1114  1106  1648  1198  1678  1357  1376  1738  1685  1724
GLA06B  1930  2288  1849  3098  2127  1071  2289  1133  1328  1177  1296
GLA06B  1940   683  1110  1698  1270  1166  1997  1397  1409  1156  1217
GLA06B  1950  1252  1420  1016  1109   889  1388  1094  1103  1628  1122
GLA06B  1960  1248   912  1016   729  1157  1087  1296  1097   865  1214
GLA06B  1970   981  1007  1064  1104  1144  1016   854   717   650  1009
GLA06B  1980   740  1236  1098  1177   739   889   871   890   727   912
GLA06B  1990  1401  1179  1316  1847  1607  1528  1389  1685  1224  1570
GLA06B  2000  1817  1564  1382  1596  1581  1420  1133  1789  1651  1492
GLA06B  2010  1435  1348  1134  1549   740  1758  1364  1420  1270 -9999
GLA07A  1934   866  3503  2499  2359  2268  2618
GLA07A  1940  1407  2760  4808  4717  3897  4404  4198  3408  3797  4298
GLA07A  1950  2582  3627  3719  3123  1793  4031  2333  3320  4272  3824
GLA07A  1960  3439  2946  2885  2572  2358  2937  3487  3568  3297  2419
GLA07A  1970  3387  2239  2550  2939  2464  2322  2712  1807  1770  2624
GLA07A  1980  2303  3307  4049  2781  2206  2533  2462  2461   993  1387
GLA07A  1990  2472  2374  3245  4128  2794  3634  3037  3881  3146  3674
GLA07A  2000  3724  2876  3742  3314  2760  2671  1978  3198  3280  2702
GLA07A  2010  2586  2327  1594  3470  1420  2420  2202  2101  1778 -9999
GLA07B  1893   254   370   821   797   896   701   689
GLA07B  1900   353   425   490   595   759   489   336   383   346   180
GLA07B  1910   156    89   222   123   836   378   449   321   418   822
GLA07B  1920   697   729   537   745  4095   632   652   661   579   502
GLA07B  1930  1277  1975  2971  1954  1130  2865  1631  2244  1946  1504
GLA07B  1940  1214  1943  3086  2354  2021  3227  2413  1974  1966  3289
GLA07B  1950  2156  2774  2272  1857  1437  2483  1474  2697  2788  2508
GLA07B  1960  2031  2044  2093  1705  1805  2326  2023  2397  2170  1620
GLA07B  1970  1921  1783  2128  2173  1374  1708  1825  1651  2015  2678
GLA07B  1980  2144  3048  2659  1585  1467  1769  1930  1435   797  1009
GLA07B  1990  1860  1621  2081  2748  2346  2899  1952  2323  1916  3006
GLA07B  2000  2808  2627  2288  2380  2413  2067  1838  2379  2185  1894
GLA07B  2010  2263  1527  1122  2045  1176  1957  1708  1865  1339 -9999
GLA08A  1863   656   462   532   451   315   365   419
GLA08A  1870   563   738   649   882  1355  1872  1870  1780  1314  1269
GLA08A  1880  1679  2309  2169  3922  1807  1486   867  1075  1074  2615
GLA08A  1890  1306  1784  1602  1234  1022   847  2085  2521  2460  2323
GLA08A  1900  1111  1044  1956  2825  2853  1849  1039  2088  2660  1690
GLA08A  1910  1044   777  1059  1048   687  1926  2104  2140  1721  1391
GLA08A  1920  1344   950  1621  1184  2089  2175  1616  2200  2068  2136
GLA08A  1930  2090  2243  2970  2341   984  2487  1322  1617  1998  1728
GLA08A  1940  1119  1943  2544  2115  1847  2607  2264  2301  1547  1398
GLA08A  1950  1443  1767  1409  1379   935  1428  1042   970  1444  1390
GLA08A  1960  1662  1287  1387  1203  1178  1606  1686  1263  1386  1794
GLA08A  1970  1387  1050  1201  1330  1346  1532  1367   935  1246  1064
GLA08A  1980  1207  1445  1247  1132   820  1019   972   796   718   693
GLA08A  1990  1109  1018   993  1611  1525  1501  1352  1241  1656  1340
GLA08A  2000  1180  1259  1259  1282  1363  1099  1074  1444  1652  1709
GLA08A  2010  1581  1687  1466  2079  1178  1446  1217  1117  1029 -9999
GLA08B  1852   564   849   834   969   743   523   599   821
GLA08B  1860   633   392   894   844  1037   762   602   518   340   308
GLA08B  1870   356   322   427   376   381  1574  2441  1954  2259  1525
GLA08B  1880  1267  1584  2015  1575  1824  1653   854   782  1422  1721
GLA08B  1890  1085  1156  1801  1354   790   868  2125  2518  2032  1540
GLA08B  1900   936  1023  1641  2517  2115  1875   881  1880  1734  1929
GLA08B  1910  1133   889  1547  1238   463  2032  1679  1178   969  1502
GLA08B  1920  1745  1150  1432  1029  1814  1720  2194  2378  2147  1950
GLA08B  1930  2058  1841  2973  2329   992  2961  1398  1780  1727  1768
GLA08B  1940  1317  2228  2890  1758  1689  2506  1842  2064  1171  1860
GLA08B  1950  1903  2264  1628  1659  1261  2099   913  1784  1872  1219
GLA08B  1960  1309   813  1178  1305  1204  1801  1328  1376  1374  1687
GLA08B  1970  1162  1224  1294  1297  1561  1409  1340   890  1028   981
GLA08B  1980  1170  1697  1617  1016   797   879   924   777   603   658
GLA08B  1990  1479   695   894  1743   971  1582   995  1086  1179   808
GLA08B  2000  1201  1135   958   971  1362   790   660   831  1587  1385
GLA08B  2010  1445  1353  1102  1242   763  1205   823   993   719 -9999
GLA09A  1846  1204   900  1308  1755
GLA09A  1850  1517  1617   752   980   670   889   832   655   962  1426
GLA09A  1860  1097   900   897   751   766   891   895  1071   754  1232
GLA09A  1870   526   891  1632   872   928  1599  1957  2025  1746  1137
GLA09A  1880  1283  2124  1501  1248  1279  1350   867   516  1206  1513
GLA09A  1890   914  1013  1267   708   614   394   952  1609  1246  1146
GLA09A  1900   866   946   877  1248  1871  1708  1462  1978  1283   900
GLA09A  1910   521   454  1346   982   752  1698  1423  1027   938   947
GLA09A  1920  1074   764  1123   883  1693  1561  1664  1409  1358  1503
GLA09A  1930  1951  2232  2644  2625  1122  2996  1421  2032  1773  1721
GLA09A  1940   982  1517  2205  2333  2093  1630  1420  1502  1526  1584
GLA09A  1950  2184  2635  1733  1638   932  1439   825  1294  1482  1334
GLA09A  1960  1582  1275  1351  1016   995  1074  1340   936  1261  1467
GLA09A  1970  1281  1261  1721  1665  1525  1858  1760   820  1351  1280
GLA09A  1980   900  1617  1362  1619  1374  1388  1075  1062   658   797
GLA09A  1990   912   773   940  1377  1074  1185  1131  1099  1121  1247
GLA09A  2000  1131  1571   982  1029  1420   904   854  1076  1895  1330
GLA09A  2010  1204  1351   942  1374  1017  1145   820   970   727 -9999
GLA09B  1863  1294   953  1424  1063   832  1462   458
GLA09B  1870   685   941   686   651  1225  1241  1471  2207  1301  1141
GLA09B  1880  1771  1638  1521  1628  3578  1606  1003   900  1165  1585
GLA09B  1890  1214   918   947   824   688   554   901  1195   977   983
GLA09B  1900   599   623   785  1002  1461  1353   828   951   947  1058
GLA09B  1910   688   679  1410   607   694  1589  1415  1285  1095  1345
GLA09B  1920  1256  1021  1116   938  1661  1598  1804  1428  1872  2729
GLA09B  1930  2065  2094  2427  2835  1232  2407  1129  2218  1613  2689
GLA09B  1940  1092  1551  1899  2407  2108  2452  2370  2706  1983  2611
GLA09B  1950  2195  3312  2513  2027  1387  1828   870  1523  1685  1658
GLA09B  1960  1885  1825  1574  1248  1000  2179  1643  1522  1458  1765
GLA09B  1970  1341  1200  1875  2035  2169  1831  1409   941   953  1285
GLA09B  1980  1110  1798  2100  1485  1425  1064  1132  1056   613   449
GLA09B  1990  1083   837   881  1703  1099  1563  1199  1201  1367  1255
GLA09B  2000  1311  1107  1028   818  1248  1109   712   712  1335  1020
GLA09B  2010  1239   913  1015  1529   719  1126   893  1089   863 -9999
GLA10A  1876  3235  2874  2535  2235
GLA10A  1880  1703  2792  2708  2814  2462  3234  1284  1317  2181  3549
GLA10A  1890  2070   374   166   306   249   343   316   912  1336  1863
GLA10A  1900  1404   822   732   668  1839  2147  2554  1366  2621  2247
GLA10A  1910  1795  1150   562  1561  1000  1329  1343  1017   771  1034
GLA10A  1920   899   780   882   723   930   889  1357  1470  1756  1625
GLA10A  1930  2054  2849  4478  4292  2356  4052  2500  3181  2855  3021
GLA10A  1940  1454  2101  2592  2970  2632  2840  2790  3659  2928  3515
GLA10A  1950  3592  3661  3017  2203  1347  2170  1101  1801  3168  2178
GLA10A  1960  1973  2084  2357  1571  1824  2544  2242  2465  1946  2470
GLA10A  1970  2391  2101  2349  2415  2574  2523  2152  1456  2010  2195
GLA10A  1980  2252  2542  2740  2275  1942  2155  2613  1852  1109   808
GLA10A  1990  2351  1570  2402  2310  2595  2759  1875  1883  1702  2044
GLA10A  2000  2403  2558  1769  1741  2064  1706  1439  2715  3085  1826
GLA10A  2010  3039  1974  1309  2112  1660  1603  1570  1952  1056 -9999
GLA10B  1851  1916  1691   515   670   604   804   621   506   738
GLA10B  1860   718   876   624   533   548   646   458   564   372   366
GLA10B  1870   428   353   433   403   609  1343  1346  1346  1337  1401
GLA10B  1880  1005  1015  1290  1477  1519  1850  1037   869  1101  2242
GLA10B  1890  1349   362   289   180   215   233   401   647   637  1012
GLA10B  1900  1160   891   682   630  1265  1674  1203  1151  1606  1523
GLA10B  1910   851   630   647   889   812  1266  1007  1172   554   652
GLA10B  1920   843   689   770   695  1079   894   976  1081  1732  1085
GLA10B  1930   993  1548  2687  2781  1293  2822  1026  1684  1958  2056
GLA10B  1940  1362  1699  2259  2289  1882  2048  2490  2596  2202  2708
GLA10B  1950  2379  2699  2462  1946  1250  1735  1051  1366  2324  2163
GLA10B  1960  1991  2075  2580  1593  1886  2021  2248  2229  1559  2251
GLA10B  1970  2875  1906  2050  2114  1986  3108  1999  1018  1515  2032
GLA10B  1980  1862  2298  3846  2298  1629  1871  2102  1974   993  1005
GLA10B  1990  1640  1804  1911  2171  1986  2335  1986  1746  1812  2090
GLA10B  2000  1481  2567  1779  1824  2309  1728  1479  1882  2563  1595
GLA10B  2010  1850  1755  1330  2012   947  1031  1285  1697  1240 -9999
GEO01A  1860   153   148   256   178   172   167   237   231   157   288
GEO01A  1870   152   253   293   202   150   256   235   194   289   216
GEO01A  1880   230   300   276   261   232   294   166   147   240   280
GEO01A  1890   167   149   241   199   163   206   264   370   288   201
GEO01A  1900   123   113   139   172   251   217   177   288   220   170
GEO01A  1910    94   104   218   151   112   170   144   158   135   146
GEO01A  1920   162   138   152   119   223   134   169   214   235   223
GEO01A  1930   188   202   243   229   114   296   172   147   228   213
GEO01A  1940   128   221   304   211   238   208   231   224   200   307
GEO01A  1950   198   266   211   217   152   225   133   214   293   184
GEO01A  1960   268   154   227   162   234   279   262   242   184   267
GEO01A  1970   232   181   245   340   241   173   183   145   192   153
GEO01A  1980   215   233   274   174   203   999
GEO01B  1880   248   311   367   246   291   321   174   175   269   296
GEO01B  1890   193   166   242   241   170   184   181   260   164   169
GEO01B  1900   116   141   203   237   302   251   175   295   279   195
GEO01B  1910   135   127   222   162   101   193   177   174   148   154
GEO01B  1920   169   151   213   151   275   161   283   316   325   272
GEO01B  1930   243   284   361   293   145   395   195   217   273   253
GEO01B  1940   175   299   363   244   223   204   210   288   230   284
GEO01B  1950   223   249   238   236   177   198   140   243   395   225
GEO01B  1960   268   131   215   142   166   213   213   221   147   246
GEO01B  1970   177   148   178   209   218   165   153   121   171   156
GEO01B  1980   205   225   238   182   205   999
GEO02A  1750    89    99    67    62    95   113    66    64    61    72
GEO02A  1760    76    82    90   113    71    81    88    64    84    88
GEO02A  1770    55    37    26    33    60    68    60    63    33    29
GEO02A  1780    28    45    28    31    18    20    16    16    28    26
GEO02A  1790    25    35    43    51    75    67    73    81    85    70
GEO02A  1800    32    90   138   160   101   116    98   111   126   121
GEO02A  1810   119   161   119   133   193   156    49   173   107    92
GEO02A  1820    99   128   167   118   194   102   109    71   116   107
GEO02A  1830   141   172   100   130   227   260   228   219   165   173
GEO02A  1840   169   166   240   143   151   140   161   168   199   195
GEO02A  1850   226   288   177   222   189   213   156   122   153   197
GEO02A  1860   158   126   161   154   109   101   158   175   120   203
GEO02A  1870   120   151   162   141    95   169   161   165   138   171
GEO02A  1880   162   213   193   138   156   173   127   109   107   150
GEO02A  1890   141   106   153   135   104   106   178   163   185   150
GEO02A  1900   106    98   117   145   165   206   151   209   221   150
GEO02A  1910    77    92   144   105    80   178   191   138   112   120
GEO02A  1920   121   130   100    94   164   157   162   139   207   188
GEO02A  1930   172   131   203   159    79   170   102   149   159   169
GEO02A  1940    80   154   199   174   119   175   129   228   178   259
GEO02A  1950   189   175   152   151   105   168   107   151   203   200
GEO02A  1960   263   163   270   148   203   186   139   188   137   130
GEO02A  1970   127   111   129   148   185   134   118   104   132   114
GEO02A  1980   129   147   172   134   120   999
GEO02B  1792    54    48    69    81    73    73    65    56
GEO02B  1800    28    78   122   146   127   129   112    84   110   101
GEO02B  1810   120   128    80    89   167   101    50   100    93    63
GEO02B  1820    67    77    91    66   147    72    67    49    91    76
GEO02B  1830   111   110    73    81   142   198   142   141   132   140
GEO02B  1840   156   118   141   111   120   110   113   109   162   161
GEO02B  1850   218   238   140   166   148   174   114    85   112   143
GEO02B  1860   130    91   131   138   123    97   145   177   115   162
GEO02B  1870   115   126   135   124    98   145   135   115   119   131
GEO02B  1880   126   128   135   114   122   136    89    79    66   103
GEO02B  1890   112    86   127   144    84    86   152   162   171   122
GEO02B  1900    88    88    88   124   142   102   114   142   142   112
GEO02B  1910    81    81   114    89    56   139   138   109    84    88
GEO02B  1920    88    94   100    84   120   147   111   129   178   171
GEO02B  1930   133    91   168   133    79   153   104   158   167   156
GEO02B  1940    83   193   238   180   129   151   160   224   196   231
GEO02B  1950   179   177   160   147   111   191   128   140   239   194
GEO02B  1960   225   151   235   157   201   200   196   181   151   169
GEO02B  1970   150   143   158   198   219   166   149   116   162   154
GEO02B  1980   158   191   172   133   125   999
GEO03A  1811    56    56    44    86    51    35    62    45    53
GEO03A  1820    30    49    53    49    58    73    61    54    53    48
GEO03A  1830    68    64    97   115    76    90    83    77    81    91
GEO03A  1840   119    57    62    66    91    88    61   102   114   205
GEO03A  1850   147   172   110   264   188   254   181   163   208   187
GEO03A  1860   153    91   173   116   108   107   158   127    91   162
GEO03A  1870    72   107   105    87    63    91    97   136   145   132
GEO03A  1880   148   251   184   178   170   172    99   115   102   144
GEO03A  1890   110    87    84    84    64    54    82   108    95    83
GEO03A  1900    70    53    75    87   105    64    59   120   114    99
GEO03A  1910    56    48    71    63    47   106    81   110    49    53
GEO03A  1920    59    59    50    43   106   112   109   108   105    80
GEO03A  1930    64    50    68    46    35    76    49    64    63    60
GEO03A  1940    57    78   116    92    79   119    93   102    70    92
GEO03A  1950   100   103    62    69    73    91    67   103   120   123
GEO03A  1960   134    80   126    89   132   168   150   160   125   206
GEO03A  1970   106    90   137   136   158   144   113    75   139   121
GEO03A  1980   117   153   182   101    96   999
GEO03B  1804   124   104    98    89    91    78
GEO03B  1810    83   116    55    81    94    82    44    67    50    59
GEO03B  1820    47    46    66    78    88    78    63    50    75    48
GEO03B  1830   107   131   129   143   133   122    91    69    79    82
GEO03B  1840   100    61    73    77    71    76    73    66    88   137
GEO03B  1850    87   107    59    73    61   111   106    92   111   177
GEO03B  1860   113    75    77    82    68    69   121   129    92   158
GEO03B  1870    73    94   113    78    56    90    91    71   110   135
GEO03B  1880   108   127   121    99   102   124    70    73    74   103
GEO03B  1890    83    72    74    83    49    57    69    95    67    81
GEO03B  1900    67    53    69    82    87    78    77   115    99    86
GEO03B  1910    54    36    54    54    42    73    70    62    57    57
GEO03B  1920    51    61    69    61    91    89    83    79    87    84
GEO03B  1930    58    49    63    55    39    73    48    55    62    68
GEO03B  1940    51    91    99    90    84    88    88    98    82    98
GEO03B  1950    95    94    69    64    65   100    71   107   171   100
GEO03B  1960   125    69   113    73   111   144   148   130   171   235
GEO03B  1970   128    92   152   131   205   164   122    94   149   114
GEO03B  1980   131   181   174    92    99   999
GEO04A  1772    45    68    58   116    80    90    77    71
GEO04A  1780    62    67    59    78    68    54    31    51    47    48
GEO04A  1790    41    38    45    34    58    54    55    41    21    38
GEO04A  1800    26    37    89    57    59    52    44    53    28    44
GEO04A  1810    43    61    34    48    83    41    35    22    28    41
GEO04A  1820    35    27    40    35    74    46    48    33    35    38
GEO04A  1830    58    80    97   116   108   106   101    87    48    51
GEO04A  1840   123    81   124    82    94    91   107   129   138   174
GEO04A  1850   224   255   150   242   177   203   153   114   170   225
GEO04A  1860   168   143   291   186   170   147   224   155   159   239
GEO04A  1870   117   212   247   160   160   230   197   206   232   209
GEO04A  1880   234   264   240   182   269   235   182   180   210   243
GEO04A  1890   156   147   235   175   148   141   191   244   185   159
GEO04A  1900   114   118   137   167   182   157   121   206   190   159
GEO04A  1910   105   108   149   117    96   145   105   113    88    99
GEO04A  1920   125    95   119   131   199   153   136   151   195   160
GEO04A  1930   184   131   202   218   124   194   142   185   131   175
GEO04A  1940   123   216   209   158   151   181   154   233   152   142
GEO04A  1950   181   184   192   209   181   197   125   166   175   189
GEO04A  1960   157   190   208   173   200   185   141   174   191   156
GEO04A  1970   151   133   160   157   127   114   138   111   124   155
GEO04A  1980   153   147   173   151   133   999
GEO04B  1829    58
GEO04B  1830    99    87   117   139    87    80   101    86    69    91
GEO04B  1840   135   118   112    73    75    88    60    92   144   155
GEO04B  1850   192   255   136   179   142   139   113    84   115   159
GEO04B  1860   140   102   176   161   148   167   184   169   132   219
GEO04B  1870   122   224   237   171   105   180   158   167   164   196
GEO04B  1880   150   232   215   187   200   185   132   128   126   178
GEO04B  1890   138   101   136   132   117   112   150   161   144   137
GEO04B  1900   106   116   163   167   190   182   123   194   132   129
GEO04B  1910    88   101   146   104    70   129   115   109    90    98
GEO04B  1920   121   114   110   116   170   125   107   124   169   121
GEO04B  1930   140   128   159   171   111   164   109   148   100   158
GEO04B  1940    99   158   169   157   136   154   136   186   100   117
GEO04B  1950   160   180   184   155   126   153   119   137   143   180
GEO04B  1960   134   132   156   125   146   166   155   113   140   128
GEO04B  1970   153   106   141   143   130   104   100   114   171   150
GEO04B  1980   153   148   175   153   161   999
GEO05A  1746    91   102    65    75
GEO05A  1750    80    70    51    58   108   127   160   107    84   130
GEO05A  1760   143   168   102    99   117   116   173   129   150   113
GEO05A  1770   105    43    35    39    67   148   124   185   121   133
GEO05A  1780    99   150   106    81    85    84    52    77    53    69
GEO05A  1790    75    67    72    95   139   132   114   121   106    68
GEO05A  1800    29    97   138    90   101   114   108    81    48    78
GEO05A  1810    84    79    38    60    67    54    25    56    37    61
GEO05A  1820    50    68    75    52    67    40    37    42    49    37
GEO05A  1830    53    57    51    46    38    37    65    69    63    80
GEO05A  1840    72    43    46    32    24    34    36    34    42    43
GEO05A  1850    25    51    42    41    33    32    28    40    36    36
GEO05A  1860    38    42    37    42    52    40    50    46    40    57
GEO05A  1870    35    66   109    76    72   103   112    95   112   168
GEO05A  1880   182   201   176   139   144   183   106   110   146   150
GEO05A  1890   112   119   174   158   106    72   117   145   140   109
GEO05A  1900    85    85   110   121   152   146    90   162   154   118
GEO05A  1910    87    68   110    75    68   151   117    97    73    93
GEO05A  1920    87    86    80    69   114   102   110   143   146   104
GEO05A  1930    92    73   101    83    63   103    85   103   119   118
GEO05A  1940    73   142   131   120   130   154   124   114    97   105
GEO05A  1950   110   121   110   113    87   118    69    90    96   101
GEO05A  1960   110   101    91    82    73    84    79    69    78    91
GEO05A  1970    71    50    54    68    68    60    66    45    72    58
GEO05A  1980    56    61    82    51    64   999
GEO05B  1757    98    92   115
GEO05B  1760    93   129    71    97   101   121   112    82   126   153
GEO05B  1770   106    39    37    52    61   107    86    98    68   116
GEO05B  1780   103   153    95    61    78    66    66   107    81    69
GEO05B  1790    83    80    88    98   145   109    97   148   123    76
GEO05B  1800    33   118   156   122    96   108   105   100    64    74
GEO05B  1810    92   121    68    79    90    56    23    48    56    83
GEO05B  1820    93    88   101    95   111    90    52    71    68    43
GEO05B  1830    71    77    74    86    61    65    74    72    50    64
GEO05B  1840    77    52    94    55    81    56    70    58    60    66
GEO05B  1850    38    84    47    62    36    46    41    37    26    42
GEO05B  1860    34    39    40    34    41    29    36    30    46    43
GEO05B  1870    27    51    68    67    53   102    96   109    91   141
GEO05B  1880   148   199   177   166   147   149    86    77    96   106
GEO05B  1890    79   109   150    92    71    36    76   133   136   102
GEO05B  1900    88    68    95   131   124   115    69   140   133    98
GEO05B  1910    63    41    74    59    46   116   100    82    67    68
GEO05B  1920    67    66    70    75   102   104   102   115   125    89
GEO05B  1930    74    52    69    90    77   127    80    97    94    89
GEO05B  1940    58   121   136   118   117   170   124   124   127   109
GEO05B  1950   116   120    96   104    84   134    83   101   109   114
GEO05B  1960   107    76    78    61    74    67    69    58    62    52
GEO05B  1970    49    49    49    55    51    45    37    35    41    45
GEO05B  1980    41    54    45    43    42   999
GEO06A  1731    96   110   104    91    76    51    77    54    46
GEO06A  1740    63    39    37    41    66   104    64    77    50    49
GEO06A  1750    58    47    33    61   156   152   135   128   118   113
GEO06A  1760   138   137   198   139   174   154   129   115   106   125
GEO06A  1770   112    75    64    68    50   101   105    88    99   103
GEO06A  1780   109   126    83    78    89    87    88    93    83    81
GEO06A  1790    93    78   101   104    85    99    73    75    69    75
GEO06A  1800    35   103   101    72    87    97    73    87    55    83
GEO06A  1810    62    60    47    71    96    50    40    74    58    71
GEO06A  1820    72    69    73    82   107   111    90    90    95    67
GEO06A  1830    89   102   109   109    95    90   113    92   124    84
GEO06A  1840   102    71    84    82    93    65    65    64    66    92
GEO06A  1850    73    89    53   102    48    66    63    68    61    68
GEO06A  1860    48    64    66    55    60    67    69    48    76    99
GEO06A  1870    75    97   147   127    87   134   111   139   119   123
GEO06A  1880   172   171   160   135   145   169   112   106   141   150
GEO06A  1890    99   107   134   137    98    97   122   141   130   105
GEO06A  1900    89    84   101   118   117   153    87   166   150   143
GEO06A  1910    97    73   123    94    61   106   105    98    78    87
GEO06A  1920    98    95   110    85   129   108    70   104   111   106
GEO06A  1930   100    86   112   121    78   125    95    98   107    95
GEO06A  1940    53   101    98    94   100   120    98   132    97   112
GEO06A  1950   110   112   103   114    76   102    76    90    95    79
GEO06A  1960    73    73    99    72    76    78    89    83    91    76
GEO06A  1970    76    62    72    84    64    73    73    49    85    84
GEO06A  1980    63    63    76    67    61   999
GEO06B  1756   183   182   154   180
GEO06B  1760   174   219   203   154   179   162   155   151   127   131
GEO06B  1770   127   104    93    99    76   147   139   115   122   124
GEO06B  1780   136   124   142   135   127   127    79    87    90    93
GEO06B  1790   109    95   115   129   104   125    89    99    84    89
GEO06B  1800    39    87    81    56    64    86    72    73    60    58
GEO06B  1810    59    64    50    60    81    39    36    60    62    92
GEO06B  1820    96    81    89    84   118   117   107    81   113    81
GEO06B  1830   116   106   124   131   103   105   133   130    75    79
GEO06B  1840    94    88    94   108   119    99    77    79    77    99
GEO06B  1850    74    98    71    93    69    61    81    79    65    93
GEO06B  1860    55    66    71    65    63    61    63    44    59    67
GEO06B  1870    48    74   123   101    94   129   129   104   134   154
GEO06B  1880   182   183   194   165   142   183   121    99   154   140
GEO06B  1890   117    85   136   120    97    84   112    88    93   116
GEO06B  1900    74    79    97   124   157   138   104   178   157   159
GEO06B  1910    91    92   136   102    71   112   103    89    73    72
GEO06B  1920    78    87    93    93   116    86    77    98   108   100
GEO06B  1930   100    83    94   103    76   123    98    99   122    94
GEO06B  1940    55   101   113    98   105   109    93   141   112   123
GEO06B  1950   124   126   123   121    84   111    90    93   115   119
GEO06B  1960    78    70    81    85    90    87    96    74    90    89
GEO06B  1970   102    99   120   105    85    89    94    69    82    95
GEO06B  1980    78   108   105    86   108   999
GEO07A  1821    91   161   126   244   111   107   163   200   247
GEO07A  1830   258   267    98   127   135   153   133   155   141   220
GEO07A  1840   240   155   202   152   152   149   175   146   140   155
GEO07A  1850   187   205   103   178    99   125   139   130   163   179
GEO07A  1860   154   127   183   144   131   104   129   154   155   216
GEO07A  1870   153   286   228   151   122   148   151   138   183   200
GEO07A  1880   229   298   227   173   180   151   119   133   129   165
GEO07A  1890    99   121   161   135   115   111   160   249   211   186
GEO07A  1900   128   129   179   147   182   157   106   185   185   139
GEO07A  1910    95    84   164   108    84   136   141   150   106    74
GEO07A  1920   103   112   116   132   181   162   131   157   191   150
GEO07A  1930   156   129   188   122    76   167   103   112   126   107
GEO07A  1940    86   170   131   113   133   168   128   164   112   133
GEO07A  1950   143   131   128   143    96   126   101   124   113   106
GEO07A  1960    99   100   143   118   135   128   156   119   121   130
GEO07A  1970   136    92   109   108   109   104    92    52    89   118
GEO07A  1980    84    90   141    96    78   999
GEO07B  1773    56    80    72    61    64    42    60
GEO07B  1780    37    70    49    35    48    43    23    65    77    92
GEO07B  1790    84    70    83    66    70    64    64    55    94    70
GEO07B  1800    39    94   114   114    84   107   103   113    71    88
GEO07B  1810    85   125    86   102   197    83    43    33    74   159
GEO07B  1820   244   202   149   148   290   151   173   225   288   265
GEO07B  1830   289   249    87   162   156   164   178   242   235   237
GEO07B  1840   244   159   195   185   179   198   154   145   201   155
GEO07B  1850   206   180   161   218   164   192   172   159   181   207
GEO07B  1860   188   171   211   200   194   183   201   191   182   249
GEO07B  1870   147   261   235   196   185   194   166   187   173   213
GEO07B  1880   223   286   207   231   213   178   147   169   228   224
GEO07B  1890   145   164   222   177   138   147   246   244   215   162
GEO07B  1900   118   116   199   163   236   203   126   232   187   124
GEO07B  1910    84    90   188   131    88   216   167   163   136   120
GEO07B  1920   146   113   162   125   194   147   150   178   237   206
GEO07B  1930   190   152   189   145    82   159    99   144   149   163
GEO07B  1940    98   235   182   140   154   146   139   165   136   164
GEO07B  1950   188   192   153   160   133   157   121   178   181   181
GEO07B  1960   141   154   245   120   163   188   182   138   141   130
GEO07B  1970   162   127   126   179   141   145   125    82    98   159
GEO07B  1980   140   153   179   135   131   999
GEO08A  1753    93    79   100    82    71    68    42
GEO08A  1760    43    63    65    85    99   112    99    83    63    86
GEO08A  1770    48    53    51    73   131    88    63    69    37    62
GEO08A  1780    35    60    36    40    55    42    34    53    47    45
GEO08A  1790    39    39    52    45    51    45    57    30    47    37
GEO08A  1800    29    44    48    36    37    34    29    43    36    31
GEO08A  1810    36    51    39    61    86    54    25   103   144   228
GEO08A  1820   255   316   311   213   198   184   237   291   296   204
GEO08A  1830   302   307   283   304   256   264   238   210   210   272
GEO08A  1840   307   209   283   189   321   239   211   228   237   257
GEO08A  1850   274   200   125   221   159   145   198   170   154   226
GEO08A  1860   180   155   221   199   206   158   225   199   178   239
GEO08A  1870   169   255   286   180   151   190   158   102   147   180
GEO08A  1880   228   250   224   254   228   210   151   150   193   259
GEO08A  1890   139   144   205   159   148   107   207   246   233   180
GEO08A  1900   151   135   173   203   256   219   139   256   198   164
GEO08A  1910   110   108   152   128    99   197   165   170   122   117
GEO08A  1920   161   142   149   125   203   171   141   161   177   153
GEO08A  1930   157    94   176   119    77   136    95   113   129   125
GEO08A  1940    99   191   154   157   129   175   138   143   119   125
GEO08A  1950   130   146   138   137   107   132   117   152   122   141
GEO08A  1960   134   142   168   157   164   151    87    67    97    88
GEO08A  1970   100    94   103   103    77   105    69    73    91    98
GEO08A  1980    76    97   126   118    70   999
GEO08B  1782    28    36    49    31    13    36    37    31
GEO08B  1790    23    26    44    21    22    36    37    27    43    48
GEO08B  1800    22    36    47    31    30    57    46    70    48    53
GEO08B  1810    31    50    46    55    97    67    29    88   130   268
GEO08B  1820   259   251   169   172   254    72    66    95   255   194
GEO08B  1830   128   157    99   107   112   158   168   167   106   105
GEO08B  1840   131    74   134   124   150   146   113    81    82   109
GEO08B  1850   109   101    88   113    91    58   105    84    89   156
GEO08B  1860   116   113   130   130   104    74   108   108   104   131
GEO08B  1870    91   159   146   105    91   107   139   123   166   121
GEO08B  1880   160   150   203   206   197   163   135   136   138   178
GEO08B  1890   134   178   199   184   123   101   151   162   178   157
GEO08B  1900   133   108   102   150   203   160   109   191   172   203
GEO08B  1910   107   122   148   118    81   124   131   159   111   105
GEO08B  1920   111   125   155   114   159   146   124   110   133   101
GEO08B  1930   134    79   135   126    80   119   111    99   134   132
GEO08B  1940    92   155   138   119   150   146   133   152   118   144
GEO08B  1950   159   143   138   125    79    91    84   100    96   117
GEO08B  1960    95   115   100   104   124   101    72    36    80    82
GEO08B  1970    78    77    70    81    76    80    68    53    56    77
GEO08B  1980    58    81    98    93    64   999
GEO09A  1762    83    68    52    77    50    40    52    55
GEO09A  1770    31    23    24    27    49    45    30    39    30    31
GEO09A  1780    29    32    18    23    23    26    33    29    35    44
GEO09A  1790    52    41    64    44    63    59    53    64    39    35
GEO09A  1800    25    53    79    64    75    64    72    50    39    43
GEO09A  1810    25    45    20    47    78    57    19    97   112   224
GEO09A  1820   189   283   285   278   299   242   182   235   246   180
GEO09A  1830   202   212   185   156   185   161   168   196   188   167
GEO09A  1840   185   149   132   122   136   114   122   109   135   173
GEO09A  1850   166   186   111   163   108   109    70    78    85   132
GEO09A  1860    91   105   119   100   109    72   144    97    88   106
GEO09A  1870    50    84   141   101    67    97   109   115   112   102
GEO09A  1880   122   146   158   136   139   114   104   100   117   113
GEO09A  1890   112   120   166   138    90    77    93   130   116   121
GEO09A  1900    90    76   112   114   123   105    70   128   117   126
GEO09A  1910    77    79   120    90    72    99   101   110    78    80
GEO09A  1920    80    85    74    84   115    81    89    95   116    97
GEO09A  1930   101    78   111    90    88   120   111   120   100   107
GEO09A  1940    96   142   166   119   128   139   115   122   101    95
GEO09A  1950   106   125   103   109    91   105    83    98   112   116
GEO09A  1960    94   108   138    94   110   105   123    93    91    87
GEO09A  1970    84    87   101   104   107   106    85    65    93    85
GEO09A  1980    78    90    94    89    83   999
GEO09B  1724    95   157   128    93   141   113
GEO09B  1730    94    62   134    79    29    67    41    63    72    64
GEO09B  1740    51    61    41    35    46   106    71    82    75    54
GEO09B  1750    56    50    42    63    99    76    76    72    74    72
GEO09B  1760    88   115    89    83    59    74    69    60    83    75
GEO09B  1770    41    40    35    38    50    70    53    58    41    47
GEO09B  1780    46    67    34    56    43    46    53    37    57    44
GEO09B  1790    56    53    49    52    65    64    51    58    46    41
GEO09B  1800    27    41    81    65    60    60    59    69    54    60
GEO09B  1810    47    74    44    57    83    64    36    97   145   207
GEO09B  1820   191   241   318   289   293   197   188   257   269   312
GEO09B  1830   239   245   240   258   258   112   208   257   243   181
GEO09B  1840   211   242   214   176   170   154   188   170   160   200
GEO09B  1850   154   264   150   267   155   165    96    71   104   117
GEO09B  1860   139    99   159   102   119    92   141   130   100   154
GEO09B  1870    77   112   136   120    76   136   125   102   140   124
GEO09B  1880   123   199   170   133   150   123    97   114   108   157
GEO09B  1890   134   123   178   188   109   136   123   206   123   143
GEO09B  1900   101    92   129   128   147   131    85   168   161   131
GEO09B  1910    73    88   142   100    64   102   103   100    72    81
GEO09B  1920    76    79    87    89   133   120   109   117   148   122
GEO09B  1930   107   106   114   101    95   145    96   112   109   120
GEO09B  1940    93   161   125   133   126   137   118   127   102   122
GEO09B  1950   111   126   104   112    95   117   102    99   116    98
GEO09B  1960   118    99   101   102   111   108   123   100    96   107
GEO09B  1970    93    92    97   111   118   107    99    61   110    98
GEO09B  1980    89   101   118    97    83   999
GEO10A  1822    30    42    61    22    34    37    36    33
GEO10A  1830    47    82    55    40    46    54    49    57    49    63
GEO10A  1840    74    90   132    79    81    77    96    87   135   114
GEO10A  1850   128   131    87   106   100   111    90    66    94   105
GEO10A  1860   108    67   152    81    94   113   139   101    89   187
GEO10A  1870    74   122   185   104    68   117   141   169   181   230
GEO10A  1880   237   310   237   256   219   200   101   113   174   252
GEO10A  1890   126    94   110   125    85    61   147   130   116   112
GEO10A  1900    92    86    84   123   169   167    96   169   144   111
GEO10A  1910    84    94   176   132    91   199   138   154   111   110
GEO10A  1920   124   117   147   103   212   120   116   154   230   109
GEO10A  1930   102    75   138   100    90   138   110   109   107   122
GEO10A  1940    79   151   131    97   107   121    97   130    53    89
GEO10A  1950    91    98    99    91    79   108    61    99   111    97
GEO10A  1960    60    81   119    77   108   111    90   100   100    93
GEO10A  1970   125    97    81    88    91    87    97    86    87   111
GEO10A  1980    89    85    86    87    82   999
GEO10B  1836    59    72    58    66
GEO10B  1840    66    52    84    64    65    62    74    63    94    90
GEO10B  1850   108   145    77   103    83   143    84    55    86    73
GEO10B  1860    89    75   145    87    79    72   135    99    80   144
GEO10B  1870    67    95   136    84    59   118   185   187   144   128
GEO10B  1880   126   163   150   135   148   143    80    93   146   259
GEO10B  1890   127   166   149   154    73    67   121   135   127    97
GEO10B  1900    97    86   116   166   261   207   135   205   152   150
GEO10B  1910    78   100   131   110    82   162   105   120   104   107
GEO10B  1920   162   141   179   139   215   122   103   157   178   112
GEO10B  1930   106    82   134   117    78   105    95    73    75    80
GEO10B  1940    54   115   130    84    95    93    84   108    47    69
GEO10B  1950    73    91    86    70    64   112    69    94   118    96
GEO10B  1960    84    84   115    73   118   115    95    82    92    88
GEO10B  1970    73    71    61    77    73    79    79    53    98    84
GEO10B  1980    85   114   132   128    87   999
GEO11A  1832    97   137   136   143   209   123    83   139
GEO11A  1840   209   145   158   153   210   220   221   173   211   241
GEO11A  1850   295   336   168   198   135   135   105    66   109   145
GEO11A  1860   133   105   178   133   176   153   242   219   161   248
GEO11A  1870   163   264   250   180   151   230   215   113   182   180
GEO11A  1880   192   183   209   202   215   230   143   135   167   289
GEO11A  1890   190   193   287   239   164   140   206   208   193   209
GEO11A  1900   138   122   138   170   223   227   163   240   226   215
GEO11A  1910   118   151   223   151   111   196   198   197   155   123
GEO11A  1920   163   155   210   153   260   213   161   182   234   182
GEO11A  1930   152   128   191   201   123   200   144   167   179   203
GEO11A  1940   132   235   248   221   202   199   156   253   117   184
GEO11A  1950   185   199   219   208   161   204   141   211   243   210
GEO11A  1960   170   183   210   211   185   176   186   173   155   126
GEO11A  1970   165   125   180   178   194   152   163   122   199   158
GEO11A  1980   157   212   170   191   194   999
GEO11B  1833   113   102   148   141   118    47   102
GEO11B  1840   121    85   156   109   170   115   136   131   157   160
GEO11B  1850   186   186   116   170   116   102    94    67    97   158
GEO11B  1860   109   124   169   136   227   183   252   206   150   220
GEO11B  1870   128   234   267   217   155   208   206   210   224   226
GEO11B  1880   223   267   216   208   197   163   107   145   171   209
GEO11B  1890   158   185   253   195   128   140   224   262   250   241
GEO11B  1900   136   156   247   201   284   202   158   259   212   192
GEO11B  1910   111   133   231   154   122   237   212   197   164   152
GEO11B  1920   213   174   202   157   216   181   186   193   244   202
GEO11B  1930   178   132   192   164   112   176   137   176   157   196
GEO11B  1940   109   218   200   223   201   212   174   211   105   169
GEO11B  1950   166   195   197   221   154   190   144   232   262   209
GEO11B  1960   192   220   224   190   221   176   141   188   149   208
GEO11B  1970   161   130   156   163   170   128   141   109   188   162
GEO11B  1980   164   195   170   157   151   999
GEO12A  1728    49    71
GEO12A  1730    93    58   132   128    59    72    53    62    65    79
GEO12A  1740    97   133    73    66    73   109    73    72    81    64
GEO12A  1750    85    84    66    53    86    89   116    80    79   139
GEO12A  1760   109   123   157   126   120   176   158   151   166   177
GEO12A  1770   189    80    87    91    87   145   128   122    97    90
GEO12A  1780    92   115    95    83    78    75    55    61    61    55
GEO12A  1790    65    58    57    67    68    73    64    68    69    58
GEO12A  1800    40    79   107    62    68    68    57    76    66    62
GEO12A  1810    66    77    57    76    81    48    41    45    34    42
GEO12A  1820    46    40    47    41    69    55    55    57    68    58
GEO12A  1830    64    64    64    59    65    61    73    52    67    79
GEO12A  1840    83    87    99    72    73    69    64    74    68    97
GEO12A  1850   107   134   115   128    92    85    93    75    78   115
GEO12A  1860    80    64    96    87   103    94   114   113   103   138
GEO12A  1870   100   107   108   103    69    96    75    66    94    90
GEO12A  1880   101   136   115   134   149   120    98    88   102   133
GEO12A  1890   112    99   145   147   108   108   117   170   149   134
GEO12A  1900   104   115    87   159   149   116   105   148   154   155
GEO12A  1910   107   111   127   124    94   158   143   111   105   122
GEO12A  1920   127   130   126   116   188   170   129   173   228   154
GEO12A  1930   129    99   184   159   108   210   133   156   142   144
GEO12A  1940   126   161   180   151   184   214   160   223   115   119
GEO12A  1950   104    78   105   110    93   114    82   108   111   119
GEO12A  1960   109   104   115    97   109   100   123   118   124   146
GEO12A  1970   155   122   105   148   176   139   145   101   159   143
GEO12A  1980   112   163   198   153   114   999
GEO12B  1770   204   103    95   103    92   178   122    87    81    87
GEO12B  1780    99    96    84    71    79    76    51    55    48    41
GEO12B  1790    50    45    46    50    49    52    44    46    40    45
GEO12B  1800    27    75   135    56    72    66    48    62    51    62
GEO12B  1810   120   118    59    71    92    48    45    50    50    61
GEO12B  1820    49    56    50    66    78    63    55    56    60    40
GEO12B  1830    52    46    67    71   106    88    89    93    80   114
GEO12B  1840   117    83   111    83   101    65    51    54    57    66
GEO12B  1850    61    91    64    82    74    59    53    56    65   105
GEO12B  1860    60    56    78    81    88    81   100   120    81   146
GEO12B  1870    82    82   119    78    72    92    99    81    90   110
GEO12B  1880   141   142   173   190   178   175   124   130   150   193
GEO12B  1890   150   130   164   139   132   116   156   172   163   156
GEO12B  1900   100   127   128   180   218   126   122   171   163   139
GEO12B  1910    91   118   176   132    99   213   152   137   109   128
GEO12B  1920   117   125   137   146   202   143   121   180   181   176
GEO12B  1930   163   117   161   165   103   193   139   164   143   147
GEO12B  1940   110   170   192   147   161   202   131   182   104   103
GEO12B  1950   104   113   103    86    82   103    80   112   148   156
GEO12B  1960   123    97   108    89   113   106    97   114   147   132
GEO12B  1970   143   109   105   146   140   140   133    98   159   148
GEO12B  1980   111   144   185   145   111   999
GEO13A  1732   125   136   134   107    76   123   188   130
GEO13A  1740   148   144   102    83   111   218   125   132    67   111
GEO13A  1750    89    96    77    33   138   128   116    77    69    89
GEO13A  1760   102   101    78   131    96   119   132    84   106    90
GEO13A  1770    67    42    36    68   111   108    54    55    40    52
GEO13A  1780    71   132    84    83    65    73    47    69    57    55
GEO13A  1790    83    60    89    98    97    91    82    82    59    56
GEO13A  1800    27    54   102    78    80   102    84    56    43    64
GEO13A  1810    80    95    51    83   115    52    28   110    78   119
GEO13A  1820   113   144   147   145   188   162   114   153   149   103
GEO13A  1830   192   142   185   199   162   182   209   191   178   174
GEO13A  1840   217   127   142   101   140   122   113   123   125   158
GEO13A  1850   173   226   106   139    98    93    96    82   107   131
GEO13A  1860    90    86    97    94    95    86   119   100    91   155
GEO13A  1870    80    88   145   129   101   188   156   160   196   177
GEO13A  1880   135   199   195   163   132   138    84    86   101   144
GEO13A  1890    98   129   174   115    69    68   120   156   132   121
GEO13A  1900    89   101   123   139   161   134    79   118   130   132
GEO13A  1910    78    68   113   106    69   127   112   129    80    79
GEO13A  1920    90    96    91    78   112   112    74    99   110   112
GEO13A  1930    90    70   117    94    57   106    74    83    98   107
GEO13A  1940    79   112   101    96    89   166   110   124    97   102
GEO13A  1950    96    94    87    80    54    90    61    85    68   104
GEO13A  1960    92    81    89    60    85    68    98    73    98    89
GEO13A  1970   109    84    84   118   114   102    99    68    88    87
GEO13A  1980    78   106   104    75    58   999
GEO13B  1770    56    30    36    45    99   135    79    85    38    55
GEO13B  1780    69   112    84    70    86    79    70    95    77    64
GEO13B  1790    67    53    73    69    87    70    81    82    71    47
GEO13B  1800    22    80   105    80    70    80    77    98    54    66
GEO13B  1810    82   106    60    70   102    54    37   109   103    97
GEO13B  1820    87   165   175   123   179   150    95   128   114    89
GEO13B  1830   161   194   221   205   166   170   204   202   212   196
GEO13B  1840   220   160   187   149   215   148   139   139   151   187
GEO13B  1850   227   274   136   231   130   133   145   109   155   171
GEO13B  1860   124   133   176   112   125   108   137   112   104   178
GEO13B  1870    87    98   114   123   113   220   184   176   200   209
GEO13B  1880   181   238   175   166   166   128    84    81   135   182
GEO13B  1890   117   112   163   139    90   101   176   191   154   163
GEO13B  1900   104    95   163   165   210   150    93   177   145   144
GEO13B  1910    89    93   137   126    85   201   137   150   104   105
GEO13B  1920   113   106   120   101   176   145   129   110   186   160
GEO13B  1930   152    95   112    88    61   126    82    92   100    86
GEO13B  1940    69   113   129   113   104   158   123   131   108   105
GEO13B  1950   121   113   111    98    74   105    81    99   103   112
GEO13B  1960    89    87   111    73    94   101   112   102   104    96
GEO13B  1970    73    82    98   112   101    82   100    82    88    68
GEO13B  1980    85   111   122    83    72   999
GEO14A  1755   199   196   180   150   202
GEO14A  1760   213   277   185   267   242   272   301   202   184   251
GEO14A  1770   168    59    83    99   201   300   220   281   154   157
GEO14A  1780   180   217   147   135   148   133    95   127   120   130
GEO14A  1790   160   113   159   150   184   153   144   201   167   105
GEO14A  1800    50   110   179   142   146   145   147   116    72    80
GEO14A  1810    99   126    67   104   150    85    47   123    83   109
GEO14A  1820    84    96   121   120   163   155   100   110   125    75
GEO14A  1830   131   135   118   144   105   130   180   181   135   140
GEO14A  1840   169   142   126   116   132   108   131   114   105   175
GEO14A  1850   172   209   114   172   102   107   102    78   132   178
GEO14A  1860   135   124   149   124   121   122   137   142   117   157
GEO14A  1870    90   129   132   113    93   204   168   159   173   174
GEO14A  1880   152   241   163   127   138   141    85    78   114   145
GEO14A  1890   110   120   172   126    81    76   117   142   114   149
GEO14A  1900    79    71   115   123   157   122    65   169   136   105
GEO14A  1910    60    70   128    89    60   155   138   102    72    83
GEO14A  1920    80    85    87    70   138   113   105   109   129   132
GEO14A  1930   107    76   113   101    60   151    74   101   107   116
GEO14A  1940    79   153   159   118   113   166   107   148   122   132
GEO14A  1950   140   158   131   117    74   150    94   126   129   119
GEO14A  1960   126   119   131    98   115   129   124   121   112   149
GEO14A  1970   120   128   146   189   175   153   117   105   179   127
GEO14A  1980   123   155   192   150   135   999
GEO14B  1739   170
GEO14B  1740   323   232   185   157   166   273   202   215    87   133
GEO14B  1750   162   174    74   109   156   157   151   105   116   193
GEO14B  1760   151   177   163   149   135   137   196   107   110   130
GEO14B  1770   124    60    64    69   109   187   117   116    83    87
GEO14B  1780   121   174   116    73    70    59    41    71    73    66
GEO14B  1790    85    65   111   116   155   165   140   161   130    91
GEO14B  1800    31    81   135    82   102    94   113   124    83    73
GEO14B  1810   103   127    58   104   133   102    47    83    94   111
GEO14B  1820    90   106   115   133   158   148   107   103   112    78
GEO14B  1830   140   112   108   134   114   122   125   157   130   161
GEO14B  1840   213   178   147   118   150   102    97    99   103   126
GEO14B  1850   170   214   116   182   103   104    89    86   113   145
GEO14B  1860   101   107   132   108    95   101   103    94    90   125
GEO14B  1870    88   121   136   120    86   122   133   146   135   131
GEO14B  1880   120   177   145   143   126   153   104    93   118   129
GEO14B  1890    86    92   134   141    73    63    97   124   146   133
GEO14B  1900    84    77    96   103   122   114    73   142   135   123
GEO14B  1910    68    71   100    87    71   109    97    89    69    88
GEO14B  1920    78    75    81    71   114    95    91   109   106    98
GEO14B  1930    82    66   104    81    58    97    67    88    89    65
GEO14B  1940    58    89    91    83   102   122    63   115    64    94
GEO14B  1950    83   113    97    88    68    87    64    94    96    89
GEO14B  1960    75    77    88    73    97    88   108    80    74    82
GEO14B  1970    82    77    87   110   109    94    83    63    88    71
GEO14B  1980    66    78    93    70    65   999
GEO15A  1755    99    79    94    81    90
GEO15A  1760    94   121    84    97    84   119   160    92    73    86
GEO15A  1770    57    66    49    70   148   125    87    99    37    54
GEO15A  1780    54    77    56    44    57    43    43    56    39    51
GEO15A  1790    47    43    50    39    44    42    42    36    41    44
GEO15A  1800    19    60    78    65    49    52    49    50    43    38
GEO15A  1810    38    57    54    66    84    57    32   103    56    51
GEO15A  1820    57    65   102    88   102    64    43    68    77    49
GEO15A  1830    79   144    83    62    54    61    86    87    55    95
GEO15A  1840    77    66   129    64    89    66    91    58    94   119
GEO15A  1850   143   203    69    91    77    86    90    61    99   291
GEO15A  1860   222   102   146   125   121    93   208   186   107   172
GEO15A  1870   118   125   141    87    53   149   150   163   196   155
GEO15A  1880   131   165   187   127   132   153    98    82   109   195
GEO15A  1890    82   135   176   153   100    76   168   178   156   141
GEO15A  1900    95    93   126   129   157   121    94   150   156   121
GEO15A  1910    91    83   184   108    61   157   118   121   102    75
GEO15A  1920   116    93   117   101   167   100   109   133   159   107
GEO15A  1930   101    69   129    96    79   118    86    89   113   103
GEO15A  1940    54   135   113    85   113   116   109   127    88   103
GEO15A  1950    94    91    86    78    62   101    87    86   103   103
GEO15A  1960   107    90   113    94   116   127   106    81    80    77
GEO15A  1970    95    68    84    98    97    91    88    68    89   101
GEO15A  1980    86    90    74    91    67   999
GEO15B  1833    77   100   128   155   235   224   186
GEO15B  1840   187   151   245   118    97   101   134   113   168   173
GEO15B  1850   245   426   125   187   152   204   117    85   116   186
GEO15B  1860   189   131   265   162   216   177   245   201   142   254
GEO15B  1870   162   208   186   151   119   259   245   220   290   278
GEO15B  1880   270   362   307   182   188   170   101   111   205   275
GEO15B  1890   153   193   250   204   154   101   249   316   216   221
GEO15B  1900   152   132   201   180   279   212   141   274   242   173
GEO15B  1910   141   129   236   143   108   222   167   147   112    99
GEO15B  1920   132   118   131   126   168   145   123   122   172   159
GEO15B  1930   148    95   155   119    84   152   105   121   146   128
GEO15B  1940    88   143   183   135   130   170   137   164   127   159
GEO15B  1950   143   150   128   116    93   150   124   128   139   134
GEO15B  1960   127   112   138   107   137   144   122   123   112   124
GEO15B  1970   119   113   119   130   122   116   112    92    90   103
GEO15B  1980   102   109   111   111    91   999
GEO16A  1738   173   140
GEO16A  1740   144   174    87    80   111   116   139   169   106   110
GEO16A  1750   121   122    82    74   128   103    90   116    98   101
GEO16A  1760   104    96   129   101    98   107   120    82    73    93
GEO16A  1770    92    79    81    95   132   151    95   185   116   101
GEO16A  1780   162   158    91    78    65    64    49    61    56    57
GEO16A  1790   120    78   108   101   167   117    74   110    88    75
GEO16A  1800    36    95   113    83   195    99    84    77    61    67
GEO16A  1810    70   106    53    86   145    79    33    68    63    77
GEO16A  1820    81    73    73    73   115    72    65    65   104    72
GEO16A  1830   148   245   165   198   208   213   157   191   158   157
GEO16A  1840   167    90   224   113   209   162   156   115   133   168
GEO16A  1850   180   257   209   232   163   207   137   107   147   154
GEO16A  1860   119   122   251   148   139   101   122   125    99   185
GEO16A  1870   105   142   184   124    86   147   160   191   154   183
GEO16A  1880   194   202   177   173   244   209   151   123   156   238
GEO16A  1890   145   145   209   145   108    96   189   210   169   171
GEO16A  1900   114   115   137   140   187   184   120   221   186   167
GEO16A  1910    95    96   133   109    88   163   130   120   100   109
GEO16A  1920   103   113   107   108   210   189   127   133   189   170
GEO16A  1930   160   119   166   142    89   181   107   106   109   113
GEO16A  1940    75   112   116    91    95    93    75    99    77    95
GEO16A  1950    73    94    88    96    79    94    61    98   106    93
GEO16A  1960    93    78   106    83   115   119   114    84    93   114
GEO16A  1970    93    94    82    86   124    96    93    67   106   100
GEO16A  1980    89   107    77    72    68   999
GEO16B  1765   107   148   114   108   129
GEO16B  1770   117    96    93   115   111   144   110   146   113   123
GEO16B  1780   120   156   101    90    78    78    82    85   102   104
GEO16B  1790   158    82   111    92   161   108    71    96    58    71
GEO16B  1800    38    58    98   142   191   121    89    72    47    58
GEO16B  1810    52   105    83    85   142    85    34    55    59    71
GEO16B  1820    82    75    73    67    68    73    53    86    97    63
GEO16B  1830   144   187   144   256   243   236   168   172   240   214
GEO16B  1840   225   139   219   128   175   133   157   143   144   157
GEO16B  1850   194   256   150   190   135   127   116   105   129   139
GEO16B  1860   109   109   186   124   150   131   159   128   121   181
GEO16B  1870   104   119   105    85    68   113   130   140   183   174
GEO16B  1880   155   239   243   229   226   208   129   119   151   216
GEO16B  1890   139   154   178   165   131   112   150   167   155   138
GEO16B  1900   103   105   141   147   204   190   119   189   194   150
GEO16B  1910    94    98   134   103    75   110   121    97    75    72
GEO16B  1920   103    81   109    91   139   148    99   105   144   112
GEO16B  1930   126    97   142   129    85   157    92    86    94   111
GEO16B  1940    63   118   122   104   106    92    82   110    84   108
GEO16B  1950    90    95   100   103    73    72    49    77    85    82
GEO16B  1960    93    87   106    64    97    88    99    88    92    96
GEO16B  1970    85   100   115   117   112    90    92    70    94   103
GEO16B  1980    78    75   102    81    86   999
GEO17A  1872   177   126   143   175   117   113   147   186
GEO17A  1880   132   145   120    87   134   147    97   120   120   129
GEO17A  1890    80    80   111   113    99    93    96   116   115   105
GEO17A  1900    70    68   131    83   102    98    76   112    99    91
GEO17A  1910    69    79    90    77    81   162   119   125   100   101
GEO17A  1920    84    90    93    94   124   107    80    97   100    86
GEO17A  1930    88    75   138   130    69   169   106   148   153   125
GEO17A  1940    71   139   141   113   129   159    88   174   114   116
GEO17A  1950   141   150   127   133   125   131    81   100   140   136
GEO17A  1960   127   104   138   134   131   127   139   162   140   153
GEO17A  1970   109    77    78    82    85    77    78    57    75    82
GEO17A  1980    86   128   105   102    69   999
