LKA01A  1901  1134  1331  1285  1897  1513  1735  1563   955   478                
LKA01A  1910   354   292   295   405   366   752  2831  2244  1159  3222          
LKA01A  1920  3672  3623  4360  3552  5220  4322  4557  3917  4920  3274          
LKA01A  1930  3374  2263  3317  2295  1689  2006  1646  2333  2774  1975          
LKA01A  1940  1265  1667  3092  2067  1791  2167  2096  2927  1934  1973          
LKA01A  1950  1658  1614  1273  1602  1198  1883   935  2592  3118  2647          
LKA01A  1960  2588  2432  3324  1903  2009  2342  2636  3218  1848  2041          
LKA01A  1970  2264  2394  2186  1784  1538  1991  1618   971  1618  1637          
LKA01A  1980  2162  1791  1856  1889  1751  2134  1906  1404  1081   775          
LKA01A  1990  1146  1031  1109  1732  1038  1027  1063   979  1072  1527          
LKA01A  2000  1243  1221  1405   818  1089  1690  1153  1301  1602   776          
LKA01A  2010  1276  1064   881  1214   818  1123  1195  1332  1024 -9999          
LKA01B  1900  1520  1497  1680  1785  2368  1649  2207  1933  1226   799          
LKA01B  1910   786  2035   757  1566  3489  2760  2541  2793  3892  4305          
LKA01B  1920  3661  6043  5963  5155  6477  4837  4109  3348  4258  2628          
LKA01B  1930  2873  1992  2499  1736  1872  2476  1703  1783  2006  1696          
LKA01B  1940  1872  1876  2388  2112  1820  2033  1606  2456  2480  2618          
LKA01B  1950  1770  2439  1597  2093  1602  1695  1065  2763  3834  2141          
LKA01B  1960  3414  2499  3123  2280  2351  2008  2706  3021  1736  2267          
LKA01B  1970  2629  2835  2483  2255  2511  2711  2345  1096  2151  2117          
LKA01B  1980  2215  2140  2833  2595  2805  2515  2600  1860  1428   951          
LKA01B  1990  1629  1206  1266  1526  1067  1575  1097  1126  1094  1493          
LKA01B  2000  1258  1367  1325   911  1272  1394  1067  1127  1563  1167          
LKA01B  2010  1197  1401   806  1385   837  1109  1189  1168   948  1509          
LKA01B  2020 -9999                                                                
LKA02A  1896 13321  8849  6305  4437                                              
LKA02A  1900  1964  1431  1468  2264  2434  1735  1749  2551  2181  2237          
LKA02A  1910  1938  1797  2288  2404  1761  5607  5882  2896  1636  2313          
LKA02A  1920  3008  1584  2206  1565  2536  1909  1686  1802  2373  1334          
LKA02A  1930  1540  1318  1703  1691   927  1732  1173  1155  1193  1127          
LKA02A  1940   842  1114  1178   953  1281  1363  1058  1562  1260  1336          
LKA02A  1950  1510  1141  1351  1739   953  1333   702  1216  1547  1390          
LKA02A  1960  1617  1230  1215  1000  1044  1142  1237  1472  1236  1193          
LKA02A  1970  1342  1138  1185  1447  1357  1363  1035   662  1109  1012          
LKA02A  1980  1083   979  1181   964   923   922  1118  1096   952   906          
LKA02A  1990  1184   919  1022  1059  1273  1045   823   812   773  1090          
LKA02A  2000   907   941   943   582   713   819   817   868  1100  1122          
LKA02A  2010  1111   974   668  1093   529   849   728   736   757 -9999          
LKA02B  1858  2700  4642                                                          
LKA02B  1860  3789  1678  1701  1564  1229   819  1389  1311  1115  1497          
LKA02B  1870   922   976  1402   820   732   779   896   901   941   764          
LKA02B  1880   921   616  1603  1533  1704  2316  2309  3143  3727  5631          
LKA02B  1890  3375  3699  4321  3230  2349  3384  3385  2316  3134  2954          
LKA02B  1900  2307  1552  2489  3349  2592  1843  2297  3198  2410  1832          
LKA02B  1910  2605  1746  2466  2165  1120  2617  3303  2178  1908  2554          
LKA02B  1920  2223  2040  2852  2985  3622  2694  2811  2339  3781  1762          
LKA02B  1930  2425  1887  2301  1930  1462  3381  1420  2021  1578  1555          
LKA02B  1940  1107  1559  2007  1322  1428  1845  1124  1197  1213  1388          
LKA02B  1950  1304  1390  1162  1308  1141  1396   833  1036  2155  1327          
LKA02B  1960  1280   956  1559  1022  1515  1084  1286  1748  1629  1424          
LKA02B  1970  1159  1038  1438  1079  1110  1033   897   799  1725  1315          
LKA02B  1980  1322  1261  1590  1166  1074  1232  1580   947   925   930          
LKA02B  1990  1286   976  1250  1119  1031  1154   971  1021   803   952          
LKA02B  2000  1203  1080   950   621   797   724   684   720   882   848          
LKA02B  2010  1009   939   711   782   668   738   609   610   438 -9999          
LKA03A  1912  2317  2635  3470  5841  7495  7671  8022 13873                      
LKA03A  1920  9088  4912  3274  3246  5750  5708  6182  4451  4408  1864          
LKA03A  1930  3106  2733  4228  4200  2075  4062  2396  3353  2109  2260          
LKA03A  1940  1528  2046  2033  2335  3318  3549  3466  3194  2262  2446          
LKA03A  1950  2681  2999  2096  1693  1286  1320   945  1404  2163  1902          
LKA03A  1960  1612  2267  2151  1628  1339  1424  2441  2559  2282  2132          
LKA03A  1970  1804  1766  1409  1766  1888  1993  1694   973  1512  1450          
LKA03A  1980  1420  1746  1906  1805  1301  1390  1454  1505  1154   902          
LKA03A  1990  1163  1066  1095  1848  1484  1706  1631  1857  1579  2257          
LKA03A  2000  1232  1153  1957  1639  1457  1979  1321  1033  2008  1559          
LKA03A  2010  1390  1403  1649  2354  1159  1987  1987  1734  1569 -9999          
LKA03B  1903  4085  4162  2465  2060  2530  2470  2385                            
LKA03B  1910  2713  2286  1779  1404  2762  5794  6218  2789  2107  3756          
LKA03B  1920  3372  1898  1815  2369  4814  4378  3736  2497  2591  2103          
LKA03B  1930  2743  2071  4154  3279  1384  3119  1818  2486  1971  2345          
LKA03B  1940  1834  2552  3069  2347  2537  1696  2060  2260  1434  1749          
LKA03B  1950  2032  3510  2897  1998  1141  1202   651  1046  1865  1292          
LKA03B  1960  1806  1474  1586   980  1080   960  1332  1460  1305  1247          
LKA03B  1970  1804  1234  1034  1765  1335  1644  1209   739   781  1059          
LKA03B  1980   978  1144  1703  1417  1088  1072  1242  1260   884   743          
LKA03B  1990  1212  1253  1146  1245  1028  1257   996  1159  1485  1235          
LKA03B  2000   764   778   749   725   876  1024   736   856  1233   907          
LKA03B  2010  1142   902  1073  1152   987   940   914  1036   808 -9999          
LKA04A  1903  4359  4431  3125  3484  4394  3864  5154                            
LKA04A  1910  4622  4191  3957  2859  1930  4486  3359  2628  1704  1999          
LKA04A  1920  3261  1646  1859  2517  3025  2592  3176  2169  3143  1750          
LKA04A  1930  1688  1527  1895  1795  1017  1925  1355  1891  1752  1819          
LKA04A  1940  1374  2086  2559  3007  1933  2123  2493  2323  2250  2662          
LKA04A  1950  1787  2839  1996  2005  1916  1753   779  1692  2406  2223          
LKA04A  1960  2528  1846  2208  1557  1900  2226  2120  1940  1754  2158          
LKA04A  1970  2464  1248  1766  1617  1817  1728  1832  1127  2272  1556          
LKA04A  1980  1291  1886  2063  1226   978  1209   997  1052   760   547          
LKA04A  1990   986   993   831  1357   910  1163   967   974  1050   976          
LKA04A  2000   903   941   983   973   793   966  1042   861   874   716          
LKA04A  2010   642   928   857   829   698   764   573   645   517 -9999          
LKA04B  1900  1527  1731  1878  2611  2659  3351  4370  4856  4893  5558          
LKA04B  1910  5135  3336  3973  3945  2471  3566  2791  2229  1841  2392          
LKA04B  1920  2411  1689  2028  1956  2702  2166  2102  2151  2425  1353          
LKA04B  1930  1512  1309  1467  1211   879  1361  1264  1361  1488  1485          
LKA04B  1940  1128  1399  2229  1585  1811  2021  2194  2380  2099  1884          
LKA04B  1950  1197  2155  1596  1165  1015  1475   785  1119  1821  1666          
LKA04B  1960  2153  1983  1539  1232  1246  1411  1307  1349  1192  1368          
LKA04B  1970  1497  1052  1210  1678  1716  1745  1705  1047  1525  1320          
LKA04B  1980  1973  2507  2105  1782  1607  1837  1547  1873  1205   762          
LKA04B  1990  1437  1469  1293  1692  1574  1821  1307  1602  1867  1871          
LKA04B  2000  1163  1008  1343  1044  1033   906  1021   708  1260   754          
LKA04B  2010   906   687   809   849   754   571   656   526   721 -9999          
LKA05A  1902  3322  1068  3070  2745  3603  4445  3908  3924                      
LKA05A  1910  1765  2193  1801  2057   781  2227  3141  2265   976   909          
LKA05A  1920   935  1045  2374  2637  3451  2983  3766  3632  3516  1896          
LKA05A  1930  1836  1440  1865  1671   955  2259  1631  2245  1770  1593          
LKA05A  1940  1152  1927  2800  2454  2262  2723  2269  2835  2743  3007          
LKA05A  1950  2245  2528  2479  2237  1592  1942   799  1458  2397  2050          
LKA05A  1960  2048  1699  2325  1547  1367  1596  1903  2231  1983  2228          
LKA05A  1970  2359  1829  2043  1399  2076  2130  2266  1412  2477  2845          
LKA05A  1980  1874  2149  3179  2320  2854  2523  2839  2022  1368  1040          
LKA05A  1990  2474  1654  2031  2526  2246  2162  2214  2166  2408  2296          
LKA05A  2000  1904  2582  1891  2053  2192  2212  1194  1860  2788  2615          
LKA05A  2010  2478  2692  1753  3320  1606  2456  2262  1635  1296 -9999          
LKA05B  1905  3253  1907  1559  1576  2695                                        
LKA05B  1910  3188  3558  2012  2954  2824  1273  2468  2590  2354   694          
LKA05B  1920  2512  1500  2079  1916  3237  2452  2267  2254  2006  1271          
LKA05B  1930  1395  1057  1315  1399   764  2219  1385  2176  1776  1663          
LKA05B  1940   958  1408  2038  2913  1901  2550  2904  2603  2545  2697          
LKA05B  1950  2602  2398  2298  2453  1805  2217   851  1656  2522  2034          
LKA05B  1960  2129  1699  2514  1871  1868  2340  2737  3954  2740  3647          
LKA05B  1970  2772  2592  2133  1750  2596  2294  2783  1631  3469  3398          
LKA05B  1980  2536  3039  3866  2683  3146  3511  3979  3111  1957  1309          
LKA05B  1990  2829  1948  2158  2944  2593  2882  2445  1962  2274  1934          
LKA05B  2000  1815  2142  1912  2233  1767  2092  1519  2188  2705  2165          
LKA05B  2010  2402  2673  1860  2931  1862  2502  2441  1648  1605 -9999          
LKA06A  1907  4483  4146  2571                                                    
LKA06A  1910  2869  1551  3337  4501  3369  6255  4787  3428  3894  5814          
LKA06A  1920  6288  6682  7102  4815  6150  5165  5943  4134  4372  2559          
LKA06A  1930  2299  1905  2840  2310  2120  4670  2489  2290  2480  2589          
LKA06A  1940  2066  2703  3751  2744  3183  2896  2815  2985  2419  2387          
LKA06A  1950  2209  2614  1815  2209  1796  2416  1139  1939  2916  2688          
LKA06A  1960  2684  2660  2661  2311  2753  2737  2138  1895  2028  2654          
LKA06A  1970  2499  1503  1780  1888  1645  2055  2116  1181  1746  2429          
LKA06A  1980  1838  1640  1684  1474  1336  2114  1982  1626  1194  1056          
LKA06A  1990  1459  1209  1371  1679  1536  1532  1205  1201  1449  1604          
LKA06A  2000  1459  1531  1671  1105  1342  1925  1594  1239  1687  1352          
LKA06A  2010  1439  1443  1597  1844  1184  1572  1657  1715  1118 -9999          
LKA06B  1915 11938 10851  7133  7556  7830                                        
LKA06B  1920  9142  8775  7939  6220  7307  7013  6774  4692  4959  2924          
LKA06B  1930  2561  2037  3259  3409  2034  3553  2563  2711  2653  2645          
LKA06B  1940  2007  3148  2867  2395  3506  2888  2781  2638  2437  1716          
LKA06B  1950  2018  2357  1727  1791  1187  1475   904  1141  1728  1548          
LKA06B  1960  1574  2631  2746  1693  1864  2018  2012  1401  1596  1841          
LKA06B  1970  2145  1475  2372  1934  1974  2084  1976  1301  2067  2813          
LKA06B  1980  1934  1835  1729  1653  1641  1788  1907  1476  1186   903          
LKA06B  1990  1503   940  1621  1617  1139  1157   991  1132  1086  1244          
LKA06B  2000  1276  1178  1399  1293  1010  1409  1118  1047  1532  1463          
LKA06B  2010  1166  1359  1405  1847  1121  1502  1501  1348   822 -9999          
LKA07A  1899  2290                                                                
LKA07A  1900  4018  2649  3829  3554  1274  4098  3819  2922  3105  3588          
LKA07A  1910  3986  2393  2761  2634  2716  5230  4435  2660  2434  4333          
LKA07A  1920  3020  2401  2782  2297  3665  2746  3089  2726  2387  1367          
LKA07A  1930  2144  2392  3538  2573  1417  2519  1567  1957  1850  1662          
LKA07A  1940  1180  1710  2392  1568  1478  2091  1835  1915  1908  2002          
LKA07A  1950  2013  2006  1677  1542  1475  1446   756  1178  1359  1353          
LKA07A  1960  1339   705  1231   927   849   974  1066  1486  1612  1295          
LKA07A  1970  1294  1112  1160   830  1123  1071  1156   719  1224  1155          
LKA07A  1980   965   924  1075  1091  1000  1261  1284  1090   923   786          
LKA07A  1990  1320  1203  1737  1902  1759  1741  1299  1213  1608  1474          
LKA07A  2000  1041  1427  1199  1128  1330  1464  1230  1737  1755  1725          
LKA07A  2010  1396  1248  1226  2121  1145  1635  1036  1049   980 -9999          
LKA07B  1899  2910                                                                
LKA07B  1900  3313  2612  3460  2879  1944  1902  1408  1706  2127  2885          
LKA07B  1910  4121  2639  2645  3575  2164  5479  4024  2431  1809  2555          
LKA07B  1920  3215  2706  3433  3167  3831  3212  3501  2605  2704  1560          
LKA07B  1930  2072  2028  2592  2049  1319  2438  1558  1714  1570  1609          
LKA07B  1940  1214  1590  2444  2149  1612  2073  1997  2443  2085  1579          
LKA07B  1950  1982  2039  1484  1555  1559  1317   635  1182  1461   924          
LKA07B  1960  1165   756   957   748   636   709   710  1233   992  1195          
LKA07B  1970  1000   920   762   777   864   707   695   627   962  1007          
LKA07B  1980   877   922  1194   965   845  1026  1008   855   937   739          
LKA07B  1990  1319  1163   942  1376  1304  1021   887   920  1365  1435          
LKA07B  2000  1035  1124  1164  1352  1227  1300  1106  1169  1792  1393          
LKA07B  2010  1103  1203  1227  1853  1242  1530  1464  1235   962 -9999          
LKA08A  1898  2042  1464                                                          
LKA08A  1900  4168  1846  3731  4260  2405  2522  3230  2226  3269  3126          
LKA08A  1910  1638  1770  2163  3761  2582  5982  4817  3233  2216  5080          
LKA08A  1920  6172  6418  5013  3302  5196  5060  4546  3687  3170  1337          
LKA08A  1930  1671  1658  2757  2797  1551  2411  1691  2702  1422  1208          
LKA08A  1940  1039  1944  2724  1861  1754  1989  1560  1882  1602  1460          
LKA08A  1950  1623  2242  1605  1612  1325  1430   752  1417  1670  2040          
LKA08A  1960  1935  1422  1789  1445  1461  1312  1979  2126  2045  1871          
LKA08A  1970  1667  1592  1847  1565  2157  1783  1315  1001  1585  1560          
LKA08A  1980  1504  1799  1933  1489  1301  1785  2158  1323  1242   830          
LKA08A  1990  1274   897   911  1625  1641  1666  1247  1327  1666  1668          
LKA08A  2000  1276  1351  1278  1072   910  1359  1159  1005  1571  1376          
LKA08A  2010  2143  2167  1746  1934  1502  2635  1912  1760  1378 -9999          
LKA08B  1905  6440  4895  3369  3031  2489                                        
LKA08B  1910  2884  2014  2807  4050  2840  4721  3955  2606  2674  3914          
LKA08B  1920  4635  4951  3935  4434  5891  4707  4531  3326  2977  1274          
LKA08B  1930  1528  1899  3274  2997  1637  2837  1559  1755  1338  1124          
LKA08B  1940   940  1297  2144  2035  2088  2261  1835  1774  1843  1477          
LKA08B  1950  1468  2238  1536  1583  1233  1539   899  1210  1384  1706          
LKA08B  1960  1631  1368  1870  1342  1342  1199  1635  1598  1585  1654          
LKA08B  1970  1612  1355  1651  1563  1958  1549  1531   960  1784  1529          
LKA08B  1980  1167  1819  1715  1517  1168  1487  1623  1385  1205   790          
LKA08B  1990  1283  1200  1226  1651  1400  1311  1141  1306  1140  1435          
LKA08B  2000  1169  1177  1018  1284  1012  1351   988   901  1496  1393          
LKA08B  2010  1530  1469  1331  1661   959  1708  1425  1441  1111 -9999          
LKA09A  1875  1830  1630  1240  1073  1586                                        
LKA09A  1880  1074  1282  1267  1423  1314  1473   962  1263  1551  1959          
LKA09A  1890  1721  1112  1634  1588  1628  1987  6445  5164  4709  5096          
LKA09A  1900  5164  3281  3195  3881  4935  3016  3068  3046  3145  1693          
LKA09A  1910  2046  1069  1725  1262   885  1975  1535  1021   753   733          
LKA09A  1920  1009   929  1054  1110  1246  1149  1398  1434  1541  1516          
LKA09A  1930   995  1043  1399  1031   597  1455   685  1013   913  1117          
LKA09A  1940   648   816  1108  1424   958  1851  1477  1220  1296  1501          
LKA09A  1950  1286  1672  1464  1267   886   966   516   657   962  1161          
LKA09A  1960  1043   854  1416   737   872   751   934  1442   878  1237          
LKA09A  1970  1151   913  1016   735   873   866   813   477  1392   969          
LKA09A  1980   864   853  1080   761  1008   868   963   827   629   562          
LKA09A  1990  1079   689   885   907   889   842   681   748   819   929          
LKA09A  2000   520   838   799   811   489   697   575   480   881   685          
LKA09A  2010   691   756   601   678   500   705   578   501   572 -9999          
LKA09B  1886  1431  1704  2633  3008                                              
LKA09B  1890  1013  1570  1794  1709  1698  3255  5154  4610  4751  5787          
LKA09B  1900  3979  2110  3772  4902  4421  4331  4184  4284  3041  2404          
LKA09B  1910  2149  1120  2473  1500   713  1818  1638  1202  1370  1473          
LKA09B  1920  1634  1104  1668  1249  2052  1592  1780  1867  2237  1768          
LKA09B  1930  1296   937  1572  1035   606  1764   952  1286  1096  1304          
LKA09B  1940   810  1049  1357  1534  1206  1436  1676  1439  1338  1478          
LKA09B  1950  1426  1569  1673  1246   955  1011   690   785  1092  1153          
LKA09B  1960  1115  1038  1467   910   978  1080  1214  1343  1053  1140          
LKA09B  1970   967  1132  1193   731  1326  1171   785   602  1403  1243          
LKA09B  1980   925  1192  1306  1072   803   835   958  1055   743   563          
LKA09B  1990  1034   659   970   844   695   843   648   809   617   815          
LKA09B  2000   632   634   598   712   739   810   528   568   779   889          
LKA09B  2010   703   852   573   896   858   719   754   529   625 -9999          
LKA10A  1883   860   751  1187   900  1142  1616  1112                            
LKA10A  1890   731   659  1346  1581  2221  3646  5460  4562  3779  3886          
LKA10A  1900  4443  3906  3116  4428  5488  3632  3669  4102  3599  3853          
LKA10A  1910  2944  1428  1781  1973   929  1831  2207  2024  1279  1482          
LKA10A  1920  1450  1448  1563  1557  2046  1877  2141  1875  2325  1939          
LKA10A  1930  1404  1076  1705  1006   741  1371  1078  1344  1045  1098          
LKA10A  1940   759   998  1490  1396  1266  1542  1852  1806  1807  1672          
LKA10A  1950  1327  1955  1639  1562  1375  1470   889  1257  1794  1925          
LKA10A  1960  1629  1712  2264  1396  1544  1614  1827  1433  1744  1564          
LKA10A  1970  1463  1523  1926  1830  1750  1852  1577   851  2228  1726          
LKA10A  1980  1528  1592  2053  1736  1453  2346  2184  1880  1068   847          
LKA10A  1990  1856  1368  1522  1891  1546  1930  1384  1453  1370  1707          
LKA10A  2000  1168  1492  1586  1180  1363  1390  1088  1563  1867  1311          
LKA10A  2010  1594  1734  1173  1829  1322  1676  1252   981  1002 -9999          
LKA10B  1903  8651 10552  7666  6129  7001  5124  4794                            
LKA10B  1910  4025  1832  2212  2520  1147  2395  2289  2615  1753  1961          
LKA10B  1920  1960  1650  1692  1425  1899  2640  2629  2622  2955  2642          
LKA10B  1930  2335  1838  2474  1771  1102  2064  1644  1644  1427  1599          
LKA10B  1940  1342  1621  2184  1810  1560  1731  1511  1717  1833  1650          
LKA10B  1950  1352  1722  1342   425   927  1142  1220   768  1415  1933          
LKA10B  1960  1809  2025  1809  1210  1569  1772  2076  1617  1872  1784          
LKA10B  1970  1741  1811  1783  1424  1840  1338  1630   858  1775  1640          
LKA10B  1980  1435  1711  1995  1514  1403  1715  1714  1676  1118   884          
LKA10B  1990  1654  1194  1373  1438  1197  1544  1324  1248  1424  1496          
LKA10B  2000  1124  1674  1543  1545  1358  1498   946  1550  1777  1435          
LKA10B  2010  1511  1484   980  1852  1363  1394  1296  1137  1064 -9999          
LKS01A  1850    97   150    87   167   107    95    95   100   111   161
LKS01A  1860   110   139   157   131   112   124   144   141   106   124
LKS01A  1870   102   143   142   138    92   111   109    99   106   134
LKS01A  1880   121   169   146   119   130   124   102   126   153   175
LKS01A  1890   133   153   266   258   142   141   127   179   149   124
LKS01A  1900   152   157   149   143   135   144   109   152   148   174
LKS01A  1910   109   100   119   116   101    98   104   124    92   124
LKS01A  1920   109    98   102   115   148   118   112   126   123   101
LKS01A  1930    88    90    80   104    78    97    93    99    97    93
LKS01A  1940    87    96    99   101    97   104    95   115    96   111
LKS01A  1950   126   134   105   108    88    79    62   108   100    91
LKS01A  1960    97    81    88    75    84    93    95    73    71    79
LKS01A  1970    73    72    72    75    75    74    65    45    58    55
LKS01A  1980    65    53   999
LKS01B  1889   374
LKS01B  1890   316   313   586   627   494   591   583   422   414   356
LKS01B  1900   186   409   828   533   377   471   252   360   340   196
LKS01B  1910   139   160   279   156   129   202   176   194   140   161
LKS01B  1920   162   131   122   131   158   149   142   153   160   125
LKS01B  1930   127   116   135   143    96   142   121   143   126   112
LKS01B  1940   110   146   140   152   135   167   158   179   160   187
LKS01B  1950   169   174   136   137   115   128    93   130   146   127
LKS01B  1960   148   106   139   127   137   157   145   148   132   156
LKS01B  1970   151   129   155   145   148   140   111   100   132   112
LKS01B  1980   130   108   999
LKS02A  1849   259
LKS02A  1850   136   218   148   148   139   149   107    98   104   113
LKS02A  1860    85    91   114    99    87    65   160   125    84   104
LKS02A  1870    93    86   115   102    71    92   117   125   155   157
LKS02A  1880   105   120   133   113   130   125   123   124   193   281
LKS02A  1890   309   373   413   361   252   235   343   348   395   312
LKS02A  1900   249   220   290   282   346   277   213   269   277   257
LKS02A  1910   170   160   311   251   222   306   308   248   126   161
LKS02A  1920   179   173   172   168   188   160   142   172   210   154
LKS02A  1930   116    90   113   131    95   160   128   120   122   106
LKS02A  1940   117   178   177   134   142   183   136   163   173   180
LKS02A  1950   180   183   146   185   140   151    71   157   125   141
LKS02A  1960   156   142   137   148   135   143   149   143   137   143
LKS02A  1970   131   113   119   160   149   136   122   102   147   118
LKS02A  1980   123   124   999
LKS02B  1855   166   184   120   156   127
LKS02B  1860    87   136   185   110   107   169   111   106    79   162
LKS02B  1870    91    98   164   121    69   129   147   118   167   157
LKS02B  1880   125   160   179   120   149   146   126   152   219   267
LKS02B  1890   250   450   528   417   260   314   447   524   553   530
LKS02B  1900   341   295   633   640   704   566   431   602   564   586
LKS02B  1910   352   308   565   453   385   636   556   380   276   256
LKS02B  1920   459   392   452   385   525   359   386   334   460   302
LKS02B  1930   237   156   235   206   129   360   155   212   192   177
LKS02B  1940   147   276   302   236   247   259   232   249   281   251
LKS02B  1950   256   271   230   237   240   192   101   208   221   152
LKS02B  1960   228   151   166   174   178   177   184   191   188   216
LKS02B  1970   144   150   201   214   214   178   163   124   233   149
LKS02B  1980   178   146   999
LKS03A  1762    31    30    45    46    65    36    54    45
LKS03A  1770    30    43    24    27    52    66    52    59    39    37
LKS03A  1780    60    31    12    16    49    39    24    49    44    19
LKS03A  1790    20    16    23    18    26    33    22    33    40    15
LKS03A  1800    15    26    50    21    39    35    22    24    38    30
LKS03A  1810    32    26    18    44    57    32    14    51    36    50
LKS03A  1820    81    88   121   102   148   128   108   117   130   112
LKS03A  1830    67    85   106   184   158    95   124   176   151   159
LKS03A  1840   248   237   208   195   337   206   195   168   188   246
LKS03A  1850   242   267   210   226   204   210   156   193   233   237
LKS03A  1860   146   185   252   142   119   147   191   170   135   204
LKS03A  1870   165   155   126   109    90   107    93   123   129   167
LKS03A  1880   141   200   257   268   305   259   201   245   323   270
LKS03A  1890   224   274   371   250   187   267   265   304   324   258
LKS03A  1900   153   158   189   194   215   176   130   203   122   148
LKS03A  1910    64   150   183   197   144   186   213   189   158   166
LKS03A  1920   276   151   194   161   236   184   204   172   200   111
LKS03A  1930   209   134   162   149   112   151   135   112   103   132
LKS03A  1940    92   151   151   117   128   126    81   143    97   127
LKS03A  1950   121   155   114   129    77    81    66    96    89   102
LKS03A  1960    94    80   102    77   113    76    91    77    88    92
LKS03A  1970   101    80    84    94    79    91    65    59    78    71
LKS03A  1980    71    52   999
LKS03B  1839   268
LKS03B  1840   268   306   324   242   371   263   299   279   341   345
LKS03B  1850   265   377   270   285   216   292   241   173   158   225
LKS03B  1860   161   191   299   190   195   260   250   190   128   215
LKS03B  1870   145   122   128   120   121   115   137   141   130   143
LKS03B  1880   123   185   289   345   284   254   186   230   343   381
LKS03B  1890   261   290   381   289   171   214   254   356   362   269
LKS03B  1900   140   142   246   269   277   239   220   274   234   203
LKS03B  1910   108   155   261   213   174   262   317   242   199   224
LKS03B  1920   250   171   258   255   374   262   265   221   294   172
LKS03B  1930   213   199   281   200   168   266   213   198   241   219
LKS03B  1940   152   245   310   240   196   269   185   280   230   265
LKS03B  1950   241   280   233   216   192   202   105   165   330   247
LKS03B  1960   197   174   194   174   202   173   236   209   172   249
LKS03B  1970   179   137   185   180   233   201   169   135   248   155
LKS03B  1980   172   154   999
LKS04A  1772    68   103   156   125   141   141   104    79
LKS04A  1780    86   121    82    49    77    63    46    52    51    40
LKS04A  1790    61    37    50    56    60    74    65   108    85    59
LKS04A  1800    38    83   111    75    69    78   193   191   189   123
LKS04A  1810   111   113    74    77    92    55    34    48    45    47
LKS04A  1820    63    65    64    66    74    61    57    52    82    63
LKS04A  1830    60    54    55    56    80    69    94   118   102   159
LKS04A  1840   173   180   189   155   182   125   121   107    98   149
LKS04A  1850   108   177   131   131   130   140   123   108   147   150
LKS04A  1860   101   124   139   106    96   126   173   125   127   168
LKS04A  1870    75    92   102   120   104   140   128   129   126   139
LKS04A  1880   107   156   190   140   120   109   100    75   106   142
LKS04A  1890   107   126   146   170   152   216   246   255   264   214
LKS04A  1900   122   144   208   294   363   402   334   452   447   420
LKS04A  1910   177   236   324   281   245   346   295   295   195   296
LKS04A  1920   272   241   280   263   356   313   370   407   452   321
LKS04A  1930   312   242   280   283   184   456   233   266   224   202
LKS04A  1940   191   300   385   369   372   420   233   377   332   407
LKS04A  1950   352   388   307   251   164   205   104   169   239   234
LKS04A  1960   193   117   101    96    89    95    95   109   108   126
LKS04A  1970   109    99    76    90    77    75    57    72    95    85
LKS04A  1980   100   105   999
LKS04B  1762   101    92   111   116   177   116   141   101
LKS04B  1770    86    71    53    76    99    97    90   100    59    56
LKS04B  1780    81    72    68    38    62    44    40    42    29    37
LKS04B  1790    45    35    40    46    71    73    55    88    76    41
LKS04B  1800    29    61   114    79    77    89    94    64    69    63
LKS04B  1810    65    90    76    76   142    75    48    78    66    71
LKS04B  1820    87    93    63    70    82    52    36    49    65    45
LKS04B  1830    44    39    43    37    48    59    60    90    76   117
LKS04B  1840   101    91   108    85   139    78    91    79    70   107
LKS04B  1850    69    82    50    52    78   103    80    86   107    97
LKS04B  1860    60    81   104    63    68    68   101    87    69   100
LKS04B  1870    58    48    63    96    89    90    77    78    70    79
LKS04B  1880    71    91    84    82    72    75    46    49    86    92
LKS04B  1890    66    58    99   139   121   166   243   258   218   198
LKS04B  1900   156   132   130   179   305   298   248   266   303   255
LKS04B  1910   208   185   201   185   137   276   193   153   103   107
LKS04B  1920   110   105   104   124   202   200   276   200   213   145
LKS04B  1930   158   138   205   152   111   287   157   215   175   209
LKS04B  1940   135   195   323   257   191   279   221   225   246   298
LKS04B  1950   251   241   195   169   125   150    81   126   132   133
LKS04B  1960   112    90   116    88    76    74    97    85    70    70
LKS04B  1970    59    70    45    76    66    55    46    46    52    57
LKS04B  1980    61    74   999
LKS05A  1775    78    56    68    52    73
LKS05A  1780    70    56    34    36    46    31    35    35    37    48
LKS05A  1790    61    35    64    53    91   124    79   100   113    90
LKS05A  1800   118   236   154   148   214   239   202    98   188   121
LKS05A  1810   106   142   141   113   183    92    78   160   141   100
LKS05A  1820    94   107   119   108   163   160   121   143   127    77
LKS05A  1830    91    70    96   138   107   133   138   169   155   152
LKS05A  1840   202   128   139   117   171   106    98    80    61   101
LKS05A  1850    87   108    91    79    78    89    53    39    56    62
LKS05A  1860    46    70    86    68    55    55    71    87    69    57
LKS05A  1870    53    48    59    57    51    55    53    38    49    53
LKS05A  1880    46    53    62    40    62    54    57    52    63    56
LKS05A  1890    51    58    65    71    62    77   108   100   104    79
LKS05A  1900    71    90   122   143   136    92    84    98   112   123
LKS05A  1910    72    87   106   112    76   133   111    92    69    92
LKS05A  1920   103    87    95    97   116   108    90   120   132    91
LKS05A  1930    71    82    87    78    75   159    84   142   123   124
LKS05A  1940    81   138   141    95   109   115    93   115    83   100
LKS05A  1950    77    53    61    61    49    44    40    47    34    33
LKS05A  1960    37    36    45    38    33    42    34    42    29    41
LKS05A  1970    34    42    43    41    36    33    35    30    29    33
LKS05A  1980    33    34   999
LKS05B  1728    51    52
LKS05B  1730    59    36    54    62    56    52    52    62    40    22
LKS05B  1740    31    60    30    38    43    72    41    53    29    33
LKS05B  1750    23    23    27    24    45    28    45    47    46    33
LKS05B  1760    39    51    50    40    35    42    86    78    54    66
LKS05B  1770    61    62    27    58   120    79    51    51    31    34
LKS05B  1780    52    37    29    21    31    24    23    48    37    39
LKS05B  1790    46    33    64    91   127   157    67    74    79    71
LKS05B  1800    59   198   200   159   193   217   212   145   171   204
LKS05B  1810   219   137   156   188   294   170   127   184   170   163
LKS05B  1820   130   118   138   133   178   190   127   150   142    86
LKS05B  1830   103    62    81   113    93   130   102   142   124   111
LKS05B  1840   146   118   119   107   137   104    80    96    73   102
LKS05B  1850    76   111    94    99    86    73    48    51    60    81
LKS05B  1860    60    68    66    62    61    63    96    80    71    75
LKS05B  1870    67    50    64    67    57    73    69    58    59    52
LKS05B  1880    54    48    69    68    64    58    59    49    69    71
LKS05B  1890    61    62    65    65    54    86   119   127   104    92
LKS05B  1900    63    71   120   132   147   129    90   155   171   179
LKS05B  1910    98   103   124   117    90   132   115   106    90   118
LKS05B  1920    96   104   105    99   121   119   126   132   166   109
LKS05B  1930    98    83    91    85    91   152   100   107   112   132
LKS05B  1940    89   152   169   118   144   132   134   158   115   123
LKS05B  1950   119   110    72    67    58    48    37    60    50    44
LKS05B  1960    50    43    43    51    50    43    49    35    38    48
LKS05B  1970    38    50    36    60    57    48    45    46    66    56
LKS05B  1980    56    45   999
LKS05C  1721    68    98   120    47    76   106    83    89    90
LKS05C  1730    87    66    94    60    69    54    58    83    77    73
LKS05C  1740    62    67    59    44    87   117    74    75    19    46
LKS05C  1750    38    35    36    40    81    55    52    53    43    40
LKS05C  1760    33    71    61    55    54    68    96    82   101    80
LKS05C  1770    90    85    36    60   123    89    57    65    30    36
LKS05C  1780    60    57    52    32    59    45    27    42    33    40
LKS05C  1790    50    33    69    71   124    95    50    74    64    66
LKS05C  1800    54   197   212   187   229   236   252   120   174   164
LKS05C  1810   240   259   200   178   295   156   130   165   134   130
LKS05C  1820   112   130   155   127   189   183   132   207   154    82
LKS05C  1830    90    72    99   132   111   138   141   132   127   151
LKS05C  1840   169   128   119   105   119   105    82    93    66    98
LKS05C  1850    80   119    91    86    88    95    52    49   999
LKS06A  1774    76    62    55    72    67    72
LKS06A  1780    81    72    59    50    52    32    40    64    54    45
LKS06A  1790    49    36    58    57    46    49    42    58    57    44
LKS06A  1800    28    49    91    36    39    54    53    53    64    71
LKS06A  1810    89   129   121   109   162   124    66    95    75    66
LKS06A  1820    68    83    92   129    96    97    71    82    81    63
LKS06A  1830    83    65    73    55    67    61    85    56    71    61
LKS06A  1840    88    62    86    55    50    49    45    41    42    50
LKS06A  1850    40    37    35    35    27    55    33    47    43    54
LKS06A  1860    43    38    55    44    52    47    70    52    50    51
LKS06A  1870    41    39    47    47    41    47    46    43    50    37
LKS06A  1880    37    38    52    57    69    59    52    55   110   210
LKS06A  1890   158   147   144   141    88   150   187   240   226   171
LKS06A  1900   120   116   205   301   275   313   423   572   400   370
LKS06A  1910   141   184   292   253   227   347   368   244   203   258
LKS06A  1920   226   184   211   193   243   213   212   191   265   194
LKS06A  1930   221   183   226   229   134   222   140   210   180   174
LKS06A  1940   140   194   213   202   188   195   192   186   161   178
LKS06A  1950   156   230   170   184   117   148   102   156   217   185
LKS06A  1960   201   133   131   120   120   125    99   999
LKS07A  1800    16    24    29    21    16    22    26    31    44    41
LKS07A  1810    53    67    51    44    62    32    18    33    22    28
LKS07A  1820    23    29    27    21    43    43    35    43    55    40
LKS07A  1830    63    45    42    41    28    37    51    33    30    61
LKS07A  1840    68    54    64    47    84    45    60    29    34    34
LKS07A  1850    30    28    26    37    47    41    31    32    38    47
LKS07A  1860    45    44    68    54    30    15    31    23    27    49
LKS07A  1870    32    35    56    41    37    68    70    57    80    88
LKS07A  1880    84    95    89    72    74    77    82    86    77    98
LKS07A  1890    86   126   120   118   107   252   468   303   455   363
LKS07A  1900   284   303   380   361   416   456   482   670   595   466
LKS07A  1910   206   371   470   368   285   520   397   260   218   223
LKS07A  1920   200   169   167   155   201   157   139   141   198   103
LKS07A  1930   130   123   151   127   101   111    80    73    74    78
LKS07A  1940    65    97   110    86   106    95    97   104    93    96
LKS07A  1950    73    95    80    82    82    96    52   106    76    95
LKS07A  1960    87    70    83    86   114   115   111   101    86    81
LKS07A  1970    98    87    94   112    88    73    99    60   103    90
LKS07A  1980    75    76   999
LKS07B  1721    60    79    71    62   100    75    46    23    17
LKS07B  1730    18    24    37    36    89    21    14    19    22    32
LKS07B  1740    58    54    92    61    89   124    78   124    75   117
LKS07B  1750   103   144    76    82   116    92   140   112   119   150
LKS07B  1760   108   103   114   118   104   105   113    72    45    56
LKS07B  1770    39    35    26    37    37    39    34    24    30    20
LKS07B  1780    19    22    11    16    28    14    20    27    16    26
LKS07B  1790    17    16    19    14    13    14    13    14    15    18
LKS07B  1800     9    20    22    16    25    20    35    47    54    62
LKS07B  1810    71    73    65    63    95    46    22    34    26    22
LKS07B  1820    27    27    23    21    32    19    28    27    35    20
LKS07B  1830    34    27    40    27    24    29    41    30    26    35
LKS07B  1840    45    32    43    32    50    24    33    35    35    39
LKS07B  1850    21    22    27    27    42    48    53    43    25    33
LKS07B  1860    25    22    30    39    28    17    27    23    19    61
LKS07B  1870    22    18    55    56    35    99    88    52    61    90
LKS07B  1880    94   117    92    58    76   106    81   114   151   200
LKS07B  1890   128   152   147   102   124   196   472   538   466   406
LKS07B  1900   253   244   554   440   626   459   461   730   696   525
LKS07B  1910   409   407   633   354   280   649   474   377   329   306
LKS07B  1920   359   227   335   275   502   336   279   211   278   140
LKS07B  1930   137   130   133   117    84   173    95   129   115   125
LKS07B  1940   102   143   198   163   155   192   162   173   205   186
LKS07B  1950   163   200   202   181   151   193   121   196   236   196
LKS07B  1960   217   155   189   172   186   211   244   234   185   233
LKS07B  1970   206   204   196   172   169   164   199   125   243   153
LKS07B  1980   182   192   999
LKS08A  1894   127   166   244   296   198   177
LKS08A  1900   126   127   140   187   230   210   183   210   202   158
LKS08A  1910    83    92   114   159   146   307   242   126    73   129
LKS08A  1920   111   122   110   106   135   113   129   218   208   139
LKS08A  1930   169   147   183   121    89   143   111   137   113   114
LKS08A  1940    84   113   155   108   121   167   157   166   142   161
LKS08A  1950   142   155   111   105    65    87    48   101   109   124
LKS08A  1960   125    92   138   112   126   141   117   225   160   185
LKS08A  1970   178   123   115   153   123   133   113    67   125    96
LKS08A  1980    89    83   999
LKS09A  1743    65    57    51    26    55    21    28
LKS09A  1750    15    27    26    21    30    40    45    54    60    81
LKS09A  1760    58    72    44    61    35    18    43    14    17    33
LKS09A  1770    24    18    11    12    11    22    20    22    16    18
LKS09A  1780    17    35    13    15    29    17    11    25    16    23
LKS09A  1790    34    16    37    40    38    52    38    46    35    35
LKS09A  1800    23    67   123    44    41    63    55    58    87    86
LKS09A  1810    80   108    78    91   125    71    26    57    70    70
LKS09A  1820    82    66    66   117   121   103    37    95   128    76
LKS09A  1830   109   100   120   191   151   141   120   168   127   182
LKS09A  1840   168   107   170    92   151    67    77    71    51    81
LKS09A  1850    66    95    55    53    53   116    61    57    89   116
LKS09A  1860    48    89   119    79    75    90   164   155   144   237
LKS09A  1870   127   107   143   135   115   155   142   118   131   132
LKS09A  1880   108   127   154   122   133   119    78    61   134   191
LKS09A  1890   154   131   183   139   101   157   231   269   204   155
LKS09A  1900    90   109   239   242   201   170   135   172   170   157
LKS09A  1910    72    77   123   126   103   202   199   148    95   131
LKS09A  1920   142   125   110   121   162   122   142   127   153   106
LKS09A  1930   103   106   136   106    96   174   116   105    88   116
LKS09A  1940    91   137   151   137   133   165   114   158   123   151
LKS09A  1950   128   164   130   130    98   110    59   113   138   119
LKS09A  1960   136    94   128    84   112   106   132    79    81   100
LKS09A  1970   109    86   117   106   121   126   111    59   176   123
LKS09A  1980   128   129   999
LKS09B  1826    80   125   170   171
LKS09B  1830   163   141   141   206   145   151   186   186   193   224
LKS09B  1840   192   170   224   125   177   129   101    99    81   148
LKS09B  1850   128   186   100    98    92   117    76    70    89   132
LKS09B  1860    71   100   101    90    80    95   144   123   109   183
LKS09B  1870   123   108   134   120   109   195   189   151   174   172
LKS09B  1880   121   176   198   186   207   167   112    91    80   133
LKS09B  1890   135   146   218   210   154   158   205   256   195   196
LKS09B  1900   104   124   189   216   221   193   194   265   306   244
LKS09B  1910   115    99   191   184   200   301   225   166   110   135
LKS09B  1920   196   142   171   186   258   195   206   186   181   144
LKS09B  1930   126   116   142   157   107   229   162   145   133   149
LKS09B  1940    99   154   213   182   187   208   163   181   147   208
LKS09B  1950   171   181   129   146   117   148    72   140   197   152
LKS09B  1960   175    99   120    75    97    90    96    94    87   138
LKS09B  1970   126   102   120   132   148   173   122    75   186   150
LKS09B  1980   117   111   999
LKS10A  1715    60    64    38    52    85
LKS10A  1720   114    45   112   112    66   131   109   112    56    91
LKS10A  1730    94    70   102   113    67    61    44    68    97    79
LKS10A  1740    67    70    61    50    72    71    51    86    48    49
LKS10A  1750    46    51    31    32    32    38    78    65    63    66
LKS10A  1760    60    73    46    54    62    30    73    47    27    54
LKS10A  1770    49    44    24    33    27    47    36    65    41    58
LKS10A  1780    55    71    28    35    27    37    23    41    20    17
LKS10A  1790    20    21    15    14    15    11    13    19    14    16
LKS10A  1800    14    19    35    15    21    18    46    99   117    69
LKS10A  1810    75    96    57    78   146    84    46    78    65    76
LKS10A  1820    83    69    68    89    85    63    46    84    85    52
LKS10A  1830   112   132   116   147   107    92   115   123    64    67
LKS10A  1840    70    58    47    43    36    48    47    47    37    55
LKS10A  1850    40    54    44    35    46    52    28    37    33    31
LKS10A  1860    29    45    36    22    28    31    59    58    43    45
LKS10A  1870    42    34    35    21    27    29    40    33    48    44
LKS10A  1880    25    38    44    48    84    95    86    71   139   174
LKS10A  1890   178   199   292   233   199   247   430   465   353   239
LKS10A  1900   197   150   147   280   251   269   282   391   378   294
LKS10A  1910   148   134   219   286   240   255   223   148   146   140
LKS10A  1920   213   177   153   128   188   172   171   174   174   155
LKS10A  1930   139   111   126   110   104   118   116   118    85   106
LKS10A  1940    90   115   200   193   164   202   218   170   238   199
LKS10A  1950   172   208   175   139   121   118    94   142   237   173
LKS10A  1960   173   115   127   107   118   136   126   110   119   138
LKS10A  1970   104   106   115   140   115   117   106    66   120   120
LKS10A  1980   142   125   999
LKS10B  1800    24    28    37    31    28    33    76    84    93    83
LKS10B  1810   103    70    56    74   162    69    34    63    44    48
LKS10B  1820    41    47    43    66    78    29    23    31    43    38
LKS10B  1830    51    75    94   154    93   116   103   130   109   115
LKS10B  1840   147    89   114    72   102    77    75    69    42    89
LKS10B  1850    66   116    85    64    67   121    67    39    66    62
LKS10B  1860    46    42    52    52    24    48    72    68    44    54
LKS10B  1870    49    39    48    37    38    46    35    52    66    57
LKS10B  1880    39    47    61   111   124   122   107   127   291   276
LKS10B  1890   238   347   442   247   195   208   351   409   315   324
LKS10B  1900   267   175   211   287   225   285   303   393   419   300
LKS10B  1910   197   164   260   252   145   332   287   198   126   120
LKS10B  1920   177   129   114   135   216   187   190   261   252   179
LKS10B  1930   168   185   199   179   130   186   123   120   111   112
LKS10B  1940   105   130   242   212   164   247   255   232   225   282
LKS10B  1950   160   219   188   160   108   153    87   144   206   144
LKS10B  1960   154    96    90    77    96   106   111   136   166   225
LKS10B  1970   106   136   156   210   188   200   129    81   176   152
LKS10B  1980   141   170   999
LKS11A  1790    34    62    37    51    75    42    47    39    41    24
LKS11A  1800    28    83   122    72    52    63    97   177   195   180
LKS11A  1810   270   213   145   184   274   166    70   109    81    77
LKS11A  1820    61    47    43    68    85   125    81    81    89    71
LKS11A  1830   137   141   119   114    91   112   126   128   110   134
LKS11A  1840   165    79   151    93   133    88    88    63    63    98
LKS11A  1850    95   110    92    70    63    71    60    56    45    65
LKS11A  1860    47    70    71    69    56    62   117   141    80   131
LKS11A  1870   105    58    81    86    68   102    84   140   152   211
LKS11A  1880   205   108   172   208   223   215   156   159   252   283
LKS11A  1890   200   269   297   208   161   179   188   232   258   193
LKS11A  1900   196   195   253   227   271   248   221   310   357   278
LKS11A  1910   121   162   208   156   178   273   173   225   136   175
LKS11A  1920   222   159   169   148   190   158   157   136   152   156
LKS11A  1930   158   155   176   184   123   139   117   162   138   137
LKS11A  1940   120   136   156   144   175   146   150   189   137   202
LKS11A  1950   149   179   141   169   102   136    63   131   154   134
LKS11A  1960   171   141   122    94   114   136   125   162   133   128
LKS11A  1970   133   119   144   137   142   148   103    70   130   128
LKS11A  1980    96   100   999
LKS11B  1854    73    62    47    56    53    82
LKS11B  1860    52    42    63    50    40    52    61    75    48    47
LKS11B  1870    53    44    44    56    37    72    62    70    96    87
LKS11B  1880    66    58    92   132   183   169   105   132   254   335
LKS11B  1890   213   276   284   220   138   242   259   316   274   210
LKS11B  1900   201   207   322   342   365   285   270   367   393   387
LKS11B  1910   210   194   343   264   225   353   237   259   208   230
LKS11B  1920   231   170   176   174   254   170   188   219   231   166
LKS11B  1930   146   160   200   156   121   189   150   167   156   174
LKS11B  1940   129   137   175   137   128   159   148   183   138   129
LKS11B  1950   130   139   115   137   110   120    75   109   114   117
LKS11B  1960   140   135   125   121   127   133   124   139   105   146
LKS11B  1970   129   100   125   145   163   126   115    64   142   125
LKS11B  1980   115   118   999
LKS12A  1789    76
LKS12A  1790   107    69   105   100   111    80    39    51    44    30
LKS12A  1800    18    47    74    45    27    31    42    38    52    48
LKS12A  1810    50    48    30    30    64    37    21    23    26    24
LKS12A  1820    33    39    31    59    61    66    41    47    43    36
LKS12A  1830    52    48    47    51    36    34    47    40    33    47
LKS12A  1840    33    30    51    28    52    27    32    37    24    45
LKS12A  1850    40    74    29    36    46    61    66    61    54    51
LKS12A  1860    29    48    53    52    43    47    80    58    50    71
LKS12A  1870    52    24    56    59    40    93    69    81    65    83
LKS12A  1880    51    66    66   189   259   220   100   178   283   270
LKS12A  1890   224   246   261   227   124   120   172   200   199   226
LKS12A  1900   152   137   159   231   277   223   230   287   270   237
LKS12A  1910   102   127   242   163   134   251   148   177   101   125
LKS12A  1920   137   132   121   125   154   115   134   135   164   101
LKS12A  1930   106   116   127   107    89   153    91   107    94   101
LKS12A  1940    79    86   112    96   107   154    95   141   112   162
LKS12A  1950   120   125   111   104    92   102    75    97   121   117
LKS12A  1960   122    85   103    84    96   111   101   122    76   120
LKS12A  1970    78    80    90   112   128   104    94    67   101    94
LKS12A  1980    93    69   999
LKS12B  1782    49    28    28    33    16    37    25    51
LKS12B  1790    54    39    41    65    56    55    34    37    35    29
LKS12B  1800    27    46    75    44    37    46    33    40    53    53
LKS12B  1810    60    53    40    43   108    72    33    45    30    22
LKS12B  1820    13    23    32    58    63    52    32    39    51    36
LKS12B  1830    51    52    60    62    48    30    49    41    56    50
LKS12B  1840    59    60    72    38    66    38    53    43    23    66
LKS12B  1850    50    79    36    35    65    71    75    70    75    83
LKS12B  1860    69    89    82   110    63    55   110    75    67    69
LKS12B  1870    78    49    67    64    58    76    69    87   108   107
LKS12B  1880    46    53    79   164   311   313   207   172   356   371
LKS12B  1890   299   322   333   255   170   178   225   281   225   209
LKS12B  1900   165   142   125   202   260   262   236   378   411   282
LKS12B  1910   122   133   230   216   184   282   197   205   121   143
LKS12B  1920   140   138   107   116   139   139   148   143   166    94
LKS12B  1930   109    93   117    96    91   122    87   107    93    98
LKS12B  1940    83   113   133    98    90   116    97   121   111   113
LKS12B  1950   108   122   102    84    83    78    57    80    89    78
LKS12B  1960   100    65    63    57    66    58    70    65    53    38
LKS12B  1970    34    28    32    46    46    60    64    43    50    59
LKS12B  1980    45    34   999
LKS13A  1800    21    21    35    23    19    37    38    39    54    46
LKS13A  1810    62    93    60    82   119    93    37    62    57    42
LKS13A  1820    39    47    71    70   151   183   105    92   113    66
LKS13A  1830   109    92    77   106   122    82   139   121    95   142
LKS13A  1840   150   140   125   102   160   160   175   116    97   119
LKS13A  1850   116   137   113    93   125    73    67    74    70   101
LKS13A  1860    57    67    86    97    68    61    88    99    79    52
LKS13A  1870    82    47    51    48    44    61    56    82    65    83
LKS13A  1880    68    74   102   202   297   194   172   123   163   241
LKS13A  1890   224   191   222   196   184   131   166   219   155   175
LKS13A  1900   132   128    81   156   227   202   194   187   300   256
LKS13A  1910   108   157   204   132   132   143   210   163   100   161
LKS13A  1920   151   142   158   141   168   182   175   197   201   115
LKS13A  1930   137   153   181   152    98   133    94    94    72    93
LKS13A  1940    78   108   119   118   138   132   125   153   130   136
LKS13A  1950   127   126   146   110    70    80    64   109   120   123
LKS13A  1960   115    75   107    87    83    86   110    96    77   145
LKS13A  1970   113    87    76    95   112   110   103    59    91    72
LKS13A  1980    57    43   999
LKS13B  1778    35    39
LKS13B  1780    28    32    32    30    31    31    23    34    20    29
LKS13B  1790    44    18    19    21    21    27    22    37    30    24
LKS13B  1800    17    22    38    30    21    29    23    39    36    43
LKS13B  1810    36    53    34    44    60    48    22    30    31    19
LKS13B  1820    32    29    35    33    47    45    34    38    65    26
LKS13B  1830    40    41    42    39    48    39    68    69    44    91
LKS13B  1840    74    63    70    60   100    71    85    69    58   113
LKS13B  1850    78   114    99    68   102    84    75    69    60    91
LKS13B  1860    42    70   132    95    76    53   124    81    79    78
LKS13B  1870    64    44    52    46    48    70    66    86    87    91
LKS13B  1880    59    82    92   168   338   169   111   121   219   288
LKS13B  1890   247   301   216   238   170   175   228   282   232   224
LKS13B  1900   164   133   163   234   237   222   227   246   238   221
LKS13B  1910   107   129   195   198   133   193   210   202   118   125
LKS13B  1920   149   140   138   157   187   125   151   166   176   144
LKS13B  1930   126   139   167   139   106   144    93   114    97    95
LKS13B  1940    92   104   132   101   122   168   125   182   119   162
LKS13B  1950   125   181   133   123   101   106    56   108   110   120
LKS13B  1960   151    79   119    99   113   100   118   127   110   142
LKS13B  1970   100    86   112   130   142   137   122    69    90   115
LKS13B  1980    69    56   999
LKS14A  1900   285   461   715   317   301   269   184   328   303   295
LKS14A  1910   289   283   450   345   256   479   416   338   213   190
LKS14A  1920   270   171   231   195   272   128   224   250   275   166
LKS14A  1930   219   190   254   194   151   201   136   169   146   201
LKS14A  1940   168   246   225   178   199   187   212   186   255   194
LKS14A  1950   202   190   179   173   166   179   156   162   178   158
LKS14A  1960   166   144   136   110   152   168   162   167   157   184
LKS14A  1970   169   123   160   160   163   124   160   138   192   142
LKS14A  1980   189   161   999
LKS14B  1879   146
LKS14B  1880   221   358   331   292   255   268   152   284   444   433
LKS14B  1890   284   255   356   309   309   192   233   408   490   355
LKS14B  1900   323   372   583   541   626   474   377   630   595   464
LKS14B  1910   460   416   538   492   404   532   469   427   314   342
LKS14B  1920   461   286   382   323   472   167   320   258   270   170
LKS14B  1930   285   208   336   282   227   315   203   217   170   192
LKS14B  1940   167   273   239   171   206   212   222   161   244   198
LKS14B  1950   201   236   196   218   217   238   214   207   208   194
LKS14B  1960   166   160   156   112   244   235   203   220   154   166
LKS14B  1970   136   150   177   190   170   154   147   132   181   166
LKS14B  1980   194   163   999
