LKO01A  1933   939   830   957  1340  1236  1695  1236
LKO01A  1940  1136  1637  2236  1117  1297  1990   979  1194  1722  1330
LKO01A  1950  1977  2016  2032   840  1296  1897   595  1076  2017  1576
LKO01A  1960  1770  1101  1871   897   904  1119  1270   855   652  1249
LKO01A  1970  1220  1439   740  1196  1214  2219  1136   697  1000   900
LKO01A  1980   931  1177  1759  1295   780  1016  1395  1662  1282   620
LKO01A  1990  1032   856   795  1592  1124   940   740   917   739   940
LKO01A  2000   727  1322  1158   780   937  1372   516   754   771   957
LKO01A  2010   856  1084   767  1577   977  1475   890   860   638   927
LKO01A  2020 -9999
LKO01B  1909  1569
LKO01B  1910   537   765  1158   715   871  1970  1716  1540   868  1049
LKO01B  1920   774   865   787   683  1768   989  1318   882  1385   748
LKO01B  1930  1026   732  1699   940   780   722   953   708   901   671
LKO01B  1940   646   762  1742   793   816  1037   617  1044  1098  1397
LKO01B  1950  1815  1670  1235  1298   952  1425   654  1415  2207  1914
LKO01B  1960  1608   880  1734   645   881   916   644   455   798   644
LKO01B  1970  1100   962   889  1488  2676  2749  1545  1055  2261  1769
LKO01B  1980  2295  4429  3893  1681  1505  1970  2191  2049  1045   980
LKO01B  1990  1465   798   763  1080   882  1002   708   680   618   771
LKO01B  2000   644   727   992   544   760   872   472   509   391   499
LKO01B  2010   518   480   653  1134   646   926   854   680   473   512
LKO01B  2020 -9999
LKO02A  1882  2348  1294  1530  1636  1485  1308  1401  2190
LKO02A  1890  1396  1312  1088   876  1187  1423  1931  1929  2494  2789
LKO02A  1900  1795  1586  1004  2331  2175  1261  1661  1865   474   874
LKO02A  1910   399   585   862   568   646  1029  1079   842   813   969
LKO02A  1920   860   787  1114  1035  1502  1520  1448   940  2135   958
LKO02A  1930  1133  1217  2105   959  1010   864   961   873  1219   731
LKO02A  1940   578   859  1255   723  1142  2000  1021  1102  1313  1050
LKO02A  1950  1367  1160   915  1155  1279  1168   772  1219   982  1219
LKO02A  1960  1008   991  2380   956  1313  1210  1212   508   669   965
LKO02A  1970   830   934   738   584   697   974   757   872   609   635
LKO02A  1980   586   503   517   492   350   415   440   306   313   237
LKO02A  1990   409   339   247   305   296   315   281   246   238   282
LKO02A  2000   224   263   331   338   288   255   305   305   271   381
LKO02A  2010   288   338   317   374   407   441   372   416   381   567
LKO02A  2020 -9999
LKO02B  1859   552
LKO02B  1860   570   563   776   825   606   852   979   929   698   853
LKO02B  1870   797   659   811   417   436   497   379   588  1054  1401
LKO02B  1880  2882  3769  2448   947  1623  1382  1187  1419  1102  1565
LKO02B  1890   969  1379  1321   877  1148  1316  1440  1341  1553  1777
LKO02B  1900  1122  1414   928  2257  2227  1554  1808  1571   451   613
LKO02B  1910   263   349   470   421   448   771   746   737   552   858
LKO02B  1920   644   654   873   914  1889  1806  1473   847  1693  1019
LKO02B  1930  1359  1145  1913   906   705   687   897   726  1171   683
LKO02B  1940   761  1065  1830   704   943  1677   986   921  1368   918
LKO02B  1950  1117   943   724   824   859   710   579   698   643   779
LKO02B  1960   689   581  1969  1168  2463  1716  1348   627   634   762
LKO02B  1970   694   621   533   538   550   678   686   660   627   525
LKO02B  1980   577   739   491   593   389   399   500   397   247   467
LKO02B  1990   372   399   271   324   339   356   339   280   305   288
LKO02B  2000   262   255   237   212   317   262   332   238   290   390
LKO02B  2010   347   432   542   567   381   601   434   457   406   653
LKO02B  2020 -9999
LKO03A  1917  4454  4165  5883
LKO03A  1920  7222  4243  4624  2266  3345  2594  2087  1197  1892  1453
LKO03A  1930  1784  1201  1892  1331  1070   843   826   619   636   491
LKO03A  1940   502   825   998   672   744  1225   808   808   871   955
LKO03A  1950   780   836   835  1131   982   979   528   861   780   791
LKO03A  1960   783   603  1143   808  1207   844   844   814   934   808
LKO03A  1970  1239  1106  1053   853  1090  1625  1207   925   718   444
LKO03A  1980   499   499   808   844   599   763   798   844   955   879
LKO03A  1990   889   664   908   708   554   580   536   762  1106  1099
LKO03A  2000  1016  1497  1914  2297  1551  1842  1352  1208  1216  1279
LKO03A  2010  1461  1288  1552  2377  1621   961   916  1690  1626  1612
LKO03A  2020 -9999
LKO03B  1904  1854  1503  1290  1307  1295  1415
LKO03B  1910   669   905  1206   409   988  2276  4649  4506  4229  6668
LKO03B  1920  7314  5128  5426  2824  2760  1978  2924  1379  1572   792
LKO03B  1930  1127   750  1557  1004   714   577   693   577   895   631
LKO03B  1940   662  1111  1111   540   735  1289   790   808   869   800
LKO03B  1950   946   863   739   891   785   899   676   917   734  1063
LKO03B  1960   969   636   747   627  1122   735   875   690   831   703
LKO03B  1970   681   830   684   711  1000  1018  1245   913   810   518
LKO03B  1980   545   536   500   572   548   413   507   555   536   490
LKO03B  1990   585   590   490   456   358   601   436   707   645   735
LKO03B  2000   826  1315  1480  1723  1620  1578  1107  1107  1079  1043
LKO03B  2010  1316  1294  1714  1906  1062   922   772  1715  1052  1525
LKO03B  2020 -9999
LKO04A  1855   162   223   138   521   370
LKO04A  1860   345   484   269   253   386   347   430   444   341   511
LKO04A  1870   330   205   328   418   363   300   306   463   589   500
LKO04A  1880   429   471   196   245   310   560   530   441   445   735
LKO04A  1890   481   525   488  1493  1497  1450  1723  2307  2194  2514
LKO04A  1900  2150  2124  1405  2804  2450  2326  3147  3411   970  2459
LKO04A  1910  2005  1742  1969  1442  1805  3303  2299  2150  1524  1778
LKO04A  1920  2223  1324  2087  1433  1942  1370  1424  1479  1796  1306
LKO04A  1930  1980  1426  2114  1696  1143  1327  1247  1188  1171  1148
LKO04A  1940  1098  1543  1708  1070  1272  1563  1116  1206  1589  1198
LKO04A  1950  2062  1406  1342  1419  1634  1279   874  1480  1651  1749
LKO04A  1960  1091   853  1341  1180  1411   898  1067  1264  1200   956
LKO04A  1970  1458  1261  1579  1666  2729  2110  1363  1135   565  1355
LKO04A  1980  1657  2119  2383  1498  1167  1920  1240   893   876   993
LKO04A  1990  1034  1107   797  1179  1108   812   851   691   696   907
LKO04A  2000   741   887   907   913   842   814   831   844  1082   977
LKO04A  2010   786   744   748   800   890   480   846   629   628   687
LKO04A  2020 -9999
LKO04B  1869   497
LKO04B  1870   651   324   516   361   411   528   472   577   724   990
LKO04B  1880   783   666   572   313   616   491   494   461   431   511
LKO04B  1890   491   432   347  1330  1368  1326  2288  1993  1366  2000
LKO04B  1900  1398  1749   976  2120  1874  1617  2241  2052   770  1764
LKO04B  1910  1268  1529  1621  1429  2011  2069  1370  1501  1014  1292
LKO04B  1920  1503   993  1250  1007  1522  1005  1263   865  1271   825
LKO04B  1930  1294   859  1548  1218   880   862   863   888  1120  1052
LKO04B  1940  1097  1309  1355   857  1151  1014   859   935  1064  1000
LKO04B  1950  1247   946   988   869  1015   929   793   876  1183  1458
LKO04B  1960   960   860  1246  1230  1555  1088  1127  1155  1203   866
LKO04B  1970  1063   962  1197  1173  1333  1380  1179   808  1209  1179
LKO04B  1980  1316  1328  1353  1702  1818  3163  1398  1113  1231   944
LKO04B  1990  1103   991  1099  1557   973  1019  1080   918   818  1017
LKO04B  2000   983   992   854   956  1016   863   713   943   850   756
LKO04B  2010   637   589   535   917   884   553   799   890   598   826
LKO04B  2020 -9999
LKO05A  1920  8451  6083  3792  2108  2837  1781  2010  1515  1526  1335
LKO05A  1930  1998  1456  3101  2116  1267   947  1579  1128   760   600
LKO05A  1940   804  1360  1743   871  1315  1434  1292   998  1087  1032
LKO05A  1950   934   975   832   743   771   990   600   765   908  1316
LKO05A  1960   708   607   853   744   980   971  1007   826   880   862
LKO05A  1970  1234   827   880   712   927  1469  1208   825   753   582
LKO05A  1980   738   889  1714  1073   979  1327  1291  1216  1099   842
LKO05A  1990   497   659   445   530   536   964   822  1194  1277  1048
LKO05A  2000   961  1175   844   955   996  1093   766   806   925  1157
LKO05A  2010   926  1819  1079  1717  1259   944   802   935   663   808
LKO05A  2020 -9999
LKO05B  1933   608   267   283   767  1553   494  1015
LKO05B  1940   930  1958  6552  4701  3050  3444  2867  2478  2126  1771
LKO05B  1950  2186  1874  2092  1527  1703  2172   938  1613  1907  2220
LKO05B  1960  1426   780  1889  1227  1461  1252  1453  1593  1308  1228
LKO05B  1970  1448  1372  1496  1341  1479  1962  1317  1119   916   966
LKO05B  1980  1035  1319  2537  1743  1555  2383  2455  1492  1263  1375
LKO05B  1990  1982  1435  1066  2434  1464  1191  1281  1190  1344  1224
LKO05B  2000  1301  1195   990   997   917  1057   746  1062  1095  1438
LKO05B  2010  1376  1768  1189  1858  1402  1307  1569  1273   786  1142
LKO05B  2020 -9999
LKO06A  1897  1386  1090  1631
LKO06A  1900  1180  1118   727  1442  1408   893   560  1334  1557  3543
LKO06A  1910  1678  1151  1705  1260  1109  3018  1914  1608  1028  1427
LKO06A  1920  2041  1197  1349  1227  2346  1321  1666  1626  1768  1549
LKO06A  1930  2290  1685  2383  1464  1017  1137  1132   972  1170   882
LKO06A  1940   883   945  1596   904   907  1889  1218  1138  1584  1388
LKO06A  1950  1528  1280  1064   900   843  1017   591   965   980  1243
LKO06A  1960  1156   951  1370   975  1043   898  1218  1389  1417  1398
LKO06A  1970  1558  1412  1209  1407  1510  1777  2064   877  1275  1143
LKO06A  1980   836  1924  2080  1453  1540  1557  1681  1600  1081  1208
LKO06A  1990  1396  1089  1478  1340  1897  1325  1174  1196  1661  1742
LKO06A  2000  1497  1563  1625  1344  1425  1321   854  1115  1143  1852
LKO06A  2010  1135  1365  1335  1642   747   774   786  1008   572   849
LKO06A  2020 -9999
LKO06B  1886  1568  2229  2183  2155
LKO06B  1890  1565  1877  1357  1059  1484  1532  1464  1516  1207  1487
LKO06B  1900   636   790   590  1325  1251   656   577  1097  1670  2932
LKO06B  1910  2060  1527  2043   753   617  1769  2465  1589  1133  1498
LKO06B  1920  2099  1336  1923  1511  2395  2183  1834  1378  1389  1453
LKO06B  1930  2034  1345  2017  1551  1165  1319  1090   887  1169   665
LKO06B  1940   742   992  1429   908  1104  1739  1025  1032  1409  1250
LKO06B  1950  1424  1317   994   853  1149  1041   790  1082  1012   971
LKO06B  1960   991   736  1053   752  1225  1018  1055   889   954  1065
LKO06B  1970  1076  1079  1212  1091  1383  1230  1274   988   915   846
LKO06B  1980   637   827  1262  1209   818  1147  1372  1212  1126  1133
LKO06B  1990  1278   649   833  1252  1180  1025   991   972  1398  1306
LKO06B  2000  1346  1382  1343  1406  1244  1107   753   979  1025  1116
LKO06B  2010   872   717   813  1797   899   674   882   989   631  1043
LKO06B  2020 -9999
LKO07A  1918  1668  1375
LKO07A  1920  1658  1365  1505  1185  2017  1311  1461   757  1602   932
LKO07A  1930   890   836  1899   877   728   800   972   957  1028   792
LKO07A  1940   763   818  1547   764   789  1306  1026   911  1230   989
LKO07A  1950  1053   912   736   658   775   893   508   872   772   783
LKO07A  1960   735   583  1202   929  1125  1062  1373  1213  1976  1358
LKO07A  1970  1402  1243  1265  1047  1429  1587  1164  1216   849   765
LKO07A  1980   827  1303  1263  1141  1076  1359  1323  1418  1384  1834
LKO07A  1990  1905  1264  1698  1896  1516  1400  1171  1242  1319  1225
LKO07A  2000  1028  1330  1125  1336  1125  1043   875   879  1221  1318
LKO07A  2010  1116  1145   975  1184   843   890   916   929   637   985
LKO07A  2020 -9999
LKO07B  1922  5113  2454  2126   826  1490   497  1016   630
LKO07B  1930   595   725  1595   881   685  1059  1164  1183  1110   804
LKO07B  1940   572   935   966   777   683  1333   841  1021   738   799
LKO07B  1950   757  1044  1030   990   870  1179   700  1216  1209  1364
LKO07B  1960  1112   839  1151  1046  1268  1742  2281  2561  3348  2420
LKO07B  1970  2551  1890  1600  1377  1640  1936  1422  1171  1070   839
LKO07B  1980   790  1275  1564  1258  1126  1251  1145  1144  1167  1026
LKO07B  1990  1057   814  1025  1221  1018  1044   771   972   820  1144
LKO07B  2000   964  1302  1445  1507  1734  1578  1216  1129  1279  1052
LKO07B  2010  1365  1308   798  1413   855   817   925   695   535   663
LKO07B  2020 -9999
LKO08A  1883  2524  1480  2486  1742  2150  1706  2212
LKO08A  1890  1905  1461  1566  1814  1969  1951  1295  1479  1276  1507
LKO08A  1900  1044  1343   816  1452  1621  1295  1430  1557   749  1840
LKO08A  1910  1478  1679  1783  1008  1180  1789  1369  1336   812   844
LKO08A  1920   716   910  1118  1092  1067   884   916   699   907   640
LKO08A  1930   654   709  1134   720   646   799   854   691   971   580
LKO08A  1940   635   820   746   733   782  1247   801   892   754   771
LKO08A  1950   808   828   791   703   610   637   464   639   500   671
LKO08A  1960   732   557   545   555   618   595   781   608  1019   917
LKO08A  1970   980   944   743   627  1117  1275   929   862   566   614
LKO08A  1980   549   722  1313  1156  1017  1274  1228  1103   522   664
LKO08A  1990  1163   730   797  1018   849   899   614   747   885  1144
LKO08A  2000   928  1401  1263   753   838  1089   799   640   680   672
LKO08A  2010   920   762   808  1021   872   549   621   666   609   653
LKO08A  2020 -9999
LKO08B  1856   827   833   924   667
LKO08B  1860  1060  1060  1551  1171   790   660  1269  1239   961  1623
LKO08B  1870  1135   664   986   846   930   944  1347  1627  1614  1800
LKO08B  1880  1693  1339   626  1699  3147  3821  2519  2579  2959  3098
LKO08B  1890  3196  2258  2439  2270  2354  1915  1506  1628  1468  1624
LKO08B  1900  1008  1342   765  1576  1447  1299  1279  1343   820  1509
LKO08B  1910  1240  1539  1879  1364  1166  1995  1706  1545  1050   716
LKO08B  1920   737   697   971   663   808   838   855   733   836   526
LKO08B  1930   690   671   837   646   513   672   801   657  1085   641
LKO08B  1940   720   713  1132   762   971  1588  1181  1019   950   907
LKO08B  1950  1102   980  1080   984   591   776   502   649   638   871
LKO08B  1960   990   657   908   809   789   491   936   687   985   953
LKO08B  1970  1022  1251   862   929  1699  2467  1630  1328   724   664
LKO08B  1980   527  1094  1603  1217   786  1223   904  1094   510   626
LKO08B  1990  1086   842   928  1181   910   710   668   736   771  1064
LKO08B  2000  1207  1133  1399   545   519  1065   666   811   676   507
LKO08B  2010   646   526   622   583   519   463   535   666   467   736
LKO08B  2020 -9999
LKO09A  1900  1178   920  1476  2023  1943  1665  1595  1909   707  1312
LKO09A  1910  1324  1044  1560   636   662  2349  1815  1477   901  1406
LKO09A  1920  1672  1457  1839  1596  2603  2810  3869  2653  2578  2653
LKO09A  1930  2687  2440  3051  2114  1370  2113  1397  1538  1497  1217
LKO09A  1940  1046  1405  1881  1680  1589  1561  1693  1579  1480  1747
LKO09A  1950  1825  1788  1843  1799  1666  1805  1015  1457  2000  1376
LKO09A  1960  1534  1066  2127  1907  1605  1697  1128   912  1151  1430
LKO09A  1970  1277  1452  1439  1429  1034  1069  1113   917  1252  1291
LKO09A  1980  1566  1452  1290  1166  1307  1745  1337  1444  1212  1178
LKO09A  1990  1392  1324  1121  1891  1243  1709  1415  1257  1098  1689
LKO09A  2000  1517  1797  1172  1708   965  1361   981   889   837  1342
LKO09A  2010  1076  1016   943  1607   872  1275  1186  1017   834   836
LKO09A  2020 -9999
LKO09B  1907  4139  1170  2785
LKO09B  1910  1432  1335  2132   573  1211  2731  2608  2117  2089  3365
LKO09B  1920  3973  2962  3407  2980  4392  4198  6065  4260  4311  4155
LKO09B  1930  4294  3675  4341  2993  1806  3253  1818  1846  1469  1352
LKO09B  1940  1198  1646  2569  1788  1922  1969  1797  1879  1690  1925
LKO09B  1950  2331  1977  1797  1546  1233  1198   872  1146  2261  1433
LKO09B  1960  1346  1052  1996  1566  1355  1787  1191   809  1192  1376
LKO09B  1970  1544  1635  1421  1377  1111  1188  1144   936  1153  1148
LKO09B  1980  1523  1326  1367  1097  1299  1374  1121  1244  1238  1071
LKO09B  1990  1272  1215   968  1928  1141  1471  1186  1174  1039  1572
LKO09B  2000  1174  1552  1119  1375  1045  1644   919  1013   944  1420
LKO09B  2010  1114  1365  1060  1639   969  1168  1084   890   762   789
LKO09B  2020 -9999
LKO10A  1901  1456  1144  2438  3284  2402  1921  1808   935  1521
LKO10A  1910  1436  1205  2300  2057  2750  5462  2822  1652  1129  1063
LKO10A  1920   998  1272  1581  2097  3490  2566  2627  1592  2170  1804
LKO10A  1930  2127  1886  2058  1511  1087  1663  1357  1596  2068  1702
LKO10A  1940  1273  2376  3141  1518  1366  2251  1744  1415  2046  2000
LKO10A  1950  2038  1924  1937  1776  1385  1605   826  1692  1874  1683
LKO10A  1960  2026  1343  1737  1223  1488  1476  1345  1353  1343  2841
LKO10A  1970  2125  1852  1934  2314  2891  2642  2620  1968  2189  1806
LKO10A  1980  2554  2413  1644  1199  1238  1542  1370  1297  1234  1888
LKO10A  1990  1776  1308  1199  1418  1406  1672  1235  1706  2743  1906
LKO10A  2000  2147  1289  1799  1457  1870  1480  1180  1209  1959  1688
LKO10A  2010  1515  1465  1245  1611  1264  1431  1952  1430  1174  1398
LKO10A  2020 -9999
LKO10B  1867   580   501   763
LKO10B  1870   594   361   662   574   432   600   560   777   716  1218
LKO10B  1880   727   920   645   851   694   881   723   839  1154  1227
LKO10B  1890   904   958   828  1001   812  1465  1845  1841  1807  1616
LKO10B  1900  1014  1027   881  1948  2027  1753  1700  2040  1364  1647
LKO10B  1910  1100   972  1743  1450  1513  2074  1751  1425  1150  1117
LKO10B  1920  1456  1096  1132  1464  2433  2033  1881  1543  1416  1596
LKO10B  1930  1352  1343  1654  1029   980  1717  1173  1245  1529  1136
LKO10B  1940   967  1625  2320  1409  1243  2006  1608  1470  1627  1388
LKO10B  1950  1406  1371  1244  1235   990  1660   736  1814  1688  1566
LKO10B  1960  1687  1040  1300   963  1249  1199  1329  1254  1070  1627
LKO10B  1970  1343  1433  1435  1543  1923  1678  1497  1418  1615  1735
LKO10B  1980  2839  2123  2196  1376  1429  1693  1866  1462  1065  1496
LKO10B  1990  2561  1442  1237  1520  1643  1996  1281  1497  2241  1451
LKO10B  2000  1972  1117  1579  1585  1780  1735  1126  1161   998  1330
LKO10B  2010  1179  1239   925  1776   982  1516  2001  1413  1109  1275
LKO10B  2020 -9999
