PKO01A  1900  1226   994  2716  2306  1990  3091  2892  2841  3609  4000          
PKO01A  1910  2776  2791  2957  2444  2358  2832  3022  2334  1895  3030          
PKO01A  1920  2472  2517  3158  1359  2447  1410  1540  1402  1510  1603          
PKO01A  1930  1653  1649  2257  1617   580  1331  1060  1211  1462  1691          
PKO01A  1940  1040  1478  1589  1352  1366  1159  1122  1262  1202  1160          
PKO01A  1950  1823  1312  1345  1357  1402  1785   965   965  1409  1434          
PKO01A  1960  1134  1691  1276  1067  1171   480   528   563   667   675          
PKO01A  1970   679   741   706   552   658   924   951   702   636   921          
PKO01A  1980  1128   943   774   869  1048  1186  1118   987   998  1026          
PKO01A  1990   965   902  1218  1291  1392   984   879   864  1083  1194          
PKO01A  2000  1296  1105  1351  1661  1415  1186   837  1023   995   835          
PKO01A  2010  1012  1338   812   917   982  1009   882  1000   920  1088          
PKO01A  2020 -9999                                                                
PKO01B  1910  1636  2796  3419  2305  1913  3191  3615  2629  1858  2166          
PKO01B  1920  1866  1841  2327   666  1361   774   924   520   576   477          
PKO01B  1930   375   424   417   276   158     0   318   184     0     0          
PKO01B  1940   142   181     0     0   225   662   557   889  1187   898          
PKO01B  1950  1192   837   825   942  1018  1373   699   801  1501  1266          
PKO01B  1960   911  1676   984   769  1063   672   690   515   510   497          
PKO01B  1970   537   614   567   512   715   995  1074   703   757   795          
PKO01B  1980   754   789   780   808   912  1031   776   839   766   810          
PKO01B  1990   903   856  1176  1133  1338  1046   901   917  1118  1405          
PKO01B  2000  1330  1301  1261  1552  1527  1048   971  1043  1179  1044          
PKO01B  2010  1078  1727   645  1276  1253   992  1322  1064   813   885          
PKO01B  2020 -9999                                                                
PKO02A  1918  1539  3235                                                          
PKO02A  1920  3046  2785  3196  2295  3157  2738  1972  1941  1823  2164          
PKO02A  1930  1960  1439  2062  1583   927  1471  1621  1197  1626  2304          
PKO02A  1940  1688  2478  3181  2105  2298  2251  2465  2850  2424  2385          
PKO02A  1950  3337  2526  2391  2466  2434  2957  1884  2158  3323  2909          
PKO02A  1960  2789  4157  3246  2889  2872  2958  2157  2507  3673  2876          
PKO02A  1970  3837  2375  3463  2066  1902  3477  2217  1443  2027  1942          
PKO02A  1980  1707  2694  2195  2134  2514  2557  2570  1842  1848  1442          
PKO02A  1990  1466  1752  2682  2528  3357  2286  2625  1728  3893  2172          
PKO02A  2000  3677  1526  3064  2231  3278  1669  2021  2086  2202  2612          
PKO02A  2010  1583  3244  2209  3407  2649  2165  4221  2015  2810  1885          
PKO02A  2020 -9999                                                                
PKO02B  1913  2250  2542  3042  1874  1550  1223  3652                            
PKO02B  1920  2632  3060  4701  2633  4253  2706  2442  2379  2316  2935          
PKO02B  1930  2493  1795  1857  1759   877  1109  1242  1340  1559  2814          
PKO02B  1940  2040  2729  2837  2155  2120  1960  1941  2115  1885  1997          
PKO02B  1950  2896  2560  2564  3022  2533  2380  1138  1415  2490  1977          
PKO02B  1960  2461  2575  1624  1808  2067  2125  1695  1820  2526  2211          
PKO02B  1970  2633  1729  2517  1847  1741  2874  1894  1587  2796  2850          
PKO02B  1980  2440  3607  2538  2420  2635  2395  2290  1769  1792  1389          
PKO02B  1990  2070  1830  2376  1855  3285  1973  2362  1491  3284  2040          
PKO02B  2000  2989  1410  2775  2289  3232  1741  1909  2112  1933  2550          
PKO02B  2010  1695  3218  1897  3283  3481  2678  4758  2558  2976  2672          
PKO02B  2020 -9999                                                                
PKO03A  1910  1571  1991  1968  1927  1641  2052  1841  1350  1150  1600          
PKO03A  1920  2064  1737  2205  1298  2085  2269  1845  1462  1551  2039          
PKO03A  1930  1928  1227  1951  1718   808  1431  1206   840   996  1792          
PKO03A  1940  1756  1897  2786  1573  2360  2098  2024  2292  1847  1938          
PKO03A  1950  2615  1748  2028  1559  2037  1729  1187  1156  1760  2220          
PKO03A  1960  2168  3009  2616  2304  2564  3185  2162  1914  1769  1804          
PKO03A  1970  1626  1938  1828  1052  1127  1585  1076   834  1207  1323          
PKO03A  1980  1682  1198  1648  1422  1695  1454  1666  1201  1196  1016          
PKO03A  1990   794  1130  1099  1471  1155  1122  1261  1381  1856  1273          
PKO03A  2000  2227  1623  2689  1970  2940  1643  1524  2186  2328  1993          
PKO03A  2010  1981  3241  1613  2078  2787  2189  4023  1799  1836  1704          
PKO03A  2020 -9999                                                                
PKO04A  1912  3594  2368  3139  3312  3043  2476  1996  2020                      
PKO04A  1920  1766  1231  1429   989  1089  1095  1047   716   831   877          
PKO04A  1930   753   566   573   573   481   559   549   657   641   496          
PKO04A  1940   558   625   889   629   487   529   532   522  1061  1256          
PKO04A  1950  2241  2271  1517  1407  1441  1343   958  1187  1350  1094          
PKO04A  1960  1483  1248  1890  1285  1845  1953  1671  1129  1042  1048          
PKO04A  1970  1088  1229  1271   931  1179  1407  1026   839   933   970          
PKO04A  1980  1638  1189  1018   991   885   723   546   698   569   557          
PKO04A  1990   467   472   386   515   564   530   414   296   361   393          
PKO04A  2000   537   618   612   961   864   855   532   496   499   476          
PKO04A  2010   428   301   408   376   476   364   359   371   423   348          
PKO04A  2020 -9999                                                                
PKO04B  1903  1994  1351  1331  1500  1293  1663  1856                            
PKO04B  1910  1813  2165  2324  1915  1420  1698  1152   800   575   703          
PKO04B  1920   577   715   931   593   603   530   494   551   434   402          
PKO04B  1930   482   336   374   408   281   377   329   366   244   213          
PKO04B  1940   294   361   414   367   341   304   376   330   567   607          
PKO04B  1950  1195  1360  1050  1176  1378  1421  1043  1161  1179   911          
PKO04B  1960  1075  1092  1331  1113  1282  1636  1191  1217  1234  1358          
PKO04B  1970  1214  1132  1172   874   802  1043   904   869   872   745          
PKO04B  1980  1112  1043  1053   908   862   855   588   497   613   521          
PKO04B  1990   431   262   357   491   468   487   273   280   282   400          
PKO04B  2000   449   595   663   604   652   575   477   415   420   377          
PKO04B  2010   346   270   272   467   428   355   330   437   346   308          
PKO04B  2020 -9999                                                                
PKO05A  1891  1483  1239  1374  1257  1108  1284  1389  2481  2445                
PKO05A  1900  1943  3174  3262  3009  1424  2552  3829  4944  4682  4522          
PKO05A  1910  2764  3367  4360  2741  3144  4565  3922  3663  3036  3225          
PKO05A  1920  3614  2686  3226  1866  2722  2409  1946  2095  3089  2623          
PKO05A  1930  3052  1339  1883  1793  1100  1855  1439  1352  1114  1742          
PKO05A  1940  1161  1879  2319  1570  1693  2005  1830  1862  1568  1598          
PKO05A  1950  1672  1799  1433  1526  1133  1363  1050  1107  1244  1626          
PKO05A  1960  1131  1622  1369  1655  1678  2218  1514  1451  2283  2021          
PKO05A  1970  1778  1669  1429  1143  1248  1472  1409   991  1277  1302          
PKO05A  1980  1388  1080  1142  1093  1015  1132  1074  1104   996  1133          
PKO05A  1990  1763  1394  1832  1763  2474  2038  1563  1964  2303  1600          
PKO05A  2000  1784  1655  1758  2106  1852  1665  1460  2029  1686  1915          
PKO05A  2010  1721  2841   966  1499  1276  1564  1977  1496  1190  1511          
PKO05A  2020 -9999                                                                
PKO05B  1891  1471  1063  1080  1158  1195  1376  2477  2595  1855                
PKO05B  1900  2489  3828  3457  3106  1920  1765  2639  2587  3822  3493          
PKO05B  1910  2565  3037  3316  3077  3312  4748  3976  3101  1968  2024          
PKO05B  1920  2573  2392  3252  1958  2465  2259  1800  1458  2071  1867          
PKO05B  1930  2195  1389  1783  1452   984  1769  1427  1399  1413  1751          
PKO05B  1940  1498  1873  2494  1591  1675  2172  1872  1896  1697  1985          
PKO05B  1950  2285  2043  1831  1669  1227  1803  1336  1389  1451  1781          
PKO05B  1960  1287  1914  1240  1592  1591  1719  1340  1202  1689  1918          
PKO05B  1970  1835  2109  1849  1329  1241  1906  1647  1050  1256  1386          
PKO05B  1980  1815  1364  1657  1248  1552  1304  1317  1201  1208  1083          
PKO05B  1990  1352  1527  2123  2268  2921  2112  1430  1885  2352  2134          
PKO05B  2000  2212  3163  2327  3102  2658  1822  1365  1774  1605  2059          
PKO05B  2010  2193  3111  1321  2520  2098  2576  2797  1506  1547  1587          
PKO05B  2020 -9999                                                                
PKO06A  1860   878   727   477   717   490   472   549   844   690   702          
PKO06A  1870   697   672   757   693   517   584   783   878   972  1245          
PKO06A  1880  1003  1057  1040   872   904  1163  1080   634   775  1047          
PKO06A  1890  1111  1320  1062  1142  1446   980  1388  1714  1398   492          
PKO06A  1900   463   865  1201  1050  1029   594   693  1006  1657  1562          
PKO06A  1910   874  1033  1623   929  1221  1634  1607  1658  1205  1335          
PKO06A  1920  1514  1024  1204   874   934   789   823   772   726   677          
PKO06A  1930   794   575   884   716   383   802   710   773   910   927          
PKO06A  1940   708   931  1193   734   660   901   736   816   779   640          
PKO06A  1950   769   656   702   752   765   925   613   678   857   551          
PKO06A  1960   552   890   705   537   742  1142   863   806   880   853          
PKO06A  1970  1083  1021   787   519   569   897   619   427   484   442          
PKO06A  1980   547   586   623   585   541   667   552   726   868   841          
PKO06A  1990   837   986  1136  1290  1571  1752  1716  1307  1612  2023          
PKO06A  2000  2023  1123  1983  1786  2071  1446  1200  1526  1535  1114          
PKO06A  2010  1231  1510  1138  1573   964  1218  1380  1695   934  1006          
PKO06A  2020 -9999                                                                
PKO06B  1868   595   690                                                          
PKO06B  1870   747   639   824   722   522   647   754   791  1172  1274          
PKO06B  1880   962  1008  1171   877  1112  1632  1300   893  1011   870          
PKO06B  1890   703  1064   921  1076  1623   915  1228  1374  1608   663          
PKO06B  1900   764  1717  2011  2159  1048  1052  1388  1870  3208  2706          
PKO06B  1910  1477  1706  1810  1184  1188  1721  1705  1405  1155  1434          
PKO06B  1920  1484  1516  1739  1387  1592  1271  1045   859   831   843          
PKO06B  1930   942   814  1194   942   511   864   847  1039  1295  1418          
PKO06B  1940   954  1128  1200   926   885   997   725   807   751   686          
PKO06B  1950  1016   768   862   853   874   855   580   752   863   693          
PKO06B  1960   625   866   883   478   947  1094   878   814   985   987          
PKO06B  1970  1068   973   772   541   598   870   737   556   463   787          
PKO06B  1980  1201   671   533   498   440   682   433   533   557   582          
PKO06B  1990   539   701   864  1081   963  1078  1177  1197  1561  1693          
PKO06B  2000  1437  1044  1607  1539  1641  1337  1024  1082  1336   927          
PKO06B  2010  1056  1270  1016  1123   614   574   652  1014   676   522          
PKO06B  2020 -9999                                                                
PKO07A  1923  1261  1876  2145  1893  2485  2329  2572                            
PKO07A  1930  2787  2262  2912  2102   625  1485  1276  1049  1394  1803          
PKO07A  1940  1306  1633  2180  2131  1851  1808  1903  1762  1913  1580          
PKO07A  1950  2612  2819  2627  1893  1969  1892  1067  1305  2221  1699          
PKO07A  1960  2102  2776  2135  1712  1648  1996  1609  2060  1640  1876          
PKO07A  1970  1840  1653  1638  1846  1614  2605  1385   856  1027  1575          
PKO07A  1980  1703  1564  1559  1661  1607  1806  1768  1688  1325  1158          
PKO07A  1990  1040  2025  1925  1983  2034  1885  1618  1647  3484  2136          
PKO07A  2000  4191  2480  2607  3138  3752  2909  2623  3242  1969  3887          
PKO07A  2010  1854  4612  1283  2770  2407  2060  2984  1316  1676  1111          
PKO07A  2020 -9999                                                                
PKO07B  1907   863   686   766                                                    
PKO07B  1910   613   727  1211  1095  1634  2103  2247  1461   790  1406          
PKO07B  1920  1755  2472  3965  2190  2652  2769  1717  1608  1089  1129          
PKO07B  1930  1312  1191  1852  1732   764  1178  1110   841   923  1146          
PKO07B  1940  1207  1470  1548  1222  1229  1522  1591  1774  1901  1817          
PKO07B  1950  2086  1373  1985  1810  1736  1783  1296  1443  1791  1044          
PKO07B  1960   890  1164  1069   894  1341  1254   950   885   823  1061          
PKO07B  1970   907   952   798   737   668  1095  1007   629   808   895          
PKO07B  1980   989   837   744  1088   970   828   925  1064   929   919          
PKO07B  1990  1038  1309  1538  1507  1444  1644  1650  1527  1873  1413          
PKO07B  2000  1992  1861  1414  2159  1569  1596  1107  1051  1175   861          
PKO07B  2010  1126  1390  1047  1603  1379  1057  1160  1072   926  1138          
PKO07B  2020 -9999                                                                
PKO08A  1911  2412  1739   876  1227  1677  1874  1271  1217  2019                
PKO08A  1920  2117  2258  4919  3293  2613  2321  2352  1932  1404  1259          
PKO08A  1930  1682  1551  1883  1684   737  1513  1891  1451  1241  2226          
PKO08A  1940  2054  2880  3694  2502  1664  2186  2233  2273  1997  2300          
PKO08A  1950  2067  1636  1674  1095  1117  1845  1027  1061  1808  2249          
PKO08A  1960  1378  2885  1885  1714  2533  3325  2015  2049  2966  2497          
PKO08A  1970  2438  1812  2369   958   895  1382   912   982   937   960          
PKO08A  1980  1280   986  1179  1161  1294  1215  1088  1580  1508  1331          
PKO08A  1990   938  1861  1235  1598  1311  1085   830  1066  1706  1446          
PKO08A  2000  1653  1581  1795  1561  1849  1288   985  1369  1296   902          
PKO08A  2010   846   854   785  2004  2466  1591  1260  1063   952  1001          
PKO08A  2020 -9999                                                                
PKO08B  1904  1208  1086  1142  1526  1839  2233                                  
PKO08B  1910  1979  2844  1664   972  1230  1620  1715  1785  1401  2657          
PKO08B  1920  3072  2989  3304  1761  2541  2909  2096  1773  1801  2007          
PKO08B  1930  1831  1689  2015  2066   871  2030  2094  1935  1746  2351          
PKO08B  1940  1834  2475  3071  2657  1920  1976  2514  2095  2126  1887          
PKO08B  1950  1869  1849  1748  1661  1198  1992  1306  1346  1752  1977          
PKO08B  1960   996  1868  1237  1095  1555  2182  1398  1552  1766  1809          
PKO08B  1970  1888  1178  1473   878   763  1832  1310   895   896  1247          
PKO08B  1980  1706  1443  1673  1698  1423  1422  1089  1411  1262   931          
PKO08B  1990   786  1692  1187  1929  1312  1472  1181  1435  1840  1525          
PKO08B  2000  3040  1662  2825  2173  3310  1753  1065  2253  1594  1067          
PKO08B  2010  1049   831   802  1253  1217   875   882   828   641   696          
PKO08B  2020 -9999                                                                
PKO09A  1904  2252  1999  3046  2099  2419  2604                                  
PKO09A  1910  1453  2104  2418  2147  2070  2373  2348  1862  1532  1749          
PKO09A  1920  1892  1416  1749   901  1617  1369  1298   979  1118  1011          
PKO09A  1930  1384   939  1319   923   553   919   845   785  1023  1044          
PKO09A  1940   896  1553  1386  1451  1370  1468  1576  1211  1330  1178          
PKO09A  1950  1629  1422   914  1232  1296  1424   853   771  1542  1036          
PKO09A  1960  1017  1401  1091   662  1089  1069  1044   895  1150   880          
PKO09A  1970   819  1092   890   521   866   990   591   509   579   584          
PKO09A  1980   652   576   594   552   568   532   567   487   577   547          
PKO09A  1990   564   614   676   768   644   593   631   713   648   698          
PKO09A  2000   559   551   490   639   665   674   460   659   652   490          
PKO09A  2010   467   501   602   701   448   585   473   736   559   634          
PKO09A  2020 -9999                                                                
PKO09B  1900  1890  2657  4118  2443  1571  2398  3266  3735  2804  3069          
PKO09B  1910  2201  3695  3382  2754  2402  2641  2299  2295  1694  2333          
PKO09B  1920  2783  2084  2870  1497  2804  1557  1836  1228  1527  1357          
PKO09B  1930  1830  1176  1574  1397   778  1339  1585  1232  1797  1769          
PKO09B  1940  1103  1792  2369  1479  1662  1341  1408  1465  1240  1320          
PKO09B  1950  2001  1283  1137  1278  1142  1590   843   991  1213  1016          
PKO09B  1960   900  1354   824   630  1154   836   658   677  1016  1144          
PKO09B  1970  1164  1335   874   800   950  1243   949   860   863  1123          
PKO09B  1980  1035   806   872   855  1027   815   776   867   712   585          
PKO09B  1990   733   968  1190   888  1159   915   699   883   968   840          
PKO09B  2000   807   701   774  1359   946   844   747   907   874   824          
PKO09B  2010   814  1145   838   995   976   970   786   908   784   863          
PKO09B  2020 -9999                                                                
PKO10A  1906  5262  4042  5501  4784                                              
PKO10A  1910  2318  2043  1981  1592  1727  2628  3781  2091  1918  2352          
PKO10A  1920  2175  2008  2413  1321  2078  1660  1430  1412  1170  1525          
PKO10A  1930  1512  1069  1434  1173   604   943  1224  1057  1487  1651          
PKO10A  1940  1323  1870  1803  1557  1564  1635  1756  1695  1473  1383          
PKO10A  1950  2148  1366  1036  1228  1321  1474   850   811   937  1089          
PKO10A  1960   818   966   925   931   923  1673   936   910  1040  1064          
PKO10A  1970   905  1181   755   736   744  1080   624   610   676   690          
PKO10A  1980  1026   890   858   962   874   890   875  1099   832   719          
PKO10A  1990   714   791   932   838   815   793   795   869  1533   827          
PKO10A  2000  1246   850  1419  1089  1144   836   751   934   703   772          
PKO10A  2010  1003  1432   897  1433   955  1098  1117  1079  1072   876          
PKO10A  2020 -9999                                                                
PKO10B  1901  2553  3564  2758  2153  2050  3776  2398  2681  3316                
PKO10B  1910  1856  2084  2334  1752  1494  2424  2269  1883  1980  2658          
PKO10B  1920  2980  2476  3131  1561  2166  1748  1327  1555  1262  1453          
PKO10B  1930  1375  1175  1581  1209   611   826  1077   892  1147  1816          
PKO10B  1940  1278  1407  1642  1619  1556  1615  1421  1751  1518  1138          
PKO10B  1950  1549  1191  1236   944   894  1105   753   782  1118   917          
PKO10B  1960   945  1667   997  1227  1034  1236  1031  1153  1235  2016          
PKO10B  1970   918  1600  1044   857  1086  1583   879   792   928   899          
PKO10B  1980  1050   779  1036  1128  1071   902   898  1036   953  1066          
PKO10B  1990   866  1025  1468  1383  1476  1032  1080  1268  1965  1062          
PKO10B  2000  1522  1049  1759  1323  2074  1152  1222  1821  1121  1267          
PKO10B  2010  1158  1688  1154  2052  1735  2119  2084  1459  1601  1164          
PKO10B  2020 -9999                                                                
