PKA01A  1904  3966  4405  3829  5185  5197  5054                                  
PKA01A  1910  2270  3486  5329  3476  3922  4946  2659  3189  2953  3649          
PKA01A  1920  3525  3470  4480  2681  4648  3041  1814  2715  3247  2501          
PKA01A  1930  3822  1457  2997  2734  1277  4274  3315  3048  3936  2505          
PKA01A  1940  1782  2016  2052  1484  1705  1754  1698  1692  1354  1371          
PKA01A  1950  1910  2317  1474  1605  1423  1826  1354  2379  2274  2066          
PKA01A  1960  1873  2425  2186  2319  2625  2113  1904  1892  1737  1861          
PKA01A  1970  1784  1626  1889  1788  1872  2006  1625  1345  1470  1485          
PKA01A  1980  1370  1432  1383  1176  1122   998   796   974   807   603          
PKA01A  1990   955   966   876  1720  1257   949   987  1180  1871  1410          
PKA01A  2000  1401  1766  1287  1063  1268  1211   815  1000  1179  1200          
PKA01A  2010  1217  1034   826   628   691   706   979   866  1124 -9999          
PKA01B  1829  1280                                                         
PKA01B  1830  1270  1249  1005  1175  1348   745   617   513   477   658         
PKA01B  1840   542   478   870   531   680   588   419   392   383   518          
PKA01B  1850   460   431   326   392   382   420   334   350   397   457          
PKA01B  1860   448   275   490   502   486   523   585   533   361   371          
PKA01B  1870   285   346   403   351   319   346   212   385   357   307           
PKA01B  1880   352   311   323   302   251   340   306   251   205   389          
PKA01B  1890   309   232   311   229   204   243   417   440  2306  2798          
PKA01B  1900  2559  3577  3245  4526  3414  3256  2803  4443  4762  5278          
PKA01B  1910  2473  2956  5589  3577  3556  5119  4094  2741  2335  2476          
PKA01B  1920  2324  2319  3521  2006  4431  2933  1942  2302  2407  1913          
PKA01B  1930  2692  1581  2707  2348   997  2311  2087  2730  3490  2349          
PKA01B  1940  1433  2590  3088  1866  2047  1800  1555  1499  1007  1272          
PKA01B  1950  1776  1956  1331  1668  1552  1872  1456  2092  2204  2535          
PKA01B  1960  2004  2101  2087  1601  2144  2355  2521  1839  2012  2197          
PKA01B  1970  2092  1861  2387  2735  3113  2760  2225  2356  2808  2175          
PKA01B  1980  1836  1939  2492  1621  1508  1346   998  1150   780   685          
PKA01B  1990   692   895   934  1703  1147  1335  1027  1526  2014  1688          
PKA01B  2000  1769  2389  1956  1408  1481  1438  1122  1571  1660  1375          
PKA01B  2010  1499  1291  1037   983  1016  1004  1076  1015  1188 -9999          
PKA02A  1900  4766  4181  7120  5385  4687  4037  3628  4683  3648  3225          
PKA02A  1910  1775  2711  3411  2661  3021  2673  2197  2137  1831  1980          
PKA02A  1920  1852  1843  2289  1484  1917  1469  1559  1640  1603  1677          
PKA02A  1930  1292  1210  1647  1652   896  2473  1541  1790  1925  1621          
PKA02A  1940  1131  1820  1442  1206  1473  1312  1281  1411   995  1360          
PKA02A  1950  1427  1538  1292  1270  1010  1371   765   992  1036  1238          
PKA02A  1960   961  1299  1224  1135  2273  3238  2765  1844  2012  2297          
PKA02A  1970  2556  2079  2029  2086  2578  2313  2149  1307  2376  2539          
PKA02A  1980  3123  2601  3475  2891  2617  2038  2013  2076  1515  1404          
PKA02A  1990  2148  2011  1534  2656  1978  1490  1578  2046  2109  1692          
PKA02A  2000  1207  1257  1866  1440  1677  1711  1196  1346  1706  1402          
PKA02A  2010  1493  1449  1051  1469  1517  1331  1505  1326  1380 -9999          
PKA02B  1884  2687  3112  1647  1726  3788  3549                                  
PKA02B  1890  3223  3470  3114  3320  2938  1962  2413  2575  2814  2708          
PKA02B  1900  2880  3380  4094  2171  2221  2319  2212  3152  2501  1848          
PKA02B  1910  1238  1514  1795  1788  1634  2169  1762  1541  1361  1508          
PKA02B  1920  1179  1512  1812  1191  1436  1167  1011  1444  1715  1224          
PKA02B  1930  1399  1051  1740  1471   804  1779  1212  1098  1660  1281          
PKA02B  1940   970  1294  1363  1360  1284  1353   886  1375   861   964          
PKA02B  1950  1018  1184  1122  1453  1138  1137   896  1112  1026  1171          
PKA02B  1960  1203  1372  1272   934  1531  1920  2214  1596  1975  2667          
PKA02B  1970  2617  2570  2722  2825  3234  3033  2719  1498  2411  2401          
PKA02B  1980  3391  2031  2710  2366  2784  2160  2449  2465  1776  1681          
PKA02B  1990  2464  2089  1933  4174  2658  1980  1697  2013  2483  2223          
PKA02B  2000  1785  1509  1727  1378  1652  1663  1106  1295  1583  1248          
PKA02B  2010  1366  1357  1065  1294  1357  1282  1197  1146  1050 -9999          
PKA03A  1906  2123  3103  3125  3641                                              
PKA03A  1910  1658  1746  4343  3796  5901  5531  4138  2376  2570  2334          
PKA03A  1920  3495  3413  3499  2129  2697  1735  1597  1388  1964  1775          
PKA03A  1930  3254  1930  2276  1427   839  1697  1291  1384  1833  1702          
PKA03A  1940  1000  1704  1563  1806  2043  1520  1489  1761  1121  1243          
PKA03A  1950  1210  1258   969  1701  1487  1639   946  1129  1221   940          
PKA03A  1960   837  1348   969  1246  1626  1375  1249  1027  1116  1034          
PKA03A  1970  1331   934  1246  1062  1391  1412  1260   862  1079   992          
PKA03A  1980  1274  1130  1427   908   993   886   770   915   798   772          
PKA03A  1990  1128  1130   958  1079   936   855   900  1094  1484  1483          
PKA03A  2000  1144   940  1701  1179  1479  1145  1123  1271  1290  1136          
PKA03A  2010  1365  1143  1053  1216   982  1098   988   980  1106 -9999          
PKA03B  1860  2280  1841  1554  3279  1630  1533  1490   986  1077  1279          
PKA03B  1870   894   813   856   664   418   726   873  1310  1713  2258          
PKA03B  1880  1853  2196  1949  1650  1497  1907  1169   906   917  1274          
PKA03B  1890  1081  1452  1776  1836  1320  1278  1762  2282  1928   798          
PKA03B  1900   920  1306  2630  2364  2674  2944  1547  1942  3281  3564          
PKA03B  1910  2833  3438  4671  3445  2564  3367  3054  2744  3591  3700          
PKA03B  1920  3519  2950  2547  2916  3388  2330  1936  1143  2154  1881          
PKA03B  1930  2540  1437  1871  1619   973  1934   962  1237  1779  1806          
PKA03B  1940  1069  1778  1679  1749  1678  1218  1309  1532  1263  1369          
PKA03B  1950  1618  2497  1884  1876  1323  1489  1255  1462  1246  1146          
PKA03B  1960  1137  1553  1113  1662  1905  1712  1262   927   960  1029          
PKA03B  1970   927  1175  1734  1076  1495  1238  1029   919   950   912          
PKA03B  1980  1223   890  1119  1069   980   808   791   771   779   725          
PKA03B  1990   931   721   755  1048   836   986   781   901  1017  1178          
PKA03B  2000  1054   821  1363   858   862   815   805   903   961   815          
PKA03B  2010  1035   964   965   944   931   714   662   725   755 -9999          
PKA04A  1902  1473  2466  3416  3406  3034  4331  6412  4420                      
PKA04A  1910  3255  2412  3461  3062  2972  3881  2770  2496  2587  3570          
PKA04A  1920  3424  2850  3579  2402  4402  3141  2795  3229  3507  2763          
PKA04A  1930  2881  1995  3020  2780   912  3014  1763  1455  1628  1112          
PKA04A  1940  1158  1202  1829  2084  2433  2084  1693  2595  1925  1994          
PKA04A  1950  1821  2275  1790  1591  1138  1435   813   657   740   974          
PKA04A  1960  1578  1850  1488  1242  1445  1769  1891  1577  1565  1925          
PKA04A  1970  1925  1686  1783  1305  1744  2124  1510  1074  1563  2064          
PKA04A  1980  2351  1915  2205  1900  1915  1690  1844  2200  1682  1558          
PKA04A  1990  1856  2816  2425  3257  2832  2462  2709  2630  2131  2493          
PKA04A  2000  1995  2199  2805  2156  2812  2458  2434  2686  3064  2437          
PKA04A  2010  3025  3149  2151  3405  2694  2047  2718  3166  2111 -9999          
PKA04B  1892   543   782   769  2329  1799  2559  4035  2090                      
PKA04B  1900  1056  1088  2289  2938  1981  1598  1721  1445  2225  3204          
PKA04B  1910  2368  2010  3303  2698  3075  3699  2628  2019  2428  2535          
PKA04B  1920  3333  2422  3075  2614  4618  4089  3169  3198  3407  3369          
PKA04B  1930  3309  1642  2448  2430   950  3261  1853  1875  2146  1766          
PKA04B  1940  1237  1899  2766  2323  2657  2194  2137  2908  1840  2435          
PKA04B  1950  2089  2784  2305  1931  1181  1513   919  1093   846  1114          
PKA04B  1960  1663  1397  2126  1256  1632  1968  1933  1602  1773  2733          
PKA04B  1970  2500  1798  1734  1548  1770  2262  2073  1257  2025  2165          
PKA04B  1980  2633  2280  2436  2138  2335  2185  2231  2449  1549  1597          
PKA04B  1990  2088  2438  2739  3374  3086  2662  2712  2823  2340  2577          
PKA04B  2000  2005  2524  4047  2593  3332  2967  2626  3710  3779  3007          
PKA04B  2010  3647  3645  1906  1403  1350  1519  2170  2606  1896 -9999          
PKA05A  1897  5291  4816  3869                                                    
PKA05A  1900  2818  2618  4188  2882  2360  2657  2767  1816  1927  1576          
PKA05A  1910   926  1191  1791  1089   754   981  1025   768   988  1538          
PKA05A  1920  1838  2106  1826  1737  2078  1868  1663  1832  2658  2273          
PKA05A  1930  1967  1200  1887  1556   816  1869  1284  1049  1774  1373          
PKA05A  1940  1370  2519  2952  2853  2524  2057  1760  2533  2036  2478          
PKA05A  1950  2063  2590  2681  2307  1591  2152  1146  1495  1745  2089          
PKA05A  1960  2716  3194  2606  2221  1721  2292  2407  1671  1970  2244          
PKA05A  1970  1898  2067  2350  1933  2564  2696  1471   897  2100  2217          
PKA05A  1980  1969  2300  2624  2315  2073  1691  2029  2416  1585  1284          
PKA05A  1990  1731  2372  2105  2884  2185  1880  2203  1829  1952  2500          
PKA05A  2000  2859  2743  2414  1998  2546  1887  1529  1867  2121  2036          
PKA05A  2010  1973  1907  1390  1919  1567  1892  2578  1976  1289 -9999          
PKA05B  1902  2046  1345  1426  1823  2659  2992  4419  2078                      
PKA05B  1910  1299  1413  2257  1928  1195  1356  1565  1059  1187  2233          
PKA05B  1920  2527  2811  2763  2486  3715  2500  2032  2318  2838  2442          
PKA05B  1930  2471  1685  2154  2129   992  2124  1532  1212  2079  1748          
PKA05B  1940  1329  1914  2851  2873  3220  2709  2717  3023  3158  4081          
PKA05B  1950  2997  3037  2922  2490  1640  2385  1108  1327  1463  1930          
PKA05B  1960  2356  2504  2304  1962  2057  2323  2215  2414  2662  3175          
PKA05B  1970  2828  2496  2737  2449  2538  2426  2037  1388  1997  2047          
PKA05B  1980  2033  1946  2562  2057  1781  1527  2138  2224  1582  1591          
PKA05B  1990  1791  2183  2666  2830  2884  2376  2768  2623  3515  3932          
PKA05B  2000  3002  3543  4314  2986  3846  2853  2590  3464  4211  3166          
PKA05B  2010  3547  3386  2456  2576  2981  2749  4104  2562  2352 -9999          
PKA06A  1900   906  3283  5739  4513  2951  2844  2520  3029  3077  2982          
PKA06A  1910  1889  2080  3064  2751  2709  2948  2285  1408  1728  1718          
PKA06A  1920  1582  1349  1789  1199  1796  1352  1035  1055  1087  1010          
PKA06A  1930  1274   591   634   817   406  1079   824   690  1029   788          
PKA06A  1940   757   951  1178  1109  1369  1338  1031  1061   784  1243          
PKA06A  1950  1985  2634  2277  1930  1610  2136  1266  1722  2282  2576          
PKA06A  1960  2726  3471  2440  1846  2441  2713  2168  1963  2369  2739          
PKA06A  1970  1847  1786  2148  1867  1915  1729  1604   950  1546  1053          
PKA06A  1980  1301  1093  1409  1397  1564  1021   931   991   888   863          
PKA06A  1990   862   967   976  1388  1168  1045   761   898  1002  1214          
PKA06A  2000  1005  1202  1198   949  1308   985   827   851  1250   949          
PKA06A  2010  1259   857   740   767   769   602   714   677   740 -9999          
PKA06B  1906  3908  3521  3924  3995                                              
PKA06B  1910  2502  3530  5280  3103  3315  3594  2178  1728  1903  2043          
PKA06B  1920  1628  1645  2194  1435  1705  1631  1197  1315  1398   822          
PKA06B  1930   836   446   323   392   334   636   538   498   698   494          
PKA06B  1940   673  1060  1184  1510  1281   825   818   819   786  1389          
PKA06B  1950  1916  2521  1861  1904  1399  2035  1041  1419  1929  2219          
PKA06B  1960  2888  2827  2463  2019  2427  2641  2250  2038  2179  2334          
PKA06B  1970  2096  1926  1767  1389  1663  1353  1182   896  1151  1040          
PKA06B  1980  1069   788  1226  1052  1181   838   925   696   618   714          
PKA06B  1990   768   827   939  1479  1043   899   844   875  1086  1260          
PKA06B  2000  1021  1105   865   822  1124   984   699   902  1325  1257          
PKA06B  2010  1080  1161   847   911   733   826   953  1075   867 -9999          
PKA07A  1902  4144  5710  4086  4150  5117  5218  6186  5900                      
PKA07A  1910  4085  4162  4618  4893  5075  5071  3837  2996  2717  2961          
PKA07A  1920  2210  2330  2254  1652  1345   993  1037  1194  1909  1301          
PKA07A  1930  1847  1277  1657  1257   640  1759   814  1056  1166  1073          
PKA07A  1940   731  1345   828   922  1031   918  1085  1156   917  1315          
PKA07A  1950   932   987   889   669   778   744   640   674   695   672          
PKA07A  1960  1050  1197  1132  1057  1145  1577  1569  1181  1117  1305          
PKA07A  1970  1122   980  1169  1090  1159   988  1095   702   924   867          
PKA07A  1980  1039   871  1060  1156  1026  1051   935  1096   967   765          
PKA07A  1990   723   962  1027  1391  1170   932  1038  1227  1061  1127          
PKA07A  2000   978   979  1808  1225  1511  1197  1288  1413  1460  1460          
PKA07A  2010  1445  1731  1287  2213  1772  1316  2084  1471  1053 -9999          
PKA07B  1899  1879                                                                
PKA07B  1900  1520  1819  3404  2514  2189  2482  3229  3177  2986  2726          
PKA07B  1910  2964  2032  2585  3675  2213  3018  2773  1637  1662  2568          
PKA07B  1920  2159  1882  1641  1468  1247  1152  1308  1191  1409   838          
PKA07B  1930  1181   904  1368  1319   746  1806  1216  1135  1485  1157          
PKA07B  1940  1005  1600  1537  1546  1624  1540  1218  1433  1048  1243          
PKA07B  1950  1165  1154   882  1254  1234  1023   959  1280  1121  1341          
PKA07B  1960  1291  1316  1614  1213  1214  1468  1435  1364  1266  1436          
PKA07B  1970  1195  1243  1099  1045  1200  1001  1089   700   987   932          
PKA07B  1980  1077  1299  1337   869   800   624   589   689   763   904          
PKA07B  1990   962  1076   918  1338  1141  1122  1389  1747  1581  1973          
PKA07B  2000  1665  1408  1815  1362  1484  1404  1009  1228  1247  1126          
PKA07B  2010  1317  1785  1231  1379  1352  1393  2007  2055  1335 -9999          
PKA08A  1899  3935                                                                
PKA08A  1900  4389  8246 11688  8302  4116  2834  3743  2527  3177  2448          
PKA08A  1910  1888  1179  1749  1850  1303  2123  1620  1283  1086  1414          
PKA08A  1920   998  1001   927   743  1001   843   813   738   933   685          
PKA08A  1930  1020   779  1250   931   632  2143  1935  2021  2382  1789          
PKA08A  1940  1768  2848  3394  2564  1783  2407  2031  2380  1280  1870          
PKA08A  1950  1983  2526  2403  1759  1315  1778   954  1297  1582  1802          
PKA08A  1960  1594  1899  1973  1399  1869  1885  1620  1750  1745  2231          
PKA08A  1970  2002  1812  1613  1283  1355  1841  1362  1018  1662  1341          
PKA08A  1980  1568  1395  1951  1686  1299  1353  1427  1205  1332   929          
PKA08A  1990  1323  1543  1674  1913  1910  1342  1294  1403  1323  1978          
PKA08A  2000  1407  1296  1695  1338  1338  1311   878  1452  1776  1099          
PKA08A  2010  1284  1707  1300  2168  1703  1696  1766  1484  1097 -9999          
PKA08B  1895  3865  2317  2931  3421  2043                                        
PKA08B  1900  2336  2969  4273  5342  4394  4264  2791  3700  2882  2351          
PKA08B  1910  1956  1459  1710  2279  1805  1778  1733  1306  1065  1535          
PKA08B  1920  1128  1426  1566  1297  1704  1289  1195   960  1357   755          
PKA08B  1930   850   795  1127  1167   807  2246  2279  2067  3140  2571          
PKA08B  1940  2278  3610  4370  3246  3058  2891  2763  2607  1480  1770          
PKA08B  1950  2046  2840  2235  2195  1599  1514  1206  1531  1670  1628          
PKA08B  1960  2139  2513  2175  1517  2113  1578  1540  1513  1738  2161          
PKA08B  1970  1934  2106  1663  1434  1517  1689  1554   995  1276  1532          
PKA08B  1980  1471  1272  1335  1285  1251  1152  1096  1426  1438  1255          
PKA08B  1990  1609  1696  1613  2266  1678  1090  1334  1420  2087  1735          
PKA08B  2000   926   796   944   846   865   846   625   798  1317   782          
PKA08B  2010   808   911   826  1042   859   905   998   911   748 -9999          
PKP001A 1922  2812  2166  3259  2700  1764  2225  2500  2636                      
PKP001A 1930  2027  1174  1881  1625   900  2616  1596  1566  2087  1632          
PKP001A 1940  1226  1417  1638  1614  1755  2110  1960  1783  1487  1947          
PKP001A 1950  2583  2562  2154  2331  1774  1909  1140  1355  1756  2015          
PKP001A 1960  1820  2047  1950  1601  1759  1912  1562  1669  1637  2275          
PKP001A 1970  1803  1574  1413  1431  1720  1400  1381  1171  1436  1519          
PKP001A 1980  1384  1293  1287  1335  1203  1223  1189  1445  1149  1154          
PKP001A 1990  1356  1350  1643  2065  2072  1789  1523  1487  1534  1465          
PKP001A 2000  1932  1553  3665  2173  2200  2129  2215  2633  3318  2403          
PKP001A 2010  2280  2877  2159  3094  2459  2344  2946  2583  1847 -9999          
PKP001B 1914  1906  2819  2852  1652  1680  2208                                  
PKP001B 1920  1961  2018  2512  1863  2430  1920  1597  2104  2303  1906          
PKP001B 1930  1931  1062  1997  1698   917  2297  1581  1386  1946  1656          
PKP001B 1940   857  1622  1798  1687  1714  1767  1782  1922  1472  1758          
PKP001B 1950  2129  2122  1435  2333  1716  1857  1125  1322  1632  1721          
PKP001B 1960  1368  1888  1577  1449  1917  2044  1908  1492  1481  1913          
PKP001B 1970  1582  1538  1451  1234  1370  1253  1242   953  1159  1202          
PKP001B 1980  1211  1167  1208  1233  1044   978   895  1318  1073  1222          
PKP001B 1990  1403  1316  1806  2167  1509  1576  1184  1423  1773  1357          
PKP001B 2000  1409  1493  1848  1435  1558  1412  1290  1088  1802  1166          
PKP001B 2010  1150  1346  1200  1435  1554  1469  1976  1578  1668 -9999          
PKP002A 1917  2733  1605  2415                                                    
PKP002A 1920  2847  2430  2501  2491  3137  3058  2350  2661  2863  1861          
PKP002A 1930  1750   915  1920  1582   784  2452  1475  1631  2267  1916          
PKP002A 1940   829  1406  1696  1731  1531  1968  1947  2260  1102  1871          
PKP002A 1950  1531  2394  1679  1678  1687  1415  1056  1538  1710  1822          
PKP002A 1960  1750  2173  1779  1033  1562  1616  1681  1162  1744  1660          
PKP002A 1970  1794  1426  1143  1007  1718  1218  1558  1231  1345  1661          
PKP002A 1980  1880  1416  1655  1876  1734  1575  1660  2113  1187  1532          
PKP002A 1990  1782  1589  1783  2328  1749  1743  1452  1724  2330  1652          
PKP002A 2000  1491  1984  2317  1721  1758  1657  1551  1660  2504  1989          
PKP002A 2010  1805  2382  1782  2356  2192  1404  2015  1917 -9999                
PKP002B 1930  1439   845  1644  1221   683  2119  1349  1285  1830  1569          
PKP002B 1940   840  1194  1831  1904  1865  2094  2013  1926  1071  1762          
PKP002B 1950  1821  2733  1933  1861  1357  1819  1243  1486  1612  1836          
PKP002B 1960  1992  1885  1447  1861  1766  1781  1746  1068  1534  1958          
PKP002B 1970  1721  1626  1395  1037  1681  1253  1217   842  1170  1424          
PKP002B 1980  1965  1213  1277  1582  1733  1530  1359  1932  1087  1053          
PKP002B 1990  1465  1362  1545  2131  1622  1026  1395  1738  2223  1656          
PKP002B 2000  1515  1531  2141  1503  1906  1542  1271  1728  2537  2014          
PKP002B 2010  1693  2153  1447  1712  1764  1490  2048  1766  1291 -9999          
PKP003A 1920  2115  2500  2842  1994  2518  2297  2326  2537  2859  2260          
PKP003A 1930  2327  1111  2116  2396  1084  2665  1786  1764  2105  1611          
PKP003A 1940  1231  2055  1967  1938  2802  1865  1754  2692  1800  1832          
PKP003A 1950  2587  2924  2143  2716  1787  1783  1350  1580  1592  1868          
PKP003A 1960  1735  2642  1952  1459  1716  1288  1500  1435  1551  2091          
PKP003A 1970  1769  1681  1551  1580  2064  1859  2023  1165  2082  1996          
PKP003A 1980  1896  1733  2049  2080  2545  1879  2940  2395  1421  1579          
PKP003A 1990  1917  2204  2118  2358  1863  1924  1575  2101  1558  1810          
PKP003A 2000  2104  2004  2222  1559  2553  1661  1058  1822  2546  2378          
PKP003A 2010  2224  2184  1492  2037  1575  1549  1825  1750  1194 -9999          
PKP003B 1890  2374  1989  2557  1739  2035  1726  2444  2173  2096  1960          
PKP003B 1900  1623  1662  2254  2901  1827  1714  1761  2049  2590  2150          
PKP003B 1910  1404  1656  2124  1896  2009  1953  2414  1799  2714  2397          
PKP003B 1920  1836  2138  2498  1644  2118  1712  1796  2232  1996  1306          
PKP003B 1930  1364   869  1734  1885   680  1796  1203  1166  1788  1229          
PKP003B 1940   853  1390  1258  1389  2027  1312  1222  2114  1291  1360          
PKP003B 1950  1714  1884  1711  2156  1536  1197   951  1304  1388  1166          
PKP003B 1960  1494  1817  1292  1107  1188  1196  1287  1103  1133  1518          
PKP003B 1970  1257  1037   936  1183  1606  1575  1443   817  1390  1170          
PKP003B 1980  1588  1148  1550  1435  1501  1359  1618  1687  1320  1360          
PKP003B 1990  1442  1649  1334  1770  1359  1481  1135  1326  1423  1100          
PKP003B 2000  1461  1474  1732   953  1459  1004   852  1140  1735  1375          
PKP003B 2010  1225  1496  1251  1677  1268  1093  1381  1199   883 -9999          
PKP01A  1798    28    21
PKP01A  1800    14    21    29    19    62    33    40    53    55    48
PKP01A  1810   103    52    29    54   105    73    67    66    31    79
PKP01A  1820    28    38    60    37    63    91    82    92    68    46
PKP01A  1830   109   105   162   153   131    93    77    84    82   118
PKP01A  1840    72   101   134   107   136   125   106    81    74    81
PKP01A  1850    85   170    74    77    89    86    65    46    73    83
PKP01A  1860    75    68    97    73   104    75   112    93    78   117
PKP01A  1870    67    66   118    71    68   118   103   110   102   115
PKP01A  1880   133   133   122   122    99   154    82    54    77   105
PKP01A  1890    98    78   105    63    61    65    82    98   101    57
PKP01A  1900    64    70    81    83    73    67    45    90    84    95
PKP01A  1910    47    68    95   118   108   141    91   122    98    60
PKP01A  1920    67    80    90    75   131    66    62    74    77    57
PKP01A  1930    88    36    82    72    26   135    56    46    94    48
PKP01A  1940    48    59    66    67    90    68    55    68    44    50
PKP01A  1950    59    75    59    76    75    62    47    67    73    77
PKP01A  1960    89   109    89    64    63    70    76    61    66    96
PKP01A  1970    66    51    53    70    64    63    61    33    52    48
PKP01A  1980    50    33    58    48   999
PKP01B  1806    41    46    57    63
PKP01B  1810    70    94    49    90   120   118    62   111    73   121
PKP01B  1820    55    75    88    79   133   143   105   143   139    97
PKP01B  1830   135    88   106   119   133    93    53    56    55    74
PKP01B  1840    62    85   106    83   143   130    95    80    55    83
PKP01B  1850    71   123    47    56    68    45    43    48    56    71
PKP01B  1860    61    54    91    76    71    51    52    58    52    93
PKP01B  1870    59    62   107    73    59    95   107   110    92   119
PKP01B  1880   105   138   126   102    64    74    37    36    47    77
PKP01B  1890    72    66   123    76    77    62   103   103   108    77
PKP01B  1900    50    63    68   104    83    73    68    94    95    92
PKP01B  1910    51    87    94    94    78   163   138   119   105    87
PKP01B  1920    82    94    95    84   128    97    69    93    84    68
PKP01B  1930    97    52    70    67    41   117    83    82   119    61
PKP01B  1940    64    93    90    84   113   102    81    81    54    80
PKP01B  1950    69    85    64    81    83    68    61    75    76    87
PKP01B  1960    75   108    89    72    74    86    95    70    86    92
PKP01B  1970    86    79    76    93    87    81    82    48    89    66
PKP01B  1980    78    68    74    62   999
PKP03A  1893   347   301   183   350   267   321   130
PKP03A  1900   193   217   307   553   298   162   154   176   259   329
PKP03A  1910   294   270   355   300   339   393   335   211   275   267
PKP03A  1920   228   228   253   162   184   180   143   158   191   125
PKP03A  1930   169    95   157   164    57   174    97   100   127   101
PKP03A  1940    85   100   191   176   184   165   125   163   105   131
PKP03A  1950   102   128   102   127    90   110    74    77   144   132
PKP03A  1960   113   146   124    77   113   126   135   101   120   148
PKP03A  1970   122   105   115   129   154   151   133    97   150   140
PKP03A  1980    96    89   101   110   999
PKP03B  1907   139   154   197
PKP03B  1910   150   201   239   202   210   256   220   189   174   187
PKP03B  1920   182   148   185   141   211   154   108   131   165   110
PKP03B  1930   150    72   143   138    47   165    98    81   113    92
PKP03B  1940    67    91   119   110   153   148   123   147    95   126
PKP03B  1950   120   121   100   111    95    91    59    84   120    99
PKP03B  1960    82   148    93    81   119   113   128   108   142   133
PKP03B  1970   125   119   114   130   144   129   139    95   133   131
PKP03B  1980   137   118   161   161   999
PKP04A  1903   447   313   395   229   244   219   182
PKP04A  1910   118   192   259   260   271   297   235   215   236   219
PKP04A  1920   202   174   235   160   230   156   121   146   188   122
PKP04A  1930   165    94   160   114    56   160    88   104   143   123
PKP04A  1940    87   133   170   134   146   114   101   122    73    93
PKP04A  1950   104   107    86   124    90   105    71    79    85    84
PKP04A  1960    93   110    98    58    96   114   105    65   108    97
PKP04A  1970    75    67    84    97   103    76    74    54    96    90
PKP04A  1980    90    90   103    88   999
PKP04B  1857   153   264   155
PKP04B  1860   148   166   216   147   162   152   202   183   171   291
PKP04B  1870   135   111   180   149   109   174   210   159   198   264
PKP04B  1880   219   237   214   198   170   187   149   160   165   228
PKP04B  1890   231   243   306   242   185   133   164   204   229   167
PKP04B  1900   168   133   125   206   266   277   237   287   329   316
PKP04B  1910   196   286   346   273   363   444   363   361   332   288
PKP04B  1920   326   313   396   292   374   262   252   238   292   228
PKP04B  1930   243   171   330   239   137   260   155   163   155   109
PKP04B  1940    79   124   177   142   169   162   147   212   124   147
PKP04B  1950   129   168   123   148   141   107    82   113   109   132
PKP04B  1960   137   164   198   112   136   139   130   127   128   153
PKP04B  1970   133   129   108   128   122   104   120    90   181   162
PKP04B  1980   144   162   188   160   999
PKP05A  1909   226
PKP05A  1910   154   185   252   253   286   356   285   251   233   243
PKP05A  1920   191   214   244   152   273   215   163   194   235   142
PKP05A  1930   175   106   206   165    78   235   120   111   165   117
PKP05A  1940    83   122   159   159   162   201   134   180   109   133
PKP05A  1950   169   170   183   151   127   111    91   105   135   136
PKP05A  1960   140   154   142    83   122   119   118    98   106   123
PKP05A  1970    97    73    76    81   100    92   111    60    94    96
PKP05A  1980    80    77    99    98   999
PKP05B  1910   165   180   372   362   271   409   383   252   350   345
PKP05B  1920   258   217   314   210   326   237   186   235   291   197
PKP05B  1930   286   143   295   284    84   310   166   138   195   110
PKP05B  1940   103   161   209   215   241   192   208   208   135   132
PKP05B  1950   188   157   115   136    85    92    71    82    97   110
PKP05B  1960   110   134   142    89   113   123   136   136   141   155
PKP05B  1970   112    92    92   114   134   141    97    71   122   121
PKP05B  1980    95    91    97   106   999
PKP06A  1905   315   212   331   305   360
PKP06A  1910   160   231   348   258   243   275   240   173   236   217
PKP06A  1920   164   173   226   140   239   168   129   164   228    98
PKP06A  1930   131   107   168   130    63   140    88    82    96   110
PKP06A  1940    83   155   185   156   163   119   154   161    93   120
PKP06A  1950   121   104    95   118    92   120    66    70    72    85
PKP06A  1960    74   103   106    68   113   144   145    97   125   128
PKP06A  1970   130   108   119   117   146   120   123    67   116    87
PKP06A  1980    97    90   138   136   999
PKP06B  1825    40    25    25    20    16
PKP06B  1830    23    22    27    27    35    27    33    38    37    34
PKP06B  1840    21    30    53    46    84    76    53    55    48    62
PKP06B  1850    45    56    39    62    54    65    44    71    63    58
PKP06B  1860    76    69   111    76    96    63    74    55    62   140
PKP06B  1870    76    35    70    42    42    58   102    63    82    71
PKP06B  1880    98    79   113    52    85    74    74    30    42   101
PKP06B  1890    78   139   146   118    91    80   169   163   156   107
PKP06B  1900   118   176   149   214   218   217   189   253   309   294
PKP06B  1910   179   190   254   197   218   313   260   200   182   172
PKP06B  1920   165   143   213   159   213   146   138   164   211   144
PKP06B  1930   148   102   182   133    65   214   108    94   116   100
PKP06B  1940    69   123   156   116   121   125   130   162   109   117
PKP06B  1950   125   137   122   131    94   125    80    81    91    99
PKP06B  1960    96   127   110    91   119   117   135   101   129   159
PKP06B  1970   128   110   116   101   126   110   107    62   119   119
PKP06B  1980   122   103   126   117   999
PKP07A  1859   120
PKP07A  1860    82    86    98    86    81    52    57    55    41    70
PKP07A  1870    50    42    56    34    21    32    31    52    52    72
PKP07A  1880    60    72    69    59    47    54    47    40    59    70
PKP07A  1890    44    33    80    80    84    69   118    93    99    78
PKP07A  1900   125   119   246   352   246   137   137   179   177   210
PKP07A  1910   150   137   217   191   177   333   258   181   159   152
PKP07A  1920   143   155   195   168   259   210   176   191   232   138
PKP07A  1930   165   102   120   101    73   244   158   164   175   130
PKP07A  1940   115   174   224   166   192   234   208   224   144   182
PKP07A  1950   146   155   117   132   108   143    97   143   156   177
PKP07A  1960   184   194   128   112   136   167   144   145   160   187
PKP07A  1970   193   178   146   162   173   179   192    95   165   155
PKP07A  1980   157   161   187   188   999
PKP07B  1897   126   129   124
PKP07B  1900   109   124   286   293   185   173   182   193   188   243
PKP07B  1910   180   139   264   208   239   336   247   219   176   169
PKP07B  1920   134   163   198   152   249   191   192   196   212   151
PKP07B  1930   183   115   138   129    79   231   158   184   201   136
PKP07B  1940   104   147   200   186   199   215   172   191   141   145
PKP07B  1950   142   173   142   161   139   134   105   138   154   143
PKP07B  1960   170   172   129   138   155   178   169   155   174   194
PKP07B  1970   175   124   126   131   143   139   183    89   161   173
PKP07B  1980   177   172   217   187   999
PKP08A  1770    58    55    36    28    53    53    39    42    34    37
PKP08A  1780    30    47    44    20    30    27    29    36    31    32
PKP08A  1790    37    29    39    31    42    35    45    41    38    35
PKP08A  1800    27    35    43    51    67    57    61    78    56    65
PKP08A  1810    87   137    78    65    91   108    60    81    71    63
PKP08A  1820    58    82    94    92   104   103    94    58    73    55
PKP08A  1830   101    76    87    68    70    77    60    63    61    59
PKP08A  1840    66    79    67    65    93    91    83    87    72    83
PKP08A  1850    71    94    83    80    97   102   108    76    83    91
PKP08A  1860    89    76    97    79   109    89   102   108   100    99
PKP08A  1870    72    64    74    65    61    66    69    83    71    89
PKP08A  1880    99    96   109   104    98   112    85    64    82   102
PKP08A  1890   107   145   202   164   142   121   130   151   151   141
PKP08A  1900    97    61    60    64    60    59    51    67    82    80
PKP08A  1910    77    77   102    95    81   107    95    96    76    87
PKP08A  1920    89    88   101   101   120   106    84   121   125   103
PKP08A  1930   113    62    91    91    51    88    78    64    76    77
PKP08A  1940    70    84    99    99   108   108   100   121    85    89
PKP08A  1950    97    98    95    87    90    77    78    84    83    89
PKP08A  1960    94   104    94    76    83    89    99    77    89    83
PKP08A  1970    79    68    60    73    87    70    76    52    75    77
PKP08A  1980    60    41    84    65   999
PKP08B  1798    29    22
PKP08B  1800    12    23    22    35    40    46    57    89    62    86
PKP08B  1810   139   168   101    75   143   132    49    74    59    52
PKP08B  1820    42    46    75    61    66    88    81    61    78    41
PKP08B  1830    67    58    63    52    70    77    71    51    57    59
PKP08B  1840    52    68    70    72    90    87    66    58    86    94
PKP08B  1850   100   126    96    98    89    88   110    98    88    93
PKP08B  1860    93    93   103    87    99    86   109   103    83    81
PKP08B  1870    57    46    58    54    52    53    68    88    86    97
PKP08B  1880    99    93   111   106    96   143    94    65   100   140
PKP08B  1890   118   160   222   163   149   135   142   166   135   109
PKP08B  1900    80    58    59    62    56    62    79    95   103   106
PKP08B  1910    78    85   104    85    73    98   103    81    75    89
PKP08B  1920    96    81   103    97   147   102    87   118   107    89
PKP08B  1930    93    71    86   108    56   111    68    76    89    81
PKP08B  1940    72    72    87    87    92   101    83   109    82    90
PKP08B  1950   100   109    88    97    70    71    57    90    79    78
PKP08B  1960    84   103    80    76    91   101   114    82    89    78
PKP08B  1970    71    69    70    76    80    77    74    69    79    78
PKP08B  1980    74    61   102    92   999
PKP09A  1875   190   182   154   170   229
PKP09A  1880   173   179   281   221   202   255   246   223   348   519
PKP09A  1890   485   586   644   459   283   176   285   211   255   124
PKP09A  1900   134   243   316   395   350   300   243   304   369   340
PKP09A  1910   267   289   379   325   316   441   372   357   337   318
PKP09A  1920   325   292   306   221   259   264   201   272   248   143
PKP09A  1930   202    88   164   151    53   165   110    83   106    80
PKP09A  1940    62    72   111   120   125   152   121   161    73    95
PKP09A  1950   136   122    92   119    90    84    63    55    85    98
PKP09A  1960    97   114   131    62    97    93    83   110   124   152
PKP09A  1970   135    77    92    89   108   103    82    53   110    92
PKP09A  1980   105    87    86    78   999
PKP09B  1888   237   262
PKP09B  1890   245   269   333   214   178   146   219   154   168    82
PKP09B  1900    73   101   141   202   209   161   158   198   213   212
PKP09B  1910   159   162   237   207   231   318   235   283   200   244
PKP09B  1920   210   211   245   183   248   194   141   170   159    97
PKP09B  1930   135    81   133   115    67   152   106    84    96    62
PKP09B  1940    50    66    96    78    99   104    87    94    53    74
PKP09B  1950    85    84    70    72    73    64    48    59    63    56
PKP09B  1960    64    64    67    43    68    70    68    69    68    96
PKP09B  1970    67    54    78    78    88    88    66    49    71    76
PKP09B  1980    82    64    62    76   999
PKP10A  1882   290   249   182   342   193    85   209   249
PKP10A  1890   217   355   392   260   224   135   267   249   260   219
PKP10A  1900   147   182    63   105   103   156   151   219   244   166
PKP10A  1910    95   130   170   153   193   311   235   102    92   114
PKP10A  1920   107   113   142   110   185    96    70   130   100   142
PKP10A  1930   132    47    90   102    28    91    78   106   173   151
PKP10A  1940    70   173   249   228   250   224   133   205    69   116
PKP10A  1950   142   135   119   124    85   116    66    89   120   134
PKP10A  1960   168   181   186   142   127   127   135    91   150   223
PKP10A  1970   168    99   179   193   235   157   131    85   220   218
PKP10A  1980   106   109   163   141   999
PKP10B  1891   420   498   304   220   143   290   278   263   210
PKP10B  1900   185   183    62    82    92   149   164   254   242   257
PKP10B  1910   118   144   185   200   234   315   228   117   115   125
PKP10B  1920    92    85   119   117   165   106    73   113   112   124
PKP10B  1930   170    50   115   142    66   165   166   163   292   252
PKP10B  1940   127   310   406   240   258   286   176   205   118   156
PKP10B  1950   158   166   152   141   101   174    85   116   205   225
PKP10B  1960   252   235   230   174   150   140   166   122   150   230
PKP10B  1970   162   117   196   200   224   191   150    98   256   214
PKP10B  1980   111   124   179   155   999
PKP11A  1873   122   151   138   135   135   171   247
PKP11A  1880   244   265   245   263   214   288   174   166   215   325
PKP11A  1890   290   314   329   209   244   188   307   214   228   257
PKP11A  1900   238   253   197   366   232   273   179   201   294   243
PKP11A  1910   144   187   326   320   303   382   261   197   189   183
PKP11A  1920   134   157   275   149   229   153   161   227   255   205
PKP11A  1930   222   100   173   170    75   254   171   148   172   169
PKP11A  1940   116   175   171   186   196   164   189   177   122   149
PKP11A  1950   185   181   159   164   125   116    64    85    89   145
PKP11A  1960   120   167   143   115   193   362   361   248   241   376
PKP11A  1970   303   249   234   249   268   222   241   135   259   229
PKP11A  1980   210   219   247   229   999
PKP11B  1874   143   153   205   242   342   362
PKP11B  1880   309   353   345   256   129   170   129   150   167   236
PKP11B  1890   234   238   286   192   196   169   240   310   565   363
PKP11B  1900   210   175   120   237   183   185   128   168   187   174
PKP11B  1910   117   144   239   231   221   276   253   199   200   188
PKP11B  1920   141   178   235   152   231   165   145   190   168   184
PKP11B  1930   193   100   163   175    80   240   171   159   181   184
PKP11B  1940   111   138   178   147   187   171   154   173   124   145
PKP11B  1950   141   195   165   212   206   200   166   180   180   186
PKP11B  1960   172   178   122   104   167   200   168   128   160   238
PKP11B  1970   233   176   183   176   211   194   197   151   228   194
PKP11B  1980   180   168   206   177   999
PKP12A  1878   310   383
PKP12A  1880   285   253   193   184   217   167   149   116   151   173
PKP12A  1890   118   155   195   111   135    94   180   193   174    87
PKP12A  1900    90   113   169   236   151   130   149   196   185   172
PKP12A  1910   133   149   188   154   146   238   222   155   116   139
PKP12A  1920   106   103   127   118   160    95    85   129   149   157
PKP12A  1930   158    85   146   135    67   170   114   178   236   232
PKP12A  1940   156   216   199   227   242   187   169   214   136   186
PKP12A  1950   182   214   153   151   112   113    88   107    96   128
PKP12A  1960   129   151   156    92   105   125   139   116   127   185
PKP12A  1970   162   132   149   151   152   141   104    62   103   145
PKP12A  1980   147   146   153   163   999
PKP12B  1873   242   335   350   604   391   478   514
PKP12B  1880   351   345   563   388   419   469   224   124   182   266
PKP12B  1890   246   328   400   288   234   193   317   262   257   139
PKP12B  1900   133   141   159   215   166   111   143   234   217   231
PKP12B  1910   154   183   205   170   191   232   210   154   140   124
PKP12B  1920   116   129   149   122   167   119   107   131   172   151
PKP12B  1930   187   123   173   160    74   213   148   233   245   210
PKP12B  1940   149   287   347   230   200   232   236   249   167   175
PKP12B  1950   156   165   127   126   111   118    88   120   133   130
PKP12B  1960   117   133   115    78    98   156   149   113   148   171
PKP12B  1970   140   129   148   196   200   178   158   110   199   134
PKP12B  1980   116   129   129   125   999
PKP13A  1859   510
PKP13A  1860   507   489   452   422   397   197   235   169   183   253
PKP13A  1870   224   169   243   181   165   193   244   290   345   303
PKP13A  1880   245   216   223   170   185   271   163   192   131   151
PKP13A  1890   129   127   223   199   159    85   138   160   159   118
PKP13A  1900   151   145   203   166   156   136   113   161   161   163
PKP13A  1910    88   166   194   163   196   195   222   168   159   163
PKP13A  1920   120   125   160   153   177   174   138   179   204   151
PKP13A  1930   177   148   171   149    80   162   128   143   159   120
PKP13A  1940    91   143   144   113   118   143    93   129    85   103
PKP13A  1950   113   132    86   132    96    97    75    95    82    92
PKP13A  1960    76   100    88    82    87    90   103    71    73    88
PKP13A  1970    64    68    59    73    71    68    80    68    79    87
PKP13A  1980    99    85   108    82   999
PKP13B  1828   562   156
PKP13B  1830   186   311   222   233   276   206   202   285   300   294
PKP13B  1840   384   349   341   300   370   340   419   273   317   425
PKP13B  1850   393   395   369   409   273   330   317   261   299   406
PKP13B  1860   320   248   296   301   367   189   327   295   177   237
PKP13B  1870   140   175   220   202   184   179   251   232   308   396
PKP13B  1880   302   301   319   184   195   326   157   174   186   192
PKP13B  1890   148   153   213   158   133   111   146   173   148   120
PKP13B  1900   160   139   237   252   173   161   151   252   224   219
PKP13B  1910    89   227   232   198   228   226   200   165   149   150
PKP13B  1920   146   144   262   108   225   170   164   189   259   177
PKP13B  1930   206   179   266   229   119   238   172   209   237   166
PKP13B  1940   118   172   185   135   125   191   137   160   103   136
PKP13B  1950   173   201   129   206   147   128   105   117    95   104
PKP13B  1960    91   129   105   101   128   128   125   102   114   149
PKP13B  1970   103    91    96   105   128   101   127    92   123   115
PKP13B  1980   137   100   129   112   999
PKP14A  1824   310   306   220   253   199   226
PKP14A  1830   265   203   230   201   204   176   148   173   195   132
PKP14A  1840   164   223   282   131   241   183   227   233   234   270
PKP14A  1850   200   288   207   255   272   223   176   182   144   185
PKP14A  1860   205   211   215   236   259   228   187   210   210   225
PKP14A  1870   136   139   258   211   192   209   283   267   307   336
PKP14A  1880   242   300   268   207   143   194   114   160   133    74
PKP14A  1890   113   105   165   113   107   105   150   177   163   172
PKP14A  1900   154   156   201   221   209   154   137   171   149   151
PKP14A  1910    80   107   138   125   127   155   211   152   152   147
PKP14A  1920   131   123   201   172   178   201   193   121   169   150
PKP14A  1930   140   131   204   184    89   208   110   119   172   158
PKP14A  1940   113   178   147   173   189   160   139   176   106   194
PKP14A  1950   167   178   124   157   103   133    99   170   174   142
PKP14A  1960   134   169   124   125   159   157   153   123   146   158
PKP14A  1970   158   150   156   122   135   156   158   109   110    98
PKP14A  1980   114   110   148   147   999
PKP14B  1829   325
PKP14B  1830   300   227   317   315   270   264   295   336   322   257
PKP14B  1840   283   301   405   230   369   261   321   296   279   262
PKP14B  1850   161   198   188   240   255   265   237   220   205   225
PKP14B  1860   240   188   214   293   353   245   249   280   263   332
PKP14B  1870   238   221   237   187   231   234   306   283   253   362
PKP14B  1880   299   327   244   161   119   189    72    94    91    66
PKP14B  1890    81    91   179   107   112   105   135   163   154   162
PKP14B  1900   156   163   236   264   246   201   139   160   130   112
PKP14B  1910    72   124   150   125   147   200   231   170   127   190
PKP14B  1920   202   191   350   324   427   303   342   232   242   256
PKP14B  1930   294   206   243   175    79   166   161   168   132   144
PKP14B  1940   107   162   139   133   161   153   206   210   162   157
PKP14B  1950   146   213   159   152   104   160    94   143   157   128
PKP14B  1960   146   177   136   155   155   160   136   110   108   137
PKP14B  1970   135   141   134   112   130   141   161   117   122   119
PKP14B  1980    96   127   154   168   999
PKP15A  1842   482   333   434   429   449   378   442   470
PKP15A  1850   439   412   261   357   387   441   354   262   252   300
PKP15A  1860   269   231   258   227   308   250   321   283   259   269
PKP15A  1870   271   243   291   230   228   233   192   230   315   244
PKP15A  1880   220   224   215   206   220   242   197   180   213   245
PKP15A  1890   221   212   217   215   189   141   189   225   214   209
PKP15A  1900   202   198   263   310   264   226   208   240   225   249
PKP15A  1910   130   210   247   172   246   219   233   195   196   233
PKP15A  1920   227   205   269   201   174   183   215   181   120   135
PKP15A  1930   174   133   151   170    98   143   152   160   169   138
PKP15A  1940   121   158   141   139   204   154   181   170   118   126
PKP15A  1950   163   146   148   156   139   123    93   123    93   112
PKP15A  1960   108   123   122    83   141   110   103   116   126   115
PKP15A  1970   120    92   107    92    82   111   121    99   135   131
PKP15A  1980   118   105   138   135   999
PKP15B  1870   212   270   257   213   236   216   334   292   349   419
PKP15B  1880   368   369   382   275   324   352   274   333   315   396
PKP15B  1890   275   333   369   310   288   219   303   327   336   315
PKP15B  1900   306   220   443   425   365   420   273   452   406   406
PKP15B  1910   204   263   306   321   369   349   394   353   416   408
PKP15B  1920   340   292   587   318   311   314   380   288   310   294
PKP15B  1930   302   215   343   310   179   324   207   281   358   294
PKP15B  1940   210   296   247   268   329   254   312   296   244   296
PKP15B  1950   327   381   292   393   244   231   165   235   207   200
PKP15B  1960   237   355   250   213   283   230   213   227   196   256
PKP15B  1970   243   204   209   219   243   226   214   164   211   240
PKP15B  1980   287   218   312   259   999
PKP16A  1827   377   315    82
PKP16A  1830    78   142   230   184   199   175   201   235   235   342
PKP16A  1840   324   283   407   264   343   280   291   297   215   270
PKP16A  1850   250   296   183   240   283   274   215   189   188   194
PKP16A  1860   273   222   257   156   209    82    79    79   101   144
PKP16A  1870   108   102   155   123   143   161   227   194   251   248
PKP16A  1880   170   168   135   123   122   160   153   119   111   145
PKP16A  1890   137   191   248   186   149   100   143   198   174   203
PKP16A  1900   194   179   150   222   222   198   172   235   203   287
PKP16A  1910   125   226   315   305   294   244   264   223   232   318
PKP16A  1920   249   214   326   212   184   203   222   188   187   143
PKP16A  1930   201   150   234   178   114   167   149   183   183   139
PKP16A  1940   111   159   171   135   134   138   114   137   108   130
PKP16A  1950   157   164   136   224   168   155   134   128   109   132
PKP16A  1960   117   121   114    97   129   158   129   140   123   142
PKP16A  1970   117   100   104   110   115   115   125   113   111   135
PKP16A  1980   116   106   117   110   999
PKP16B  1820   107   108   260   178   289   171   234   316   290    93
PKP16B  1830   122   127   163   190   201   159   159   158   211   243
PKP16B  1840   238   178   263   160   224   152   179   199   131   135
PKP16B  1850   121   160   123   114   120   125   132   135   127   191
PKP16B  1860   170   155   181   148   176    91    93    80   101   121
PKP16B  1870    92   104   133   109   139   136   163   156   202   238
PKP16B  1880   190   161   159   167   186   205   152   143   110   154
PKP16B  1890   156   184   237   173   155   125   159   190   194   222
PKP16B  1900   191   176   234   325   305   219   204   293   252   297
PKP16B  1910   162   268   346   300   302   262   304   255   268   287
PKP16B  1920   250   234   348   226   219   187   251   185   188   158
PKP16B  1930   181   139   230   187   123   187   161   186   213   168
PKP16B  1940   132   191   186   155   184   176   148   175   133   153
PKP16B  1950   166   199   154   193   167   166   131   131   121   142
PKP16B  1960   136   163   144   125   156   174   164   153   127   181
PKP16B  1970   135   117   111   131   119   103   120   113   104   117
PKP16B  1980   112   104   119   104   999
PKP17A  1840   263   293   322   307   437   369   379   310   296   390
PKP17A  1850   303   321   252   327   268   245   263   196   177   199
PKP17A  1860   181   159   159   124   185   157   177   184   152   167
PKP17A  1870   119   118   145   116   120   123   170   121   117   152
PKP17A  1880   173   141   165   111   111   160   104   100    87   101
PKP17A  1890   105    90   147   117    82    71   118   106   113    91
PKP17A  1900    85   101   131   126   102   106   110   111   110   123
PKP17A  1910    54   121   107   116   122   109   111    89    74    76
PKP17A  1920    63    83    94    88    78    91    94    87    92    71
PKP17A  1930   106    87   126   110    76    74    79    93   105    90
PKP17A  1940    59    97    90    75    86    82    56    83    57    73
PKP17A  1950    80   102    70    98    76    69    66    79    67    72
PKP17A  1960    55    82    58    45    92    62    50    57    40    57
PKP17A  1970    51    47    45    49    44    41    32    27    31    32
PKP17A  1980    35    30    38    44   999
PKP17B  1861   249   359   225   231   168   171   134   119   166
PKP17B  1870   102   113   131   120   128   144   191   146   133   165
PKP17B  1880   151   126   124    94   122   132    79    83    82    94
PKP17B  1890    91    88   104    75    67    80   106    95   113    90
PKP17B  1900    99   107   132   140   121   102   103   108   113   115
PKP17B  1910    55    92   103    95   110    92   109    94    94   108
PKP17B  1920   112   113   200   132   113   126   130   105   127   141
PKP17B  1930   127   110   207   156    99   104   108   130   130   109
PKP17B  1940    79   117    95    96   113   106    82   141    91    97
PKP17B  1950   122   144    91   126    88    89    58    81    77    66
PKP17B  1960    65    87    75    62    91    78    93    68    61    65
PKP17B  1970    64    61    64    60    65    56    39    43    48    41
PKP17B  1980    43    42    61    58   999
PKP18A  1854   243   243   268   250   294   310
PKP18A  1860   317   247   262   248   199   203   203   202   185   241
PKP18A  1870   194   149   171   150   133   152   215   190   221   200
PKP18A  1880   207   216   216   171   174   215   140   141   123   157
PKP18A  1890   161   169   216   210   193   162   220   237   236   274
PKP18A  1900   259   255   273   305   273   189   161   186   259   251
PKP18A  1910   138   268   339   296   283   329   325   259   206   262
PKP18A  1920   232   198   309   253   278   300   286   268   274   192
PKP18A  1930   250   159   231   204    94   241   151   166   215   182
PKP18A  1940   125   172   189   158   172   199   181   238   163   166
PKP18A  1950   225   261   178   223   164   180   117   136   154   153
PKP18A  1960   163   198   158   154   181   196   149   140   146   167
PKP18A  1970   175   160   159   133   184   170   182   132   131   143
PKP18A  1980   162   150   154   159   999
PKP18B  1864   296   218   249   210   181   251
PKP18B  1870   215   147   220   195   207   250   293   225   279   268
PKP18B  1880   244   241   226   203   190   265   193   209   178   218
PKP18B  1890   194   240   325   253   209   176   231   258   219   221
PKP18B  1900   219   202   285   303   293   260   269   291   278   298
PKP18B  1910   204   253   304   299   285   289   356   252   248   315
PKP18B  1920   267   273   425   339   354   315   348   302   332   206
PKP18B  1930   278   170   291   228   106   281   218   183   266   273
PKP18B  1940   164   226   222   223   273   261   252   293   212   240
PKP18B  1950   304   283   222   282   203   193   130   147   160   165
PKP18B  1960   182   213   175   195   182   185   190   161   182   175
PKP18B  1970   166   183   187   151   192   191   213   147   149   139
PKP18B  1980   170   154   184   179   999
