FXR011  1681    96    65    85    75    72    79    71    64    59
FXR011  1690    99    81    85    61   137   112    88    63    69    72
FXR011  1700    45    41    41    28    32    36    28    32    33    41
FXR011  1710    33    39    40    37    40    36    71    47    31    23
FXR011  1720    24    24    24    43    25    45    49    51    40    68
FXR011  1730    55    37    64    37    44    35    31    40    44    57
FXR011  1740    63    64    43    39    39    49    45    56    52    40
FXR011  1750    40    32    27    25    44    33    48    39    33    47
FXR011  1760    45    35    29    57    56    41    75    44    63    75
FXR011  1770    56    84    73    83    45    56    47    49    71    69
FXR011  1780    92    81    65    75    83    99   100   105   111    65
FXR011  1790    60    75    73    68    60    69    68    76    51    53
FXR011  1800    40    43    53    44    49    55    45    52    48    48
FXR011  1810    55    52    55    56    76    48    37    43    41    48
FXR011  1820    49    52    57    60    65    52    49    68    71    52
FXR011  1830    71    75    72    84    88    92    89    84    67    77
FXR011  1840   101    71    72    75    73    89    81    77    81   101
FXR011  1850   101   364   212   211   221   185   124   148   175   231
FXR011  1860   215   313   469   253   223   247   171   119   148   224
FXR011  1870   159   139   149   161   121   155   156   139   231   149
FXR011  1880   165   143   187   200   141   197   144   144   165   247
FXR011  1890   191   153   207   179   153   131   204   240   180   167
FXR011  1900   121   108   120   155   157   137   105   148   137   120
FXR011  1910   103    97   144   107    76   125   132   104    95   115
FXR011  1920    91    97   120   133   135   103    99   131   133   107
FXR011  1930   116   103   123   127   129   157   112   147   125   112
FXR011  1940   127   101   108   107   100   135   111   117   121   100
FXR011  1950   127   127   103   100    85    85    93    97    96   105
FXR011  1960   100    83    95    92    69    73    83    87    91    83
FXR011  1970    93    88    79   116    95    71    89    67    91   108
FXR011  1980    93   999
FXR012  1870    80    69    75    63    51    81    93    69   111    81
FXR012  1880    85    71    99    87    79    96    87    93    85   117
FXR012  1890    99   104   101    85    83    69   107   152   116   101
FXR012  1900   109    92   127   116   131   120    83    97    95    96
FXR012  1910    60    65   107    69    56    97   100    97    75    93
FXR012  1920    65    72    80   100   111    77    83   116   120    77
FXR012  1930    91    79    97   107    85   128    92   105    97    93
FXR012  1940    99    83    99    87    77   124    89   104   109    88
FXR012  1950   116   117    85    81    69    65    59    73    99    69
FXR012  1960    81    67    81    76    53    69    57    56    63    59
FXR012  1970    63    67    57    75    75    67    73    41    59    75
FXR012  1980    64   999
FXR021  1740   121    92    57    57    56    88    48    48    49    41
FXR021  1750    49    49    47    60    68    60    57    59    75    85
FXR021  1760    56    76    67    85    72    81    67    40    49    68
FXR021  1770    43    80    71    75    59    92    92    65    69    48
FXR021  1780    73    71    67    64    68    64    72    97    68    49
FXR021  1790    43    55    36    31    36    43    39    47    44    39
FXR021  1800    35    37    45    35    39    40    35    41    45    41
FXR021  1810    45    51    52    35    52    43    35    33    39    40
FXR021  1820    37    32    49    48    51    47    41    53    49    37
FXR021  1830    47    43    53    36    45    37    53    59    47    43
FXR021  1840    64    47    77    76    53    52    59    53    49    55
FXR021  1850    52    73    79    83   111   127   112   129   171   145
FXR021  1860   127   112   136    68    91    80    75   116   145   221
FXR021  1870   137    93   137   117   117   152   140   139   171   175
FXR021  1880   161   165   201   223   176   157   167   139   152   148
FXR021  1890   177   173   151   127   119   128   185   229   148   135
FXR021  1900   165   169   180   204   208   167   148   133   159   160
FXR021  1910    95    83   164   117    92   157   164   125   103   143
FXR021  1920   109    85   117   108   123   113   103   108   123    81
FXR021  1930    71    67    73    85    75   101    75   104    96    96
FXR021  1940    97   101   127   109    87   120   116   125   127   103
FXR021  1950   111   112   103   108    84    96   112   108   156   101
FXR021  1960   103   108   115   121    88    89    97   101   100    88
FXR021  1970    91    88    75    95   105    77    80    65    89   111
FXR021  1980    80   999
FXR022  1730    35    29    36    31    31    33    16    36    25    25
FXR022  1740    36    65    40    37    41    64    45    24    43    23
FXR022  1750    29    25    24    37    51    39    61    51    44    68
FXR022  1760    39    44    25    45    36    32    43    36    59    47
FXR022  1770    40    72    33    59    40    68    69    73    99    85
FXR022  1780    95    92    92    55    71    69    56    88    65    47
FXR022  1790    47    63    37    25    36    61    36    60    51    33
FXR022  1800    17    41    52    33    48    47    49    47    47    35
FXR022  1810    72    60    56    43    56    31    28    31    37    33
FXR022  1820    31    41    35    56    63    45    41    76    63    32
FXR022  1830    60    53    56    25    35    40    47    55    41    40
FXR022  1840    64    27    52    51    53    41    57    52    36    67
FXR022  1850    52    75    81    76   105   139   101   153   153   140
FXR022  1860   139   132   196   119   108   152   129   131   157   221
FXR022  1870   164   151   243   177   140   189   159   133   121   129
FXR022  1880   171   179   183   220   160   188   143   139   185   212
FXR022  1890   181   140   187   147   132   147   227   243   180   121
FXR022  1900   144   160   219   192   191   159   147   173   208   180
FXR022  1910   137   145   229   145    91   176   159   112   108   156
FXR022  1920   125   105   132   149   177   151   131   165   203   121
FXR022  1930   109   105   125   144   143   196   144   175   159   120
FXR022  1940   123   123   133   113   116   168   137   164   192   145
FXR022  1950   163   165   144   153   123   171   137   152   169   120
FXR022  1960   144   147   153   157   121   131   115   105   140   153
FXR022  1970   121   137   112   156   184   112   109    96   127   120
FXR022  1980   116   999
FXR031  1851   317   265   249   217   189   127   167   193   195
FXR031  1860   128   115   152    96    97   116    99    84    96   120
FXR031  1870    79    79   157   168    97    88   116   107   104    63
FXR031  1880    81   101   140   156   160   128   120   103   103   132
FXR031  1890   132   104   125   108   104    81   131   219   148   135
FXR031  1900   193   152   141   147   175   135   116   129   149   127
FXR031  1910    85    85   128    95    71   120   140   147    91   117
FXR031  1920    89    99   136   109   147    93    85   116   116   111
FXR031  1930   115   109   104   121    88   129    79   103    95   115
FXR031  1940   123   121   127   147    89   127    87   103   117   112
FXR031  1950   132   184   141   128    91   109   103   143   157    80
FXR031  1960   116   127   149   139   112    97   129   109    97   120
FXR031  1970   104    97    88   104   104    99    77    77   105   105
FXR031  1980    73   999
FXR041  1742    43    40    39    57    35    59    53    49
FXR041  1750    59    21    20    15    21    27    29    32    27    56
FXR041  1760    36    41    33    52    40    48    67    40    76    68
FXR041  1770    43    72    71    84    45    64    75    83   105   164
FXR041  1780   155   168   135   137   131    84    75    95   113    68
FXR041  1790    84    72    80    56    52    53    68    67    43    37
FXR041  1800    28    29    41    25    36    37    40    32    41    36
FXR041  1810    27    28    37    32    53    44    25    61    56    72
FXR041  1820    69    60    64    64    99    52    64    59   111    81
FXR041  1830   108    81    91    60    87   108    92   107   108   108
FXR041  1840   155   107   143   165   135   159   155   145   175   311
FXR041  1850   296   432   336   339   339   336   189   219   235   224
FXR041  1860   168   164   289   168   152   283   213   153   217   319
FXR041  1870   164   139   177   175   104   176   147   156   201   115
FXR041  1880   163   153   155   131   152   160   143   100   112   124
FXR041  1890    93    99   119   101    73    80    99   147    92    96
FXR041  1900    79    97    84    75   105    93    83    85   100    95
FXR041  1910    72    75   104    75    89    88    84    85    92    87
FXR041  1920    71    89    96    93   115    93    79   115   104    79
FXR041  1930   100    97    99    81    71   109    75    88    83    92
FXR041  1940    83    95    77    79    69    85    77    92    92    73
FXR041  1950   105   115    95    93    65    63    79    76    85    71
FXR041  1960    71    73    69    68    52    57    53    56    52    63
FXR041  1970    63    63    53    67    69    60    51    59    71    53
FXR041  1980    56   999
FXR042  1738    65   103
FXR042  1740   100    79    52    43    40    68    48    65    56    41
FXR042  1750    52    23    16    28    36    43    72    55    39    49
FXR042  1760    36    41    36    56    39    47    72    44    75    65
FXR042  1770    39    79    64    77    41    69    61    76   108   120
FXR042  1780    77    99    95   128   120    84    91   107    93    83
FXR042  1790    85    59    63    44    33    39    41    41    72    39
FXR042  1800    29    44    69    32    49    59    44    63    75    48
FXR042  1810    37    39    48    57    83    56    44    76    84    93
FXR042  1820    69    71    75    83    83    52    55    37    81    48
FXR042  1830    81    53    61    41    60    51    52    57    59    61
FXR042  1840   111    73   100   103    68    99    96   125   129   209
FXR042  1850   236   329   348   312   307   285   215   241   264   260
FXR042  1860   235   245   383   235   200   313   251   187   201   307
FXR042  1870   180   153   307   263   137   171   208   195   237   161
FXR042  1880   175   177   193   196   173   175   151   103   125   189
FXR042  1890   135    85   132   117    79    81   137   243   165   125
FXR042  1900   141   161   209   200   193   179   128   185   175   141
FXR042  1910    96   103   139    87    81   132   131   120    91   113
FXR042  1920    97    89   120   107   145   103    95   151   161   111
FXR042  1930    99    95   107    89   103   131    91   116   143   116
FXR042  1940   113   123   121   105    87   147   112   124   147   107
FXR042  1950   129   128   107    97    71    95   111   103   127    84
FXR042  1960    88    65    89    87    68    71    77    69    77    71
FXR042  1970    69    72    55    76    85    69    73    60    76    79
FXR042  1980    68   999
FXR051  1778   120   151
FXR051  1780   144   216   167   193    52    99    51    91    92    71
FXR051  1790    84    88    87    56    35    49    60    81    24    20
FXR051  1800    21    35    43    57    29    55    47    93    76    44
FXR051  1810    57    68    91    88    97    88    49    69    64    85
FXR051  1820    45    76   101   111   136    61    75   119   107    81
FXR051  1830   176   147    93    55    83    83    92   108   104    88
FXR051  1840   172    77    99   153   176   160   133   131   169   295
FXR051  1850   151   364   236   200   211   205   120   153   220   188
FXR051  1860   184   136   221   192   143   197   164   172   171   213
FXR051  1870   147   123   169   148   104   153   201   176   228   147
FXR051  1880   156   155   216   200   175   145   115   115    88   104
FXR051  1890   125   125   151   132   107    77   125   196    95   107
FXR051  1900   127   111   111   119   179   152   140   172   249   161
FXR051  1910   124    80   132   100    61   124   159   131    87   105
FXR051  1920    95    71   107   107   131   100    84   117   129   112
FXR051  1930    92    71    75    88    72   115    81    96    89    92
FXR051  1940    83    79   101    79    72   109   101   107    88    75
FXR051  1950    77    75    73    71    51    59    60    56    69    60
FXR051  1960    69    59    72    64    52    56    51    41    37    40
FXR051  1970    44    41    41    48    55    47    55    41    63    64
FXR051  1980    79   999
FXR052  1766    73    51    57    92
FXR052  1770    45   151    49    40    48    69    75   164   105   155
FXR052  1780   123   168    87   101    64   100    52    57    60    53
FXR052  1790    75   109    75    75    39    49    59   125    28    24
FXR052  1800    21    51    49    40   139   124   141   152    88    49
FXR052  1810    80    83   101    89   115    73    75    91   116    83
FXR052  1820    44    92   141   148   165    69    97   180   181    99
FXR052  1830   175   144    71    61    73   120   105    89   160   133
FXR052  1840   113    49    72   107   131   128   157   133   143   237
FXR052  1850   187   255   149   125   219   276   109   115   172   157
FXR052  1860   165   149   296   137   121   153   161   179   199   268
FXR052  1870   145    81   157   193   109   121   303   191   227   103
FXR052  1880   168   152   199   201   203   163   111   112   124   143
FXR052  1890   161   108   212   129    87    73   113   191    84   103
FXR052  1900   143   120   109   135   153   115   101   120   120   137
FXR052  1910    91    77   187    91    65   132   128   125    96   129
FXR052  1920    85    83   100    75   113    83    87   119   115    93
FXR052  1930    68    64    64    71    59    97    64    79    85    81
FXR052  1940    68    60    93    89    59   105    85    85    84    88
FXR052  1950    95    91    84    71    60    80    93    99    97    69
FXR052  1960    85    72    85    80    68    81    88    67    63    61
FXR052  1970    63    64    75    67    93    87    96    84    89   101
FXR052  1980    87   999
FXR061  1784    47    40    43    61    69    49
FXR061  1790    36    37    37    28    28    45    39    48    27    20
FXR061  1800    15    28    45    39    64    72    69    93    63    56
FXR061  1810   103    88    89    77   100    44    32    44    61    77
FXR061  1820    60    91    89    89    76    47    77    91    92    52
FXR061  1830   101    81    69    29    36    43    53    48    48    56
FXR061  1840   109    60   103   179   165   153   128   127   119   137
FXR061  1850    99   164   109    91   109    96    63    57    80    81
FXR061  1860    71    72   107   112    81    95   100   104   109   148
FXR061  1870    69    41    40    43    44    48    84    89   159    85
FXR061  1880    97   103   125   124    67    93    96    67    55    64
FXR061  1890    88   115   240   184   135   119   357   271   159   180
FXR061  1900   163   145   148   161   173   173   129   161   248   229
FXR061  1910   145   119   225   125    89   171   177   125   105   124
FXR061  1920   111   115   132   137   168   116   109   151   176   132
FXR061  1930   117   104   135   127    97   145    96   131   137   132
FXR061  1940   152   132   163   125   120   195   155   143   176   129
FXR061  1950   159   141   137   137    92   109   120   140   159   108
FXR061  1960   164   140   112   112    85    92   116    95    91    91
FXR061  1970   104   100    88   109   123   105    95    76   108   105
FXR061  1980   107   999
FXR062  1786    44    91    69    65
FXR062  1790    72    75    63    64    73    69    49    92    44    32
FXR062  1800    36    40    36    31    55    64    61   115    85    57
FXR062  1810    57    65    56    45    77    29    13    33    57    64
FXR062  1820    39   104    69    65    80    43    49    51    76    36
FXR062  1830    63    57    47    33    36    31    29    48    40    48
FXR062  1840    81    36    31    84    75    68    81    57    68   119
FXR062  1850    75   171    97    72    76   107    51    52    51    71
FXR062  1860    56    68   116   107    80   136   121    91    84   169
FXR062  1870    67    49    44    44    37    56    80    72   144    79
FXR062  1880    87    75    80    84    71    75    75    51    44    33
FXR062  1890    67    89   200   141   103   107   303   181    88   139
FXR062  1900   187   165   163   144   148   113   100   116   193   188
FXR062  1910   145   105   195   103    61   132   136   107    77   108
FXR062  1920    71    83   104   101   129   101    92   129   180   113
FXR062  1930    97    93   125    96    92   133    93   155   171   143
FXR062  1940   107    93   193   129   107   161   132   153   181   104
FXR062  1950   187   175   169   136    87   144   145   149   144   117
FXR062  1960   172   171   137   119    81    91    84    87   135    96
FXR062  1970   115   143    91   135   136   131   123    73   112   107
FXR062  1980   107   999
FXR071  1818    57    61
FXR071  1820    37    85    77    85    96    45    44    65    76    36
FXR071  1830    51    41    31    31    44    29    31    45    35    29
FXR071  1840    64    56    52    84    69    55    69    67    77   111
FXR071  1850    89   127    89    99   123   136    87    85   147   113
FXR071  1860   103    87   105   116    88    96    92    79    65   104
FXR071  1870    64    47    68    67    57    65    85    87   115    93
FXR071  1880    88    91   120   132    95   100    89    79    79   100
FXR071  1890   108   232   288   203   208   183   437   251   167   208
FXR071  1900   180   169   147   135   169   140   119   168   233   211
FXR071  1910   152   109   193   100    77   165   163   135   112   148
FXR071  1920   115   101   127   129   151   108    91   121   149   100
FXR071  1930    95    88    99   104    83   135    83   112    96    96
FXR071  1940    87   101   112    76    84   147   109   136   152   125
FXR071  1950   152   145   113   125    77   124   117   131   136   100
FXR071  1960   123   127   125    96    63    99    96    81   108   131
FXR071  1970    88   105    89   128   108    85    76    55   115   103
FXR071  1980   100   999
FXR072  1851   169   155   188   165   277   172   205   221   173
FXR072  1860   132   132   192   163   175   177   119   135    95   197
FXR072  1870   115    80   109    87    76    92    92    97   120    99
FXR072  1880    91   125   116   148    99    79    71    53    55    71
FXR072  1890    64    97   121    99   116   125   343   259   177   168
FXR072  1900   225   168   148   135   169    97    99   120   159   139
FXR072  1910   100    75   147    69    60   109   137    80    73   112
FXR072  1920    79    84   136   125   148    89    80   109   140    73
FXR072  1930    89    83    91    95    76   144    81   120   140    91
FXR072  1940    84    95   119    75    76   107   103   120   141   125
FXR072  1950   164   135   112    95    72   127    96   123   131    92
FXR072  1960   145   148   108    99    72    84   100    89   140   127
FXR072  1970    95   115    79   129   125    93    89    55    93    87
FXR072  1980    95   999
FXR081  1847   115    91   128
FXR081  1850   131   180   109   115   175   184   125   179   176   155
FXR081  1860   148   147   195   149   135   149   112   132   133   160
FXR081  1870   116   100   137   132    88   140   164   155   184   135
FXR081  1880   137   147   199   229   167   140   115   103   100   156
FXR081  1890   141   135   211   173   145   128   228   271   156   179
FXR081  1900   145   179   124   124   175   131   123   127   176   191
FXR081  1910   143   111   188    97    83   152   149   133   109   131
FXR081  1920    88    73   109   103    99    76   100   129   123   105
FXR081  1930    83    79    77    84    64   124    63    84   113    87
FXR081  1940    97    69    99   100    76   131   101   117   137   140
FXR081  1950   135   124   113   109    87    81   101   111   120    91
FXR081  1960   121    95   119   107    76    72    73    72    84   100
FXR081  1970    97   101    95   109   132   127   113    75   111   105
FXR081  1980   107   999
FXR082  1794    24    33    25    31    19    19
FXR082  1800    19    27    35    32    47    56    47    56    59    37
FXR082  1810    40    60    56    53    64    43    24    29    57    61
FXR082  1820    59    97    64    56    67    36    57    72    65    52
FXR082  1830   171   140   153    52    47    84    63    48    51    57
FXR082  1840    47    24    35    64    47    55    51    44    67    88
FXR082  1850    85   109    73    68   137   151    84    85   105   111
FXR082  1860   111    96    96   125    81    93    68    81   115   185
FXR082  1870   132    53   105   155    81   169   181   157   231   175
FXR082  1880   200   167   200   271   179   200   125   100   100   185
FXR082  1890   185   156   259   204   151   157   481   449   184   225
FXR082  1900   277   296   235   299   351   283   215   257   353   329
FXR082  1910   245   165   359   173   112   315   293   251   228   259
FXR082  1920   145   112   152   124   160   124   125   192   185   140
FXR082  1930   117   103   113   123   108   177    81   149   181   153
FXR082  1940   149   120   168   153   129   193   171   177   255   216
FXR082  1950   268   284   211   181   137   179   151   203   284   164
FXR082  1960   204   187   185   157   113   127   121   123   187   232
FXR082  1970   144   153   109   167   224   191   164   120   184   209
FXR082  1980   175   999
FXR091  1846   172   145   192   183
FXR091  1850   139   152   121   107   163   212   123   189   287   184
FXR091  1860   209   156   196   163   141   204   175   167   157   303
FXR091  1870   171   117   153   116    87   103   185   161   231   132
FXR091  1880   153   144   160   224   204   163   192   123   116   172
FXR091  1890   171   131   235   173   144   107   223   240   156   161
FXR091  1900   129   116   111   136   153   111    96   151   231   283
FXR091  1910   136    91   163    97    69    95   100    77    73   109
FXR091  1920    72    88   128   120   113    81    91   137   139   111
FXR091  1930    88    67    77    69    56    81    63    63    91    76
FXR091  1940    79    81    99    85    61   115   116   115   128   144
FXR091  1950   157   160   121    87    49    60    75   113    99    88
FXR091  1960   116    80    81    87    48    52    44    48    49   101
FXR091  1970    71    73    53    55    44    47    53    27    44    43
FXR091  1980    39   999
FXR092  1844   159    97   108    92   141   213
FXR092  1850   129   367   211   133   161   200   133   203   249   181
FXR092  1860   133   117   216   177    91    87   132   161   120   188
FXR092  1870    93    76   149   155    75   184   181   157   203   119
FXR092  1880   128   115   139   189   183   115   107    80    99   159
FXR092  1890   168   113   156   112   104   120   348   239   131   136
FXR092  1900   157   169   161   179   177   153   160   188   201   216
FXR092  1910   139    80   176    88    69   215   151   121   104   143
FXR092  1920   104    96   131   111   127    83   100   120   125   149
FXR092  1930   100    88    87    91    75   139    73    95   135   109
FXR092  1940   108   121   201   125   108   144   108    91   128   112
FXR092  1950   117   115    96    89    59   108   100   123   117    75
FXR092  1960   120    76    92    77    60    81    71    72   101   123
FXR092  1970    79    69    47    76    77    76    69    45    60    73
FXR092  1980    59   999
FXR101  1773   119    84   175   124   171    96   127
FXR101  1780   109   136   109   133   104    59    64    81    73    55
FXR101  1790    63    56    52    36    33    35    28    43    24    31
FXR101  1800    21    39    51    41    56    56    60    63    59    64
FXR101  1810    65    84   113    85   165    81    41    49    67    72
FXR101  1820    93    76    89   104   129    83   101   148   163   119
FXR101  1830   129   140   129    61   153   152   132   119   100   143
FXR101  1840   147   113   101   155   133   149   144   152   167   171
FXR101  1850   119   161   139   116   137   101   120   124   120   163
FXR101  1860   133   104   109   101    92   111    97    91   121   156
FXR101  1870   124    91    97   113   104   148   140   133   167   137
FXR101  1880   116   132   148   180   156   136   156   123   133   157
FXR101  1890   161   125   171   141   133   128   212   229   144   176
FXR101  1900   188   151   209   219   253   195   201   223   304   229
FXR101  1910   213   139   280   177   116   208   219   195   147   187
FXR101  1920   157   140   173   213   256   177   133   204   227   159
FXR101  1930   161   164   163   184   224   203   149   216   209   208
FXR101  1940   172   195   231   155   148   196   132   165   179   167
FXR101  1950   165   156   153   141   108   144   168   203   208   136
FXR101  1960   121   133   151   143    85   120   131   109   127   148
FXR101  1970   117   123   111   143   115   108   100    73   124   115
FXR101  1980   100   999
FXR102  1830   204   191   165    85   161   201   155   149   124   161
FXR102  1840   209    96   117   192   128   123   121   151   213   175
FXR102  1850   101   188   124   129   143   128   144   145   156   156
FXR102  1860   184   176   164   149   131   128   107   116   139   203
FXR102  1870   115    77   111   107   121   172   160   141   160   123
FXR102  1880   132   133   135   145   112   108    93   104   115   139
FXR102  1890   128   100   183   160   120   127   231   235   167   173
FXR102  1900   207   144   239   263   275   220   271   256   259   204
FXR102  1910   181   137   215   116   121   269   229   213   141   205
FXR102  1920   153   125   163   235   245   200   171   228   229   179
FXR102  1930   176   197   185   193   217   296   175   272   260   260
FXR102  1940   217   197   208   171   176   224   184   177   208   164
FXR102  1950   187   175   152   147   107   168   159   259   227   137
FXR102  1960   104   155   144   143   104   113   125   109   152   160
FXR102  1970   136   152   116   204   135   129   144    85   155   140
FXR102  1980   123   999
FXR111  1768    31    33
FXR111  1770    27    35    23    41    21    25    36    39    45    29
FXR111  1780    47    47    40    53    53    52    65    89    88    57
FXR111  1790    48    57    43    28    28    29    31    35    23    39
FXR111  1800    41    72    79    37    61    72    61    87    79   107
FXR111  1810   148   173   133    93   161    84    45    96   145   104
FXR111  1820    89   144   153   204   273    63    87   152   197   212
FXR111  1830   247   263   179   192   129   201   148   177   191   157
FXR111  1840   252   155   155   240   141   147   155   163   211   251
FXR111  1850   149   177   185   201   180   203    97   128   124   181
FXR111  1860   189   199   281   141   115   136   149   113   137   176
FXR111  1870   133   104   141   119    92   156   143   111   177   123
FXR111  1880   132   132   145   165   147   131   112   120   148   192
FXR111  1890   159   128   161   149   167   128   277   229   137   164
FXR111  1900   189   201   213   207   240   185   161   208   281   188
FXR111  1910   129   128   217   123    87   172   181   151   121   153
FXR111  1920   127   115   120   164   209   167   137   159   185   181
FXR111  1930   148   136   149   145   131   232   103   143   155   148
FXR111  1940   161   153   280   155   104   140   105   117   213   133
FXR111  1950   191   205   169   168    93   100   124   183   211   116
FXR111  1960   115   111   101    85    73    79    77    80    97   152
FXR111  1970   121   117    71   115    84    80    95    68   129   145
FXR111  1980    83   999
FXR112  1780    52    80    56    57    45    41    29    56    41    31
FXR112  1790    32    31    33    19    20    27    37    45    28    27
FXR112  1800    24    35    37    35    41    44    39    45    44    31
FXR112  1810    63    89    63    83   109    71    31    65    64    67
FXR112  1820    60    73    69    73   116    37    41    93   100    87
FXR112  1830   107   132   149   100   128   200   133   131   105   100
FXR112  1840   137    87   129   160   143   109   132   113   147   164
FXR112  1850   137   192   163   133   160   121    64    81   111   135
FXR112  1860   131   129   163   136   108   143   111    69   100   148
FXR112  1870   152   105   135   132   101   151   135    93   137    76
FXR112  1880   109    99   111   117   111   141   115   100    96   112
FXR112  1890   140   100   124   148   153    91   216   219   115   113
FXR112  1900    92   117   129   133   191   168   156   169   233   173
FXR112  1910    88    67   117    93    63   167   160   111    88   104
FXR112  1920    87    85    91   116   155   100    88   100   148   124
FXR112  1930   109    97   120   119    87   133   111   144   140   131
FXR112  1940   109   116   113    72    76   104    79    91   100    77
FXR112  1950    95   123   109    80    61    63    57   123   101    76
FXR112  1960    77    77    93    85    57    64    76    51    77    75
FXR112  1970    68    67    52   101   137    80    85    51    77    75
FXR112  1980    71   999
FXR121  1779   205
FXR121  1780   172   247   181    93    49    64    71   137   141   101
FXR121  1790   132   149   108    95    61    85    72    83    69    63
FXR121  1800    69    84   103    88   125   133   125   136   128   175
FXR121  1810   196   180   240   244   247   153    53    72   131   201
FXR121  1820   121   211   191   197   261    96   129   287   261   201
FXR121  1830   228   219   164   104   117   199   235   231   161   145
FXR121  1840   168    99   121   169   116   125   153   156   217   208
FXR121  1850   147   181   137   163   163   191   128   129   123   135
FXR121  1860   136   145   159   147   111   128   124   105   113   152
FXR121  1870   129   104   124   112    87   120   124   128   132   107
FXR121  1880   143   125   145   160   107   100    93   100   113   161
FXR121  1890   145   120   189   113   123   109   179   208   120   157
FXR121  1900   151   181   199   192   199   149   123   196   197   172
FXR121  1910   136   120   257   112    89   205   176   151   132   172
FXR121  1920   132   119   207   169   200   137   137   161   220   201
FXR121  1930   168   153   169   172   160   241   123   207   181   139
FXR121  1940   144   153   155   111   107   164   105   128   173   147
FXR121  1950   164   167   156   145    87   145   145   180   157   112
FXR121  1960   141   136   129   116    73   112   108   117   155   159
FXR121  1970   135   155   111   175   147   176   151   129   153   147
FXR121  1980   133   999
FXR122  1782   168   264   105    73    65   133   169   172
FXR122  1790   165   193   135   180   265   185   159   149   127   131
FXR122  1800   105   172   159   160   180   183   173   260   209   247
FXR122  1810   180   209   256   276   311   184    80   191   239   329
FXR122  1820   184   323   291   335   287   116   176   301   429   239
FXR122  1830   229   221   236   183   168   263   236   239   219   147
FXR122  1840   229   119   140   184   131   125   124   145   192   236
FXR122  1850   144   235   163   201   240   235   145   140   135   187
FXR122  1860   147   165   216   175   147   155   145   101   125   180
FXR122  1870   156    97   132   105    72   117   109    97   133    99
FXR122  1880   113   105   148   145   115   124   103   105   117   167
FXR122  1890   104    95   208   123   120   109   160   187   119   141
FXR122  1900   168   189   220   181   219   161   139   204   196   204
FXR122  1910   133   133   237   113    97   191   161   165   128   125
FXR122  1920   127   127   228   171   295   189   189   175   241   215
FXR122  1930   164   188   173   172   183   281   125   289   224   169
FXR122  1940   156   148   177   121   127   180   151   169   211   163
FXR122  1950   191   216   169   147    97   128   128   209   177   112
FXR122  1960   161   124   145   136    72   140   119   125   156   133
FXR122  1970   120   140   116   183   141   161   145   111   129   137
FXR122  1980   116   999
FXR131  1784   173   164    95   179   207    71
FXR131  1790   104   108   101    92    41    47    63    85    81    96
FXR131  1800    77   104   125    81    97   137   123   132   139    79
FXR131  1810   104   129   127   120   213    96    51    80    93    91
FXR131  1820   105   117   116   109   144    59    88   119   135   103
FXR131  1830   115   125   123    61    77   211   239   200   123   101
FXR131  1840   129    80    88   189   143   171   196   159   235   193
FXR131  1850   115   127   137   143   180   179   143   141   131   139
FXR131  1860   155   165   201   151   109   152   120    99   127   173
FXR131  1870   123    93   145   132   103   156   152   136   167   112
FXR131  1880   127   121   132   145   127   113   119    99    96   112
FXR131  1890   105   105   167   113   129   101   173   164   116   139
FXR131  1900   159   145   187   159   171   148   136   200   183   161
FXR131  1910   156   101   233   133    76   172   199   167   111   183
FXR131  1920   128   109   189   209   201   153   168   175   215   159
FXR131  1930   139   119   137   131   143   215   116   193   196   160
FXR131  1940   164   171   187   157   140   184   153   139   176   196
FXR131  1950   200   219   172   149   107   153   180   169   177   123
FXR131  1960   161   139   167   159    85   121   115   103   164   127
FXR131  1970   123   167   103   173   171   159   139   104   131   139
FXR131  1980   157   999
FXR132  1808   157   125
FXR132  1810   128   163   153   160   220   105    52   104   125   128
FXR132  1820   119   163   153   189   191    85   116   183   205   133
FXR132  1830   188   167   149    84   136   251   259   232   181   179
FXR132  1840   212   165   187   256   188   185   255   229   272   261
FXR132  1850   173   183   175   215   225   223   197   189   240   236
FXR132  1860   239   244   227   211   172   273   265   196   191   327
FXR132  1870   253   164   256   211   176   249   239   204   311   156
FXR132  1880   192   199   229   263   257   228   225   168   176   224
FXR132  1890   220   181   249   217   180   147   276   344   180   241
FXR132  1900   229   233   251   259   263   279   195   291   287   240
FXR132  1910   179   141   272   165   107   157   184   193   140   176
FXR132  1920   104   111   184   205   204   136   157   161   156   151
FXR132  1930   129   108   132   176   163   249   131   224   224   177
FXR132  1940   191   168   197   177   149   171   184   217   215   241
FXR132  1950   213   236   196   161   124   161   176   199   201   143
FXR132  1960   233   155   196   188    96   107   117   124   147   152
FXR132  1970   135   155   108   171   189   221   171   119   179   173
FXR132  1980   169   999
FXR141  1816    92   116   143   227
FXR141  1820   163   207   169   196   197    80   120   189   220   173
FXR141  1830   187   187   169    97    99   111   133   123   112    81
FXR141  1840   109    64   104   136   131   159   149   115   143   129
FXR141  1850   123   207   220   171   208   133   119   120   173   176
FXR141  1860   185   168   217   213   155   180   209   153   149   189
FXR141  1870   152   133   220   211   133   197   244   273   240   145
FXR141  1880   189   193   227   244   237   225   169   117   159   265
FXR141  1890   241   177   284   163   192   165   341   356   149   169
FXR141  1900   196   239   275   284   288   201   195   289   253   247
FXR141  1910   185   149   273   169   111   259   297   269   164   225
FXR141  1920   128   167   335   219   320   207   267   343   363   247
FXR141  1930   201   209   267   205   197   305   143   228   241   205
FXR141  1940   221   180   244   204   164   220   217   241   303   325
FXR141  1950   323   317   271   205   123   185   225   277   332   197
FXR141  1960   315   224   241   221   135   153   149   156   215   193
FXR141  1970   185   232   169   231   243   227   216   135   227   225
FXR141  1980   179   999
FXR142  1815   173   136   149   235   233
FXR142  1820   176   219   205   221   281   119   163   247   248   161
FXR142  1830   224   216   160    84    75    80   149   144    97    55
FXR142  1840   104    71    81    85   103   131   103   100   132   161
FXR142  1850   120   204   164   128   168   129   128   144   191   188
FXR142  1860   203   189   248   201   125   121   184   139   213   235
FXR142  1870   168   136   189   221   164   225   241   225   296   193
FXR142  1880   199   159   268   357   344   217   183   139   216   279
FXR142  1890   232   184   337   231   195   124   237   272   155   245
FXR142  1900   259   243   239   227   213   233   192   345   332   264
FXR142  1910   167   119   183   156    96   187   272   299   180   249
FXR142  1920   168   147   272   300   369   229   231   300   299   223
FXR142  1930   176   180   220   180   212   275   148   265   249   200
FXR142  1940   180   172   240   173   121   171   155   161   204   188
FXR142  1950   172   209   160   152    99   135   149   196   228   131
FXR142  1960   217   177   217   161   111   121   115   111   139   161
FXR142  1970   119   152   131   177   160   141   153   112   145   160
FXR142  1980   124   999
FXR151  1813    95   176   179    79    84   125    45
FXR151  1820    32    55    55    60    57    48    39    81    93    87
FXR151  1830   121   117   124    71   143   276   240   177   105    97
FXR151  1840   141    85    68   221   191   148   145    96   171   179
FXR151  1850    99   145   115   119   175   217   148   177   235   192
FXR151  1860   177   187   247   159   120    99   195   157   204   249
FXR151  1870   201   145   169   137   121   171   232   173   172   125
FXR151  1880   159   156   180   199   127   139   133   143   139   195
FXR151  1890   165   135   189   164   141   124   173   169   127   135
FXR151  1900   148   163   168   177   168   140   145   180   149   167
FXR151  1910   117   112   153   119    91   195   177   153   121   165
FXR151  1920   128   145   209   188   201   151   167   185   189   120
FXR151  1930   117   131   124   141   124   212   136   216   208   188
FXR151  1940   179   192   211   171   175   252   200   188   276   260
FXR151  1950   251   245   216   203   143   215   195   215   209   153
FXR151  1960   227   220   224   164   104   160   167   135   149   149
FXR151  1970   141   151   139   132   164   147   172   157   187   160
FXR151  1980   163   999
FXR152  1844   141   131   197   164   205   243
FXR152  1850   167   292   177   203   200   197   204   276   292   208
FXR152  1860   217   197   265   187   157   140   311   300   315   343
FXR152  1870   240   163   299   233   209   320   269   223   300   167
FXR152  1880   201   181   248   315   240   229   181   165   184   305
FXR152  1890   269   191   321   220   227   167   337   293   176   187
FXR152  1900   245   283   293   376   311   215   197   264   291   249
FXR152  1910   161   141   231   151   108   255   205   203   151   211
FXR152  1920   160   184   324   248   324   259   251   280   297   179
FXR152  1930   183   155   176   175   161   273   144   319   308   292
FXR152  1940   212   244   380   211   201   328   240   260   389   297
FXR152  1950   335   293   237   236   175   331   284   303   363   179
FXR152  1960   345   251   251   197   117   156   169   163   161   196
FXR152  1970   145   188   140   133   176   161   180   169   212   196
FXR152  1980   173   999
FXR161  1856   264   219   203   216
FXR161  1860   201   225   293   273   148   153   263   173   201   188
FXR161  1870   148   123   125   124   124   136   144   144   185   140
FXR161  1880   149   119   156   155   117   144   129   123   153   167
FXR161  1890   108   112   117   109   107    91   152   183   103   116
FXR161  1900   115   171   196   139   215   139   136   127   171   143
FXR161  1910   119    87   188   121   103   232   197   208   204   197
FXR161  1920   137   135   157   180   248   229   264   257   288   225
FXR161  1930   257   277   313   240   248   321   157   272   260   169
FXR161  1940   259   308   265   257   232   296   324   300   343   256
FXR161  1950   299   341   276   248   144   204   235   236   279   185
FXR161  1960   285   231   207   268   124   177   172   167   196   184
FXR161  1970   207   189   119   165   183   183   173   131   191   192
FXR161  1980   203   999
FXR162  1854   293   221   200   175   145   211
FXR162  1860   179   187   203   163   151   183   195   104   160   147
FXR162  1870    97    96   119    93    77    75   104   129   163   123
FXR162  1880   136   108   157   161   109   101    84    72    84    83
FXR162  1890    68    72    85    75    81    61    93   109    76    68
FXR162  1900    85   112   119   104   153    88    81    75    89    81
FXR162  1910    63    63    96    61    49   119   125    99    75   101
FXR162  1920    68    76    97   152   143   101   108   185   251   164
FXR162  1930   179   200   200   180   193   236   123   211   192   176
FXR162  1940   151   227   165   156   156   228   188   225   284   255
FXR162  1950   195   213   191   185   120   143   135   165   161   139
FXR162  1960   136   147   123   163    84   129   109    95   115   117
FXR162  1970   135   116   104   157   140   117   121    97   129   132
FXR162  1980   129   999
FXR171  1719    59
FXR171  1720    63    79    97    93    83   107    96   115    92   147
FXR171  1730   116    71    79    59    85    59    31    24    37    53
FXR171  1740    77    63    37    33    31    56    41    32    43    25
FXR171  1750    59    52    35    19    35    51    73    63    91   109
FXR171  1760    84    80    61    88    64    72   105    71    81   105
FXR171  1770    43    59    53    51    23    32    45    36    27    39
FXR171  1780    55    59    55    67    48    59    55    72    55    41
FXR171  1790    77    97    76    72    77    87    75    63   999
FXR171  1843   181   217   233   247   199   225   227
FXR171  1850   148   217   159   181   231   228   140   147   117   179
FXR171  1860   191   199   228   253   200   212   232   179   173   260
FXR171  1870   253   177   256   217   145   149   247   316   371   203
FXR171  1880   292   215   285   299   249   237   213   161   157   236
FXR171  1890   257   236   241   189   164   100   180   292   160   176
FXR171  1900    97   143   191   247   384   288   153   225   219   235
FXR171  1910   149   160   233   104   116   233   228   197   141   175
FXR171  1920   155   133   192   180   221   152   195   240   208   137
FXR171  1930   145   183   191   171   141   197   123   229   256   196
FXR171  1940   156   160   212   132   136   197   144   172   181   181
FXR171  1950   189   221   159   177   127   156   183   168   201   127
FXR171  1960   133   117   145   121   111   136   137   123   135   119
FXR171  1970   109   131    95   113   103    85    92    80   111   111
FXR171  1980    97   999
FXR172  1691    75   113    69    84    73    73    61    48    56
FXR172  1700    43    43    56    59    51    43    49    85    55    53
FXR172  1710    41    65    25    49    67    73    77    67    73    69
FXR172  1720    64    87   107    88    84    99   103    92    84   131
FXR172  1730   127    99   105    75   128    57    31    31    44    75
FXR172  1740    81    81    48    39    35    61    36    49    76    39
FXR172  1750    53    36    33    28    35    41    51    49    59    96
FXR172  1760    75    40    51    96    61    79   108    49   103    88
FXR172  1770    31    53    84    96    33    57    51    81    57    83
FXR172  1780    81    51    60    68    51    53    61    79    85    41
FXR172  1790    59    88    65    52    51    49    59    61    36    32
FXR172  1800    19    24    33    20    24    24    33    32    41    32
FXR172  1810    32    47    41    40    84    41    28    41    44    45
FXR172  1820    29    53    44    60    59    33    33    53    37    37
FXR172  1830    49    49    45    25    37    60    73    97    51    87
FXR172  1840   112    83    99   149   133   183   187   227   247   239
FXR172  1850   171   265   200   196   215   227   168   140    97   169
FXR172  1860   189   209   289   261   208   255   251   153   139   248
FXR172  1870   201   185   268   167    91   160   159   205   305   181
FXR172  1880   133   152   219   205   199   235   233   137   168   260
FXR172  1890   197   193   160   147   155   156   256   259   132   201
FXR172  1900   163   211   259   253   316   233   199   268   277   227
FXR172  1910   259   187   405   159   123   385   293   291   205   176
FXR172  1920   135   117   211   193   277   211   199   179   240   120
FXR172  1930   131   156   163   141   165   191   116   212   189   188
FXR172  1940   117   177   204   109   105   189   151   152   179   148
FXR172  1950   181   156   137   119   101   175   159   117   132    92
FXR172  1960   124    93   112   129    92   120   107   120   147   107
FXR172  1970   103   104    83    99    99    83    85    69    97    97
FXR172  1980    76   999
FXR181  1698    37    51
FXR181  1700    41    59    47    47    67    51    47   105    61    69
FXR181  1710    44    49    61    43    57    56    91    91    64    89
FXR181  1720   103    48    69    37    35    64    68    57    52    83
FXR181  1730    63    99   124   149   151   104    36    80    64    73
FXR181  1740    85   103   999
FXR181  1784    40    39    27    49    43    40
FXR181  1790    41    45    53    35    36    36    48    65    41    32
FXR181  1800    31    36    49    45    36    40    39    39    52    43
FXR181  1810    39    48    52    49    55    52    39    24    29    39
FXR181  1820    32    37    32    48    61    41    43    63    96    45
FXR181  1830    60    72    47    36    72    72   103   121   104   107
FXR181  1840   145   100   108   143   112   143   132   137   147   212
FXR181  1850   152   165   131   140   167   181   156   168   175   167
FXR181  1860   193   209   251   220   175   187   193   203   207   271
FXR181  1870   236   207   283   259   224   313   283   297   357   203
FXR181  1880   233   248   268   272   311   249   207   179   227   231
FXR181  1890   201   224   316   269   229   192   307   405   255   263
FXR181  1900   357   275   257   319   292   269   235   316   311   356
FXR181  1910   248   177   321   167   149   275   305   237   196   291
FXR181  1920   195   212   237   229   259   188   176   192   229   192
FXR181  1930   189   184   233   181   175   233   155   261   267   173
FXR181  1940   167   180   168   147   133   172   179   201   236   179
FXR181  1950   260   235   179   177   108   197   189   235   240   135
FXR181  1960   191   172   176   148   127   155   144   137   181   176
FXR181  1970   151   176   112   175   157   171   129   111   155   156
FXR181  1980   100   999
FXR182  1788    56    55
FXR182  1790    47    36    45    37    35    28    32    72    44    27
FXR182  1800    28    48    64    43    39    44    44    40    47    49
FXR182  1810    44    53    56    44    57    44    27    29    39    44
FXR182  1820    44    35    47    55    72    39    32    92    95    64
FXR182  1830    47    57    55    29    72    53    75   107   105    79
FXR182  1840   124    80   100   121    96   104   109   116   133   163
FXR182  1850   140   183   133   999
FXR182  1870   153   151   241   187   183   248   275   240   339   260
FXR182  1880   211   195   237   197   252   168   176   143   157   241
FXR182  1890   344   240   288   216   195   160   263   299   223   200
FXR182  1900   279   221   223   331   297   235   217   271   240   256
FXR182  1910   213   157   273   155   127   237   249   224   171   197
FXR182  1920   163   168   208   161   248   180   199   207   280   196
FXR182  1930   187   164   240   188   173   251   143   232   221   167
FXR182  1940   132   145   137   151   115   133   149   164   187   145
FXR182  1950   172   179   140   140    79   120   155   164   183   105
FXR182  1960   153   108   121   121    93   133   123   115   159   128
FXR182  1970   111   131    92   129    91   108   123    69    81    71
FXR182  1980    49   999
FXR191  1674    33   105    25    35    45    64
FXR191  1680   108    65    48    80   113    93    76    91    89    60
FXR191  1690    97    53   100    68    39    35    75    43    43    39
FXR191  1700    47    60    53    57    63    63    57    76    63    75
FXR191  1710    52    57    55    52    48    57    63    57    45    60
FXR191  1720    57    39    29    29    28    27    35    25    27    32
FXR191  1730    29    33    31    33    41    53    31    32    59    56
FXR191  1740    55    56    35    45    45    89    40    84    80    47
FXR191  1750    72    68    51    55    59    31    80    96    72   132
FXR191  1760    80   100    56   108    73    83   120    55    83    47
FXR191  1770    47    68    57    67    36    44    36    39    36    41
FXR191  1780    49    39    37    33    29    19    28    31    33    45
FXR191  1790    32    41    32    28   999
FXR191  1810    32    35    31    39    43    52    27    29    45    32
FXR191  1820    44    44    49    69    80    45    36    47    64    36
FXR191  1830    48    47    33    33    48    55    55    67    53    84
FXR191  1840   109    61    65    91    81    73   159    85   131   137
FXR191  1850   109   133   137   172   175   207   123   105   103   193
FXR191  1860   180   173   248   220   141   177   131   139   132   173
FXR191  1870    95    89   153   169   127   116   151   167   163   112
FXR191  1880   151   124   141    96    95    88   108    68    69    80
FXR191  1890   100    99   167   145    88    56   109   147   100   121
FXR191  1900    88    89   117   147   167   161   137   128   151   143
FXR191  1910    89    84    99    79    47    81    96    65    48    81
FXR191  1920    56    56    80    64    72    55    75    93   113    69
FXR191  1930    84    69    72    87    57    96    51   111   104   112
FXR191  1940    79    87    87    79    60    57    49    64    77    77
FXR191  1950    95    80    81    71    59    81    55    93    87    57
FXR191  1960    79    59    67    63    49    75    60    48    61    67
FXR191  1970    60    61    56    63    61    72    59    53    55    57
FXR191  1980    52   999
FXR192  1759   119
FXR192  1760    84   111    79   140    55    87    96    55   129    76
FXR192  1770    89   116   109   105    44   125    92   116   120   124
FXR192  1780   121   120   116    49    53    51    53    64    76   112
FXR192  1790    76    61    60    44    63    71    51    72    47    47
FXR192  1800    45    56    68    49    52    47    47    44    48    45
FXR192  1810    68    51    64    65   116    67    41    84    67    64
FXR192  1820    63    88    67    83   101    69    47   107    95    95
FXR192  1830    89    81    73    51    60   109    95   147   132   181
FXR192  1840   177   137   108   149   117   115   152   160   199   191
FXR192  1850   128   201   189   247   245   404   196   235   167   207
FXR192  1860   273   316   404   260   257   309   307   211   220   383
FXR192  1870   197   249   365   243   196   323   264   289   264   187
FXR192  1880   284   269   267   273   273   251   197   145   180   213
FXR192  1890   208   195   228   216   153   124   236   220   176   163
FXR192  1900   213   217   227   261   328   251   216   252   212   215
FXR192  1910   199   145   231   127    73   153   128   141    89   112
FXR192  1920    87    95   123   104   119    99   123   160   284   160
FXR192  1930   120    93   125   104   123   152    99   191   131   165
FXR192  1940   128   121   123   111   104   112    92   109   165   124
FXR192  1950   152   136   125   128    87   115   121   133   144    99
FXR192  1960   137   148   159   132    75   107    93    73   107   116
FXR192  1970   101   128   100   125   133   132   123   100   105   100
FXR192  1980    76   999
EMB01A  1901  1563  2199  2352  1748  1693  2591  2640  2167  1844                
EMB01A  1910  1129   802  1966  1581  1012  2001  2207  1815  1096  1624          
EMB01A  1920  1422  1301  1518  1724  2648  1530   992  1683  1501  2056          
EMB01A  1930  1591  1811  1837  1442  1512  1670  1753  2978  2867  3742          
EMB01A  1940  2066  2763  4869  2572  2846  3831  2276  2238  2774  2549          
EMB01A  1950  2537  2053  1900  1931  1191  2260  2213  2744  1901  1819          
EMB01A  1960  2382  2146  2380  2029  1209  1505  1489  2338  2791  2685          
EMB01A  1970  2860  2851  2236  2512  2384  1716  1801  2465  2645  2145          
EMB01A  1980  1604  1248  2645  2417  1908  1678  2273  1759  1424  1858          
EMB01A  1990  1978  1619  2529  3283  1895  1700  2485  2009  1019  1410          
EMB01A  2000  1356  1223  1229  1359  1538  1452  1833  2231  2311  1744          
EMB01A  2010  1927  1360   939  1579  1135 -9999                                  
EMB01B  1911  1869  2249   544   434   430   433   459   491  1000                
EMB01B  1920   509   683  1253  1341  2195  1622  1001  1253  1584  1593          
EMB01B  1930  1111   882  2143  1229   901  1707  1116  3059  1722  1705          
EMB01B  1940  1383  2255  3922  3515  2440  2604  2284  1996  2042  1997          
EMB01B  1950  2590  1638  1693  1647  1165  2324  1967  2089  2396  1392          
EMB01B  1960  2044  1634  1555   945   832  1633  1549  2364  2438  2406          
EMB01B  1970  2222  2285  1853  2215  2097  2059  1611  1309  1970  2039          
EMB01B  1980  1611  1384  2103  1953  1634  1051  1257  1505  1129  1345          
EMB01B  1990  1651  1508  1620  1617  1167  1566  1834  1715  1267  1238          
EMB01B  2000  1314  1554  1630  1458  1306   975   965  1256  1445  1758          
EMB01B  2010  1840  1241  1167  1386  1003 -9999                                  
EMB02A  1892  1021  1003   874   954  1427  1226   712   688                      
EMB02A  1900   772   931   965  1658  1225   875  1236  1612  1438  1322          
EMB02A  1910  1604   859  1620   807   721  1403  1828  1404   742  1278          
EMB02A  1920  1133  1340  2485  3067  3877  2730  2682  2879  3289  2553          
EMB02A  1930  1737  1550  1627  1548  1352  1657  1214  1758  2185  1762          
EMB02A  1940  1529  1873  3037  2116  1307  1635  1250  1085  1527  1192          
EMB02A  1950  1062  1040   982   876   714   662   735  1066   871   613          
EMB02A  1960  1234   770   763   843   575   646   898   897  1124  1358          
EMB02A  1970   986   861   819   911  1044   819   606   663  1038  1255          
EMB02A  1980   877   771   998  1238   834   616   808  1223  1113   646          
EMB02A  1990   715   875   646   887   921   862  1080   825   979   555          
EMB02A  2000  1183   867  1049   586   762   919  1024   977  1062   791          
EMB02A  2010   760   621   499   627   667 -9999                                  
EMB02B  1886   583   514   399   431                                              
EMB02B  1890   688   728   686   513   351   324   798   644   487   487          
EMB02B  1900   286   584   460   929   831   567   324   878   933   664          
EMB02B  1910   888   437  1167   607   447   901   939   901   424   492          
EMB02B  1920   470   595   765   650  1275   686   892   986  1175   785          
EMB02B  1930   502   668   580   562   386   708   450  1011  1111   870          
EMB02B  1940   880  1164  1692  1193  1042  1493  1298  1140  1177   972          
EMB02B  1950  1125   932  1345   781   667   987   810   705  1126   585          
EMB02B  1960  1184   966  1056  1206   758   779   956   957  1255  1039          
EMB02B  1970   839  1059   847  1116  1044   861   819   811   978   986          
EMB02B  1980   784   682   830  1154   970   816   693   894  1086   881          
EMB02B  1990   720   568   807   691   760  1231   916   763   865  1160          
EMB02B  2000   910   920   943   934   709   959   596   601  1031   604          
EMB02B  2010   737   751   649   712   792 -9999                                  
EMB03A  1871   423   705   839   689   660   484   335   233   917                
EMB03A  1880  1006   703   762  1096   909  1172   802   895   911  1334          
EMB03A  1890   732  1449  1366   697   515   571  1559  1018   842  1204          
EMB03A  1900  1313  1028   791   852  1690  1295   912  1015  1460  1527          
EMB03A  1910  1675   412   993   623   415  1130  2600  2811  1713  2151          
EMB03A  1920  1772  1736  2168  2493  2659  1906  2062  2386  3701  2253          
EMB03A  1930  1132  1537  1158  1184  1379  2011  1135  1845  1919  1981          
EMB03A  1940  1367  1553  1878  1559  1034  1510   996  1112  1353   902          
EMB03A  1950  1466  1740  1377  1140   599  1220  1236  1581  1685   644          
EMB03A  1960  1099  1082   780   910   588  1037  1297  1615  1329  1266          
EMB03A  1970  1335  1489  1109  1776  1574  1530  1416  1260  1585  1533          
EMB03A  1980  1366  1578  1847  1305  1363  1499  2188  1867   984  1183          
EMB03A  1990  1125  1205  1536  1230  1289  1306  1335  1140  1101  1272          
EMB03A  2000  1257  1478  1558   930  1402  1191   949   974  1286  1717          
EMB03A  2010  1888  1652  1140  1614  1305 -9999                                  
EMB03B  1907  2476  2525  2353                                                    
EMB03B  1910  2635  1344  2904  1756   848  2935  1911  1279  1407  3811          
EMB03B  1920  2903  1428  3892  3179  4392  2318  1812  2248  3674  2020          
EMB03B  1930  1142   733  1439  1115   529   923   764  1644  1399  1433          
EMB03B  1940  1878  1887  2192  1476  1120  1612  1213  1005  1123   881          
EMB03B  1950  1932  1899  1584  1607   759  1478  1593  1382  1926  1094          
EMB03B  1960  2150  1849  1643  1522  1110  2125  1997  2238  2216  1843          
EMB03B  1970  1968  2076  1582  2434  2338  2646  1885  1380  1457  1762          
EMB03B  1980  1720  1529  2673  2158  1740  1305  1849  1818  1373  1852          
EMB03B  1990  1756  1554  2227  1832  1523  2227  1690  2035  1159  1879          
EMB03B  2000  2239  2197  2531  1437  2546  1861  1453  1726  3064  2727          
EMB03B  2010  3096  2448  1534  2723  2511 -9999                                  
EMB04A  1847   582  1011   625                                                    
EMB04A  1850   617   793   811   465   736  1197  1007   647  1226   731          
EMB04A  1860   822  1023  1290   902   863   921  1615   855   826  2187          
EMB04A  1870  1662   830  1567  1178   853  1158  1651  1487  2232  1158          
EMB04A  1880  1198  1112  1086   855   527   508   495   422   232   313          
EMB04A  1890   515   680   921   699   620   428   463  1077   537   619          
EMB04A  1900   519   661   944   928  1019   674   891  1288   926   826          
EMB04A  1910   835   417   916   467   340   975   641   684   565   773          
EMB04A  1920   734   611  1086  1018  1238   879   840  1291  1270  1148          
EMB04A  1930   805   774   636   626   744  1304   864  1064   997  1297          
EMB04A  1940  1049   932  1289  1008   962  1430  1150  1346  1500  1406          
EMB04A  1950  1652  1562  1194  1453   796  1272  1334  1577  1624   954          
EMB04A  1960  1672  1766  1404  1108   846  1354  1490  1966  2606  2678          
EMB04A  1970  2238  2189  1702  2469  1627  2531  1402  1158  1920  2473          
EMB04A  1980  1839  1727  2364  1865  1108  1554  1751  2219  1001  2001          
EMB04A  1990  1713  1226  1954  1940  1429  1517  1323  1573  1746  2166          
EMB04A  2000  1973  1646  1671  1169  1899  1089  1471  1684  1942  1515          
EMB04A  2010  1812  1394  1026  1592  1108 -9999                                  
EMB04B  1876  5486  3391  2117  2897                                              
EMB04B  1880  2609  2511  3011  2481  1992  1165  1073  1511  1404  1009          
EMB04B  1890  2827  2409  3490  2752  2626  1724  2918  2664  2109   933          
EMB04B  1900  1478  1628  1693  1641  1457   685   859  1319  1104  1201          
EMB04B  1910   940   761  1407  1125   801   986  1496   936   983  1614          
EMB04B  1920   968   904  1291  1239  1574  1077   963  1443  1697  1291          
EMB04B  1930  1304   787  1292   992   977  1834  1002  1283  1505  1723          
EMB04B  1940  1201  1226  1775  1287  1072  2002  1825  1422  1919  1983          
EMB04B  1950  1760  1683  1908  1582   975  1272  1255  1258  2028  1017          
EMB04B  1960  1503  1562  1260  1552   963  1497  1125  2119  2206  2564          
EMB04B  1970  1984  2043  1305  2247  1840  2441  1537  1112  1646  2135          
EMB04B  1980  1365  1382  2288  1634  1133  1233  1415  2004  1203  1447          
EMB04B  1990  1470  1412  2041  1656  1323  1302  1041  1636  1295  1862          
EMB04B  2000  1398  1624  1213   941  1823  1047  1002  1221  1588  1294          
EMB04B  2010  1132  1022   758   983  1443 -9999                                  
EMB05A  1877  2328  2159  1463                                                    
EMB05A  1880  1542  1408  1527  1073  1301  1369   746   593   708  1108          
EMB05A  1890  1199  1115  1188  1116  1009   656  1265   922   898   549          
EMB05A  1900   832   856   650   753   927   611   894  1286  1052  1384          
EMB05A  1910  1241   789  2316  1053   731  2467  1709  1754  1153  1548          
EMB05A  1920  1116  1152  2080  1655  2341  1843  1060  1887  2495  1645          
EMB05A  1930  1138   944   878   892   820  1374  1132  1389  2105  1932          
EMB05A  1940  1552  2301  3335  2048  1573  3208  2049  2523  3163  3426          
EMB05A  1950  3091  3020  2874  2595  1279  2110  2048  2447  3111  2154          
EMB05A  1960  2724  2658  2043  1608  1130  2442  1931  3308  4161  4103          
EMB05A  1970  2755  3685  2258  4146  3400  3427  2193  1422  2552  2812          
EMB05A  1980  2376  2241  3030  1974  1574  1821  2615  2648  1396  2779          
EMB05A  1990  1870  1534  2156  1968  1508  1856  1532  2026  1392  1920          
EMB05A  2000  2664  2342  2069  1629  2106  1308  1519  1860  2313  2277          
EMB05A  2010  2314  1793  1124  2019  1345 -9999                                  
EMB05B  1918  1740  1741                                                          
EMB05B  1920  1246  2124  1817  1811  2445  1413   922  1638  2877  1641          
EMB05B  1930  1493   854  1050   835  1238  2645  1547  2479  3494  3404          
EMB05B  1940  2352  3393  5080  3453  1657  3623  2816  2630  3426  3871          
EMB05B  1950  3354  3187  3131  2552  1641  2279  2428  2647  3202  1857          
EMB05B  1960  2721  2074  2239  1443  1497  2387  2116  3125  3730  3678          
EMB05B  1970  3694  3719  2236  3307  3382  3060  2611  1489  3129  3896          
EMB05B  1980  2762  2723  3295  2691  1777  2090  2627  2554  1598  2781          
EMB05B  1990  2409  1981  2565  2111  1587  2121  1805  2461  2196  2667          
EMB05B  2000  3397  3132  3028  1832  2539  1509  1832  2112  2709  2536          
EMB05B  2010  2477  2469  1328  2118  1916 -9999                                  
EMB06A  1899  1116                                                                
EMB06A  1900  1226  1319  2655  2987  2459  2022  2197  2868  2614  1702          
EMB06A  1910  2600  1253  2965  1608  1031  2933  2182  1672  1428  1778          
EMB06A  1920  1636  1300  1837  1643  2302  1722  1150  1452  1566  1573          
EMB06A  1930  1085  1407  1048  1032   962  1600   935  1435  1544  1539          
EMB06A  1940  1029  1603  2012  1927  1391  1914  1574  1351  1642  1185          
EMB06A  1950  1435  1270   888   970   840   961  1117  1141  1096   974          
EMB06A  1960   964   896   916  1002   870  1034  1286  1504  1418  1451          
EMB06A  1970  1141  1156   843  1515  1461  1083  1038  1048  1256   962          
EMB06A  1980  1123  1115  1301  1031   865   816   905  1027   931  1162          
EMB06A  1990  1004   630  1070  1219   813   906  1083  1184   869   836          
EMB06A  2000   926   847   908   975   998  1303  1409  1267  1732  1478          
EMB06A  2010  1776  1084  1136  1262  1002 -9999                                  
EMB06B  1891  2243  2231  1174  1499  1659  2598  2159  1395  1468                
EMB06B  1900  2572  1793  2483  2030  2029   841   893  1557  1593  1134          
EMB06B  1910  1457   968  2217  1216   791  2105  1808  1533  1250  1656          
EMB06B  1920  1196   904  1267  1270  2085  1411  1239  1372  1971  1704          
EMB06B  1930  1261  1051  1154   849   781  1373   913  1141  1153  1317          
EMB06B  1940   939  1111  1949  1801  1269  1903  1573  1132  1278  1140          
EMB06B  1950  1142  1241   938   737   710   769   964  1171   924   988          
EMB06B  1960   864   930   814   755   646   987  1220  1532  1560  1770          
EMB06B  1970  1202  1107  1161  1621  1381  1410  1372  1187  1400  1154          
EMB06B  1980  1301  1495  1329  1353   808  1477  1021  1092  1167  1647          
EMB06B  1990  1384  1045  1367  1804  1182  1015  1320  1416  1116  1252          
EMB06B  2000  1268  1266   915   889  1473  1577  1308  1970  2268  1735          
EMB06B  2010  2138  1652  1127  1578  1523 -9999                                  
EMB08A  1898  6158  6275                                                          
EMB08A  1900  8087  5579  6210  6639  5752  2662  2066  2907  2272  2166          
EMB08A  1910  1160   807  1664  1301  1189  2952  3129  2566  2313  2341          
EMB08A  1920  2105  2174  2818  3208  3721  2386  2144  2629  2854  2200          
EMB08A  1930  1584  1464  2123  1724  1417  2470  1473  2178  2306  2121          
EMB08A  1940  1560  2001  2812  2210  1321  2270  2236  1335  2208  1811          
EMB08A  1950  2293  2169  1838  1590   951  1753  1613  1835  2147   845          
EMB08A  1960  1417  1128  1238  1458   828   979  1020  1200  1608  1177          
EMB08A  1970  1247  1850  1425  2498  2750  2375  1875  1181  1778  2391          
EMB08A  1980  1779  1798  3159  2011  1695  1051  1943  1477  1144  1521          
EMB08A  1990  1627  1039  1545  1419  1483  1170  1187  1379  1327  1484          
EMB08A  2000  1393  1643  1599  1207  1987  1697  1457  1249  2021  1421          
EMB08A  2010  1231  1524  1070  1686  1331 -9999                                  
EMB08B  1902  2833  3805  3828  3203  1656  2721  2346  2035                      
EMB08B  1910  2402  1259  2339  1560  1119  2416  2344  1597  1526  1933          
EMB08B  1920  1926  2814  3292  2716  3222  2218  2415  4230  4867  2543          
EMB08B  1930  1708  1320  1629  1824  1502  3043  1642  2402  3093  2341          
EMB08B  1940  1459  1395  2140  1561  1277  2276  2101  1970  1612  1770          
EMB08B  1950  2356  2215  1502  1096   769  1062   953  1180  1183   797          
EMB08B  1960  1145   782  1016  1189   744   781  1159  1336  1908  1929          
EMB08B  1970  1691  2701  1645  4186  3159  3350  2726  2003  3027  2573          
EMB08B  1980  2198  2075  3377  2367  2077  1593  2353  2292  1464  1581          
EMB08B  1990  1531  1607  1774  1743  1474  2131  1350  1737  1278  1581          
EMB08B  2000  1695  2008  1605  1139  1809  1326  1525  1114  1989  1223          
EMB08B  2010  1340  1406   880  1228  1093 -9999                                  
EMB09A  1863  1494  1024  1176  1636  1494  2018  2804                            
EMB09A  1870  1664  1373  1318   842   725  1208  1805  1709  1404   824          
EMB09A  1880   715   800   679   647   451   379   510   351   481   403          
EMB09A  1890  1199  1386  2441  2730  2601  1847  2868  3334  3961  2481          
EMB09A  1900  4177  3334  2599  3040  3378  2127  2244  2593  2175  2722          
EMB09A  1910  1636   884  1953  1205   663  1686  1789  1730  1221  1121          
EMB09A  1920  1080  1000  1667  1209  2382  1662  1544  2402  3292  2189          
EMB09A  1930  1757  1249  1286  1380   974  1326  1115  1431  1689  1717          
EMB09A  1940  1495  1878  2031  1638  1291  1935  1830  1794  1841  1912          
EMB09A  1950  2106  2118  2065  1685  1305  1654  1694  1989  2211  1425          
EMB09A  1960  2060  1304  1452  1402  1056  1333  1375  1578  1979  1853          
EMB09A  1970  1414  1885  1613  1986  1755  2247  1606  1343  1504  1729          
EMB09A  1980  1627  1474  2433  1872  1403  1830  1722  1782  1858  1809          
EMB09A  1990  1929  1775  2031  2017  2145  2302  1514  2102  2116  2870          
EMB09A  2000  2521  2441  2418  1918  2307  1758  1551  1570  1946  1817          
EMB09A  2010  1466  1670  1305  1542  1525 -9999                                  
EMB09B  1858  3601  4080                                                          
EMB09B  1860  2613  2152  2943  2199  4186  2867  2311  1631  1588  2177          
EMB09B  1870  1376  1136   709   931   647   869  1264   913  1100   896          
EMB09B  1880   819   664   597   795   546   806   607   668   564   503          
EMB09B  1890  1524  2034  1887  2084  1445  1446  2607  2713  1856  1476          
EMB09B  1900  1291  1943  2581  2720  3056  2689  2350  1980  1881  1658          
EMB09B  1910  1308  1154  2225  1442   880  1222  1704  1770  1413  1626          
EMB09B  1920  1318  1315  2291  2086  3021  2193  1780  3026  3326  2934          
EMB09B  1930  2289  1437  1513  1582  1100  1768  1264  1690  2193  1889          
EMB09B  1940  1405  1945  1705  1530  1522  2569  2569  2154  2050  2694          
EMB09B  1950  3104  2638  2264  1987  1095  1504  1531  1686  1876  1384          
EMB09B  1960  1825  1758  1346  1515   989  1399  1313  1661  1881  1973          
EMB09B  1970  2061  1940  1611  2125  2215  2538  2219  1600  2239  2185          
EMB09B  1980  1976  1501  2724  2132  1338  1855  1699  1360  1445  1230          
EMB09B  1990  1558  1352  1476  1596  1404  1669  1257  1197  1051  1691          
EMB09B  2000  1427  1720  1619  1170  1703  1513   955  1330  1438  1005          
EMB09B  2010  1345  1165   873  1309  1156 -9999                                  
EMB10A  1878  5036  2913                                                          
EMB10A  1880  3324  2488  2537  1619  1475  1250   920   910   794  1222          
EMB10A  1890  1542  1359  1058  1011   750   567  2193  2284  1842  1715          
EMB10A  1900  2547  2188  2884  2699  2362  1705  1767  2140  1911  1160          
EMB10A  1910  1325  1046  2187  1194   815  1585  1527  1307  1333  1185          
EMB10A  1920   997  1564  2548  2419  2738  2074  1905  2518  2922  2611          
EMB10A  1930  1788  1965  2498  2052  1859  2374  1270  2259  2417  2027          
EMB10A  1940  1605  1842  1965  2092  1411  1855  1631  2025  1998  1821          
EMB10A  1950  2024  2041  1268  1823  1092  1345  1500  1434  1910  1190          
EMB10A  1960  1278  1137  1299  1339  1029  1097  1089  1272  1510  1325          
EMB10A  1970  1638  1576  1231  2276  1650  1815  1579  1457  2246  2117          
EMB10A  1980  1573  1402  1591  1521  1390  1202  1584  2064  1166  1390          
EMB10A  1990  1262  1120  1380  1440  1419  1197   997  1311  1231  1485          
EMB10A  2000  1641  1503  1477   991  1269   981   836   821  1377  1300          
EMB10A  2010  1529  1172   797  1380  1061 -9999                                  
EMB10B  1904  4115  3305  3071  3997  2820  2192                                  
EMB10B  1910  2194  2308  2302  1649  1085  2468  2437  1946  1639  2648          
EMB10B  1920  2033  2356  3374  2761  3816  2882  2729  3469  3538  3313          
EMB10B  1930  2807  1847  3032  2265  1927  2579  2116  3899  3187  3412          
EMB10B  1940  2524  2535  2824  2550  1863  3083  2128  2085  3144  2381          
EMB10B  1950  2659  2630  1911  2047  1402  1441  1821  2103  3025  1474          
EMB10B  1960  1442  1614  1643  1294  1181  1352  1120  1579  1850  1616          
EMB10B  1970  1599  1492  1447  2439  1905  1719  1420  1232  2658  2578          
EMB10B  1980  1791  1544  2307  1433  1143  1118  1714  1826  1379  1658          
EMB10B  1990  1537  1359  1283  1601  1164  1280  1111  1370  1257  1253          
EMB10B  2000  1706  1435  1199  1006  1275  1105   922   976  1433  1267          
EMB10B  2010  1762  1093   947  1230  1142 -9999                                  
EMB11A  1940  1349  3221  3705  2933  2452  3543  2174  2614  2881  3113          
EMB11A  1950  2965  2651  2371  1806  1546  1679  2266  2860  3099  2184          
EMB11A  1960  3178  2700  2862  2192  1276  1546  1576  2105  2421  2488          
EMB11A  1970  2378  2956  2310  4397  3710  3858  2673  1703  2394  2710          
EMB11A  1980  2468  2511  3279  2217  2322  2135  1550  2250  1908  1809          
EMB11A  1990  2324  2062  1931  2457  2113  2468  2061  2138  3805  3583          
EMB11A  2000  4210  3558  2899  2008  2416  1859  2010  2399  3969  2691          
EMB11A  2010  2416  2549  1616  3068  1903 -9999                                  
EMB12A  1913  1238  1198  2385  1853  2253  1647  1841                            
EMB12A  1920  1672  1208  1779  1343   986  1266   877  1727  1900  2171          
EMB12A  1930  1157   925  1131   855   754  1285   926  1338   967  1303          
EMB12A  1940   919  1279  1375  1062  1004  1829  1410  1176  1469  1993          
EMB12A  1950  2291  1973  1164  1228   683  1281  1585  3260  2661  1527          
EMB12A  1960  2063  2163  1417  1039  1199  1850  1700  1594  2063  1750          
EMB12A  1970  1751  1964  1294  2649  2399  3222  2831  2008  3185  3232          
EMB12A  1980  2664  2764  4121  3565  2461  2733  3526  3498  1689  2901          
EMB12A  1990  2445  2301  2587  2785  2765  2897  2263  3110  3485  3528          
EMB12A  2000  2950  2990  3163  2517  3055  2645  2443  2625  2538  3034          
EMB12A  2010  2766  2599  1816  2173  2203 -9999                                  
EMB12B  1923  8484  4225  1851  2729  2697  2546  2687                            
EMB12B  1930  1648  1465  1682  1107   820  1813  1298  1584  1221  1534          
EMB12B  1940  1132  1334  1581  1257   968  1903  1406  1386  1611  1983          
EMB12B  1950  2673  1535  1464  1042   665  1078   980  1505  1405  1062          
EMB12B  1960  1499  1091   910   897   583   828   827  1008  1382  1388          
EMB12B  1970  1230  1724  1525  1961  2893  3322  3825  2233  3993  3495          
EMB12B  1980  2505  2884  3309  2833  2332  2729  3348  3072  1892  1868          
EMB12B  1990  2026  2000  2545  2697  2909  3254  2357  2682  2766  2779          
EMB12B  2000  2645  2870  2183  1957  3240  2437  2474  1979  2769  2725          
EMB12B  2010  2672  2563  1591  1886  2388 -9999                                  
EMB13A  1945  6710  6546  5690  5004  6681                                        
EMB13A  1950  5410  4024  2747  1832   895  2130  2946  4058  3672  2204          
EMB13A  1960  2206  2636  2145  1977  1402  1483  1425  2154  2455  2936          
EMB13A  1970  1400  2261  1583  2683  2361  2100  1613  1449  2565  2629          
EMB13A  1980  1589  1537  2337  2609  2241  1648  2228  2886  1822  1756          
EMB13A  1990  1333  1320  2415  2085  2431  2888  1618  1763  1796  1932          
EMB13A  2000  1768  2447  1936  1468  2530  2004  1333  1822  1949  2496          
EMB13A  2010  1753  1669  1395  1882  1992 -9999                                  
EMB13B  1958  3117  2116                                                          
EMB13B  1960  3964  3133  2912  2643  1237  1679  1917  1807  2997  3160          
EMB13B  1970  3490  3569  1784  3314  3060  3635  2786  1626  2481  3240          
EMB13B  1980  1977  2673  4886  4879  3145  2928  3426  4160  3075  3836          
EMB13B  1990  2826  2752  3777  3167  2641  2795  2526  3017  2911  3283          
EMB13B  2000  3018  3748  2894  2073  3490  2374  2319  2329  3234  3497          
EMB13B  2010  3255  3225  1730  3176  2711 -9999                                  
EMB14A  1872  4567  3253  1196  2839  1545  1151  1991  1216                      
EMB14A  1880  1214  1037  1248   738   675   780   501   428   391   436          
EMB14A  1890  1890  2269  2960  1640  1177  1084  3196  3138  1843  1930          
EMB14A  1900  2343  3137  1947  2384  2885  3206  2187  2448  2338  2490          
EMB14A  1910  2167  1157  2220  1122   724  1752  1351  1613   866   987          
EMB14A  1920   828   634  1012  1220  1298  1039   836  1575  1537  1105          
EMB14A  1930  1045   996  1180   849   701  1669   800   997   964  1571          
EMB14A  1940  1400  1228  1328  1286  1097  1482  1978  1772  1833  1742          
EMB14A  1950  1992  2513  2279  1568   770   622   623   740   804   698          
EMB14A  1960   860   738   698   711   533   468   414   506   833   889          
EMB14A  1970   731   787   561   837  1054  1118   984   699   886   904          
EMB14A  1980  1083   928  1404  1504   975  1046  1354  1021   930  1001          
EMB14A  1990   950  1267  1294  1179  1070  1113   948   917   808  1321          
EMB14A  2000  1127  1316   874   617  1212   981   932   756   781   990          
EMB14A  2010   942  1203  1076  1457  1237 -9999                                  
EMB14B  1856  2036  1025   919   841                                              
EMB14B  1860   969   990  1475  1351   846   716   885   815   490   765          
EMB14B  1870   628  1016  1506  1519  1840  1647  1482  1071  1183   815          
EMB14B  1880   861   774  1193   555   470   692   274   291   283   557          
EMB14B  1890  1433  1535  3313  1353  1363  1872  4308  2760  1643  1973          
EMB14B  1900  2586  2099  1611  2906  2651  2971  2300  2480  2661  2754          
EMB14B  1910  1877  1021  3224  1046   886  2000  1572  1211   850   988          
EMB14B  1920   622   640   891   987  1051   762   945  1101  1450   654          
EMB14B  1930   852   733   721   732   653  1409   693   779   954  1104          
EMB14B  1940  1038   996   998  1055   862  1328  1259  1617  1538  1659          
EMB14B  1950  1863  1919  1594  1273   745   316   626   656   694   607          
EMB14B  1960   677   633   720   585   514   477   532   611   768   937          
EMB14B  1970   817   759   667  1098   871   898   648   662   769   928          
EMB14B  1980   832   779   942   918   607   551   793   631   575   706          
EMB14B  1990   700   608   756   689   716   795   773   670   742   954          
EMB14B  2000   771   733   693   635   622   641   681   619   880   523          
EMB14B  2010   581   679   567   662   666 -9999                                  
EMB15A  1882   956   669   893   621   753   254   363   847                      
EMB15A  1890  1290  1138  1592  1325  1253  1415  3434  2934  2027  1752          
EMB15A  1900  2806  2777  3454  4683  3138  2422  2156  3308  3773  3668          
EMB15A  1910  2705  1121  2723  1230   873  2558  2247  2016  1879  1594          
EMB15A  1920  1404  1296  1841  2058  2215  1442  1321  1750  2020  1308          
EMB15A  1930  1116  1395  1423  1557  1651  2341  1507  2338  2361  2460          
EMB15A  1940  2373  2987  2817  2058  1713  3108  2109  2715  3223  2664          
EMB15A  1950  2415  2784  2490  1869  1260  1745  1847  2107  2250  1333          
EMB15A  1960  1655  1425  1522  1655   854  1316  1693  1788  2364  1933          
EMB15A  1970  1728  2518  1511  3026  2636  2507  1454  1134  2269  2349          
EMB15A  1980  1696  1393  1983  2050  1697  1795  1653  1999  1321  1411          
EMB15A  1990  2455  1551  1514  1701  1437  1439  1452  1437  1839  2179          
EMB15A  2000  2107  1714  1899  1273  1491  1308  1085  1217  2147  1886          
EMB15A  2010  2577  1800  1259  1812  1422 -9999                                  
EMB15B  1898  3924  2513                                                          
EMB15B  1900  3452  2714  3826  4790  3794  3568  3046  3230  2775  3028          
EMB15B  1910  2809  1602  3981  1950  1311  4278  2754  2485  1686  1478          
EMB15B  1920  1417  1435  2416  2948  2891  1732  1739  2504  2704  1435          
EMB15B  1930  1566  1561  1993  1731  1582  2807  1778  2729  2694  2773          
EMB15B  1940  2566  3445  1905  1696  1922  3329  2315  3181  3769  3042          
EMB15B  1950  3510  3229  2703  2203  1338  2338  2233  2191  2158  1479          
EMB15B  1960  1629  1792  1959  1353   834  1364  1290  1012  1596  1573          
EMB15B  1970  1761  2213  1261  2582  2008  2282  1473  1205  1563  1929          
EMB15B  1980  2026  1420  2858  2359  1703  2058  1517  1687  1111  1592          
EMB15B  1990  2199  1476  1456  1506  1414  1646  1761  1245  1471  1960          
EMB15B  2000  1991  1718  1793   901  1287   895  1152  1048  1716  1397          
EMB15B  2010  2553  1584   927  2017  1157 -9999                                  
