FRO01A  1877  2646  2294  2255                                                    
FRO01A  1880  3755  3651  3419  3192  1651  2662  1883  1807   600  1953          
FRO01A  1890  2026  1843  5390  4683  4319  2205  4384  3970  3035  2500          
FRO01A  1900  2549  2954  3456  2897  3864  3600  2188  3074  3484  2034          
FRO01A  1910   852  1313  1833  1672  1098  1635  1925  1399   978  1063          
FRO01A  1920   997   920  1197  1181   928   874   788  1101  1007   746          
FRO01A  1930   955   787  1011  1083  1062  1391  2072  1480  5422  3939          
FRO01A  1940  3016  1903  3669  1059  1484  1674  2270  1418  2523  1313          
FRO01A  1950  1543  1632   983   905   796   893   866  1196  1659  1469          
FRO01A  1960  1519   906  1484  1285  1075   964   853   875   719   910          
FRO01A  1970   722   822   663   664   967  1088  1168   937   659   887          
FRO01A  1980  1095  1024  1600  1132   787   842   958   790   655   635          
FRO01A  1990   895   741   649   815  1134  1303  1863  1677  1458  2114          
FRO01A  2000  2313  1933  1520  1316  1774  1215  1222   958  1378  1379          
FRO01A  2010  1448  1326   864  1248  1274  1392  1018 -9999                      
FRO01B  1858  1260  1021                                                          
FRO01B  1860   998   946   842  1278  1538   946  1238  1205  1039  1111          
FRO01B  1870  1462   737   800   816   514   607  1154  3054  2425  2570          
FRO01B  1880  1924  2091  1763  2666  1656  1326  1300  1132  1206  1163          
FRO01B  1890  1049  1025  2569  2489  2377  1386  2431  2654  2451  1694          
FRO01B  1900  1580  2559  2167  1816  3182  2269  1086  1757  2165  1300          
FRO01B  1910   654   970  1211  1146   932   731  1296  1189   773  1009          
FRO01B  1920   844   859  1009   823   927   539   706   797   680   573          
FRO01B  1930   913   664  1048  1089  1034  1444  1292  1066  1908  2389          
FRO01B  1940  1703  1283  2681   877  1044  1090  1162   857  2299   998          
FRO01B  1950  2241  1544  1772  1442   823  1198  1090  1477  1604  1613          
FRO01B  1960  1084   714   713   787   932   849   820   998   707   959          
FRO01B  1970   887   732   764   891   757  1204  1124   920   760   695          
FRO01B  1980   842   836  1732  1105   684   903   900   907   706   830          
FRO01B  1990   799   818   765   877   936  1099  1450  1021   840  1526          
FRO01B  2000  1714  1588  1272  1209  2051  1236  1265   943  1134  1451          
FRO01B  2010   983   964  1152  2290  1837  2324 -9999                            
FRO02A  1863  1590  1580  1424   852   873   886   485                            
FRO02A  1870   783   638   680   637   638   762   559   747  2089  1327          
FRO02A  1880  1084  1150  1013  1087  1270  1554  1382   951   761  1249          
FRO02A  1890  1126   898   423   363   560   487   514   898   940   920          
FRO02A  1900   719   695   527   830  1296  1357  1169  1449   736   900          
FRO02A  1910   443   540  1329   719   768   919  1293   347   339     0          
FRO02A  1920     0   288   255   257   251   291   291   298   291   210          
FRO02A  1930   438   430   456   490   344   936   597   592  1119  1644          
FRO02A  1940  1487  1185  1422  1761  1156  1169   877  1642  1727  1231          
FRO02A  1950  1287  1063  1166  1373  1063  1028  1341  1440  2066  1337          
FRO02A  1960  1568  1180  1443  1316  1022   795   797  1234  1270  1055          
FRO02A  1970  1414  1616  1041  1688  1750  2299  2108  1274  1330  1024          
FRO02A  1980  1409  1460  2090  1687  1038  1048  1721  1473  1230  1263          
FRO02A  1990  1225  1492  1332  1749  1138  1492  1719  1467  1354  2375          
FRO02A  2000  2283  2172  1609  1524  1924  1303  1201  1095  2162  3222          
FRO02A  2010  4399  4683  2102  3712  2567  3977  2362 -9999                      
FRO02B  1861  1069  1119  1024   873  1024   691   407   639   526                
FRO02B  1870   396   400   429   461   485   742  1127   974  1300  1031          
FRO02B  1880   857   655   598   624   749  1179  1086  1009   605   881          
FRO02B  1890   845   712   270   295   685   316   666   889   667   646          
FRO02B  1900   594   808  1070  1204  1893  2200  1480  1435  1250  1201          
FRO02B  1910   670   733  1213   728   651   862  1517   784   479     0          
FRO02B  1920     0   323   283   407   256     0   367   256   332     0          
FRO02B  1930   386   580   536   321   641   698   657   625   964   708          
FRO02B  1940  1006  1170  1367  1601  1381  1330  1155  1749  1916  1152          
FRO02B  1950  1255  1132   946  1024   993   773   946  1522  1558  1210          
FRO02B  1960  1327   991  1210  1223   916  1040   970   937  1183   939          
FRO02B  1970  1009  1490   822  1329  1268  1894  1831  1007  1271  1072          
FRO02B  1980  1212  1653  1947  1479  1086  1382  1892  1402  1155  1013          
FRO02B  1990  1149  1215  1354  1375   846  1266  1338  1082   873  1493          
FRO02B  2000  1328  1136   957  1095  1114  1137   906   896  1151  1290          
FRO02B  2010  1704  1704  1446  1921  1836  2097  1550 -9999                      
FRO03A  1916  1334  1262   704   543                                              
FRO03A  1920   477   621  1046   968  1422   893  1007  1125  1316  1453          
FRO03A  1930  1146   787   861   605   532  1060   599   650   816   700          
FRO03A  1940   884   658  1095   680   536   461   440   405   487   660          
FRO03A  1950   897   840   758   682   619   649   728   996   938   757          
FRO03A  1960   931   609   742   640   666   619   549   520   559   602          
FRO03A  1970   697   491   652   590   836   793   731   612   637   889          
FRO03A  1980   783   752   634   959   605   774   914   903   752   781          
FRO03A  1990   964   734   739   977   910  1068  1137  1030   861   915          
FRO03A  2000  1242  1566  1352  1286  1107   777   590   623   826   890          
FRO03A  2010   895   995   698   820   951   802   631 -9999                      
FRO03B  1930  1189  1134  1030  1145  1000  1576  1057  1085  1746  1579          
FRO03B  1940  1410  1523  2012   919   646   932   536   952  1528  1381          
FRO03B  1950  1543  1562  1233   722   875   967   894  1273  1222   877          
FRO03B  1960   989   637   586   747   698   479   584   499   520   619          
FRO03B  1970   670   652   548   888   899   925   949   677   881   928          
FRO03B  1980   951   545   855   935   583   811  1058   779   775   796          
FRO03B  1990   718   753   813  1177   913  1511  1830  1695  1474  1839          
FRO03B  2000  2224  2463  1538  1500  1325  1000   988   777  1090   805          
FRO03B  2010  1112   988   858   880   866   741   795 -9999                      
FRO04A  1772   565   646   349   469   545   604   586   845                      
FRO04A  1780   620   442   390   429   525   509   547   543   430   314          
FRO04A  1790   298   530   427   438   397   621   392   341   225   186          
FRO04A  1800   356   481   636   263   355   633   304   519   310   412          
FRO04A  1810   554   685   476   476   499   381   290   289   314   513          
FRO04A  1820   424   546   473   626   804   449   348   360   458   579          
FRO04A  1830   808   702   981   259   334   492   835   945   539   892          
FRO04A  1840   760   580   555   599   442   514   668   657   957   809          
FRO04A  1850  1054  1124  1297  1007  1177  1478  1496  1472   973  1375          
FRO04A  1860   913  1028  1536  1682   879   689   686   460   645  1268          
FRO04A  1870   704   674   889   752   500   639   477   448   650   527          
FRO04A  1880   466   656   657   729   665   560   551   387   371   346          
FRO04A  1890   484   465   530   659   524   297   452  1030   617   760          
FRO04A  1900   630   660   407   526  1146  1092   951  1038  1190   881          
FRO04A  1910   689   790   959   616   426   777  1177   973   500   665          
FRO04A  1920   517   457  1829  1789  3556  2428  1801  1425  2690  1149          
FRO04A  1930  1777  1515  2005  1155  1047  1943  1182  1123  2765  2142          
FRO04A  1940  2045  1214  4088  1425   875  1933  1575  1466  2020  1274          
FRO04A  1950  1451  1809  1731  1173   998  1462  1879  1438  1580  1128          
FRO04A  1960  1605   952  1042   437   524   712   535   600   544   515          
FRO04A  1970   510   715   411   497   563   668   698   556   747   612          
FRO04A  1980  1005   516   921  1114   600   860   938   854   694   919          
FRO04A  1990  1009   789   728   868   769   949   920   891   698  1071          
FRO04A  2000  1268   891   909  1319  1024  1057   876   707   944   815          
FRO04A  2010  1014   913   763   952   855   994  1024 -9999                      
FRO04B  1762   193   265   316   220   218   199   321   323                      
FRO04B  1770   322   385   313   528   251   506   635   619   537   658          
FRO04B  1780   459   577   454   529   414   502   437   603   495   342          
FRO04B  1790   231   378   683   376   330   483   366   184   293   347          
FRO04B  1800   274   247   483   317   380   342   271   507   322   398          
FRO04B  1810   299   405   407   388   394   336   209   160   215   313          
FRO04B  1820   398   500   466   684   668   582   375   387   322   373          
FRO04B  1830   777   798   926   426   357   678  1168  1150   947  1110          
FRO04B  1840  1338  1179  1024   887   979  1145  1039  1006  1037  1110          
FRO04B  1850  1250  1086  1192  1237  1711  1771  1888  1663  1165  1880          
FRO04B  1860  1264  1457  1808  1713  1341  1084   968   672   848   843          
FRO04B  1870   629   647   787   724   556   523   462   539   809   674          
FRO04B  1880   539   538   491   642   529   502   449   375   355   476          
FRO04B  1890   522   549   552   602   514   336   432   684   512   567          
FRO04B  1900   584   666   464   519   667   811   813   857   741   756          
FRO04B  1910   574   466   832   540   594   720   968   860   459   550          
FRO04B  1920   468   532  1219  1792  2490  2140  4726  2961  2882  1286          
FRO04B  1930  1957  2089  2309  1275  1240  1810  1064   907  2521  1902          
FRO04B  1940  1549  1250  3460  1019   731  1766   998  1812  1875  1126          
FRO04B  1950  1035  1398  1151   788   684   697  1123  1141  1314   870          
FRO04B  1960  1255   796   947   671   488   767   654   541   482   498          
FRO04B  1970   403   410   382   357   359   425   400   389   500   464          
FRO04B  1980   442   315   412   557   383   440   572   569   511   657          
FRO04B  1990   662   567   489   537   534   585   679   741   482   541          
FRO04B  2000   618   552   735   851   588   674   621   636   700   639          
FRO04B  2010   702   580   556   728   823   788   843 -9999                                                           
FRO05A  1870   418   396   308   336   267   333   329   211   237   253          
FRO05A  1880   266   199   225   200   273   287   297     0     0   330          
FRO05A  1890   344   520   465   532   479   364   377   477   469   463          
FRO05A  1900   495   475   578   585  1007   904   571   592   360   282          
FRO05A  1910   329   355   513   469   362   971  1494  1468   849   817          
FRO05A  1920   902   939  1535  2274  3192  2095  2171  2366  2921  2988          
FRO05A  1930  2323  2738  3163  2211  3806  3006  1648  1575  2392  2159          
FRO05A  1940  1829  1709  2814  1622   829  1958   878  1959  2606  1670          
FRO05A  1950  2058  1759  1547  1595  1984  2377  3136  2356  3699  1634          
FRO05A  1960  2663  2007  2855  2102  1420  3404  2380  2163  2756  1916          
FRO05A  1970  1583  2078  1460  2398  2283  1721  1595  1251  1177  1392          
FRO05A  1980  1190   850  2269  1171   726  1171  1246   889   960  1321          
FRO05A  1990  2048  1111  1459  1745  1175  1698  1605  1943  1489  1611          
FRO05A  2000  2628  1762  1467  2431  1623  1443  1606  1271  1195  1308          
FRO05A  2010  1090  1197  1070  1053  1314  1051  1157 -9999                      
FRO06A  1767   338   451   236                                                    
FRO06A  1770   459   406   503   459   479   823   727   408   545   449          
FRO06A  1780   453   619   488   455   670   871   452   656   580   313          
FRO06A  1790   413   489   672   785   514   539   477   350   405   312          
FRO06A  1800   211   232   394   334   394   493   357   390   517   577          
FRO06A  1810   358   453   449   544   573   352   273   314   404   455          
FRO06A  1820   459   581   622   549   766   631   352   343   374   331          
FRO06A  1830   921   697   685   506   459   452   432   576   571   612          
FRO06A  1840   599   531   744   615   576   691   936   751   811   702          
FRO06A  1850   715   615   476   480   517   333   595   586   459   543          
FRO06A  1860   470   573   707   762   538   453   405   306   288   319          
FRO06A  1870   271   254   326   251   239   254   274   228   262   257          
FRO06A  1880   242   294   580   363   354   412   367   331   304   378          
FRO06A  1890   578   655   693   511   544   464   598   879   647   473          
FRO06A  1900   462   538   424   474   457   469   531   519   597   532          
FRO06A  1910   343   405   372   401   335   345   346   371   293   341          
FRO06A  1920   338   385   804   826  1483  1333  2501  2347  2279  1091          
FRO06A  1930  1531  1488  2012  1280   938  1009   739   665  1585  1356          
FRO06A  1940  1449  1089  1450   842   599   518   551   796  1054   946          
FRO06A  1950   777   997   811   596   626   557   644   691   721   700          
FRO06A  1960   671   645   986   966   572   671   618   574   627   601          
FRO06A  1970   442   502   441   414   539   590   598   630   530   528          
FRO06A  1980   528   504   453   527   403   557   472   499   432   460          
FRO06A  1990   362   339   329   397   392   495   478   763   436   494          
FRO06A  2000   595   579   736   628   595   817   689   731   592   686          
FRO06A  2010   759   504   558   660   793   630   587 -9999                      
FRO06B  1769   397                                                                
FRO06B  1770   371   231   382   341   351   414   484   508   594   524          
FRO06B  1780   492   805   595   540   686   949   378   604   556   350          
FRO06B  1790   287   443   528   645   492   399   392   412   313   205          
FRO06B  1800   188   227   611   216   409   432   357   483   537   680          
FRO06B  1810   598   514   584   422   794   366   315   406   519   688          
FRO06B  1820   490   394   660   676  1104   964   480   518   686   561          
FRO06B  1830  1250   857   989   451   584   580   667   732   588   620          
FRO06B  1840   713   758   732   709   815   817   944   748   581   808          
FRO06B  1850   577   619   609   647   619   571   636   769   593   731          
FRO06B  1860   616  1005  1176  1044   789   482   582   409   451   325          
FRO06B  1870   357   402   403   303   324   265   299   425   453   320          
FRO06B  1880   473   465   769   427   489   472   375   402   249   334          
FRO06B  1890   476   550   489   451   500   431   629   871   707   554          
FRO06B  1900   491   674   451   640   687   812   924  1053   812   624          
FRO06B  1910   419   432   465   551   475   395   575   435   419   405          
FRO06B  1920   414   307   627  1847  3931  2237  1872  1899  2614  1121          
FRO06B  1930  1728  1296  1565  1147   737  1084   750   806  1700  1446          
FRO06B  1940  1223   994  1796   942   679   817   631  1010  1531  1040          
FRO06B  1950  1073  1062  1132   667   640   644   703   767  1021   711          
FRO06B  1960   885   684  1446   885   724   460   585   497   655   500          
FRO06B  1970   465   572   492   698   790   646   719   436   455   493          
FRO06B  1980   513   623   494   477   538   407   540   507   574   587          
FRO06B  1990   326   341   323   368   412   366   336   362   276   489          
FRO06B  2000   690   924   540   685   658   764   606   555   619   613          
FRO06B  2010   648   506   613   820   704   640   569 -9999                      
FRO07A  1933  2811  3835  4545  2070  3276  4498  3276                            
FRO07A  1940  2734  3905  3671  2061  2385  3349  1756  2635  2489  2424          
FRO07A  1950  1921  2366  1556  1644  1542  2383  2427  2193  1790  1230          
FRO07A  1960  1563   932  1804  1915  1713  2187  1746  1789  1382  1377          
FRO07A  1970  1326  1661   901  1728  1801  2576  1902  1627  2235  1611          
FRO07A  1980  2121  1066  3673  2165  1999  2860  2968  1518  1296  2618          
FRO07A  1990  3483  1690  3788  2423  2461  2952  3208  2759  2716  3654          
FRO07A  2000  3487  3440  3438  2219  3057  1880  2258  1560  1877  1554          
FRO07A  2010  2776  2451  1538  2538  1393  2247  1751 -9999                      
FRO07B  1938  5800  4378                                                          
FRO07B  1940  2514  2923  4871  2743  2731  2378  1585  1541  1802  2506          
FRO07B  1950  2244  1963  1450  1407  1323  2181  2000  1923  1701  1281          
FRO07B  1960  1567  1092  1250  1236  1464  1104   777   827   733  1285          
FRO07B  1970  1525  1370  1000  1872  2132  1636  2320  1376  2011  1077          
FRO07B  1980  1291   661  2472  1615  1108  2121  1975  1379  1376  1778          
FRO07B  1990  1498  1557  1848  2008  1697  1742  1804  1688  1144  1422          
FRO07B  2000  1812  1611  1538  1171  1676  1299   974   956   997  1204          
FRO07B  2010  1478   803   619   602   601   531   358 -9999                      
FRO08A  1845  1026  1329   685   651   630                                        
FRO08A  1850   989   374   750   673   503   677  1068   807   806   947          
FRO08A  1860   763  1048  1131  1020   991   778   852   672   781   633          
FRO08A  1870   585   568   641   454   515   460   409   281   307   486          
FRO08A  1880   510   503   862   746   692   574   465   348   437   556          
FRO08A  1890   677   741   773   643   424   424   603   933   631   751          
FRO08A  1900   766   657   334   317   452   436   399   392   358   329          
FRO08A  1910   232   174   228   367   291   323   332   276   272   361          
FRO08A  1920   341   502  1244  1021  2014  1589  1601  1109  1848  1200          
FRO08A  1930  1538  1712  1797   956   975  1508  1329  1131  2565  1922          
FRO08A  1940  1896  1451  1663  1343  1099  1849  1803  1742  2521  1590          
FRO08A  1950  1733  1545  1419  1261  1363  2129  1487  1350  1666  1160          
FRO08A  1960  1395  1001  1368  1308   958  1088   954  1216   846   953          
FRO08A  1970   950  1098   663  1004  1231   836   975   641   585   745          
FRO08A  1980   685   439   746   890   497   665   741   563   784   975          
FRO08A  1990  1019   766   794   826   702   717   689   663   515   688          
FRO08A  2000  1005  1254   943   681   623   708   710   412   557   479          
FRO08A  2010   569   571   516   471   544   550   652 -9999                      
FRO08B  1844  1484   919  1114   773   713   702                                  
FRO08B  1850   881   478   762   673   720   536   807   588   754   699          
FRO08B  1860   617   687   815   983   916   712   958   768   646   686          
FRO08B  1870   749   598   583   583   626   547   586   478   694   737          
FRO08B  1880   809   634   934   948   681  1000   718   588   464   756          
FRO08B  1890   718  1122  1083  1134  1043   710   972  1237  1184  1174          
FRO08B  1900   920   927   643   429   708   453   502   296   593   368          
FRO08B  1910   236   183   268   229   264   283   292   209   225   282          
FRO08B  1920   254   411  1183  1054  7441  6686  2369  1250  2224  1235          
FRO08B  1930  1548  1539  1794  1227  1086  1464  1199  1111  2142  1973          
FRO08B  1940  1904  1487  1896  1172   981  1856  1189  1316  1864  1433          
FRO08B  1950  1445  1521  1502   986   991  1151  1221  1111  1276   900          
FRO08B  1960  1498  1225  1810  1792  1217  1074  1076  1019   968   688          
FRO08B  1970   664   610   419   460   496   515   465   372   349   312          
FRO08B  1980   268   277   270   273   296   358   403   342   410   583          
FRO08B  1990   522   528   581   545   493   494   479   478   447   585          
FRO08B  2000   664   665   712   544   464   584   608   383   324   330          
FRO08B  2010   395   321   334   332   293   312   319 -9999                      
FRO09A  1936  2156  3319  4159  3638                                              
FRO09A  1940  3498  3851  3255  2197  2522  3892  3905  3475  4421  3281          
FRO09A  1950  4478  4752  3706  3756  2738  3204  2196  3257  2847  2265          
FRO09A  1960  2907  1499  2616  2474  1778  2082  1726  1442  1515  1910          
FRO09A  1970  1403  1709  1252  2434  1196  2445  2129  1361  2416  1634          
FRO09A  1980  2259  1140  1807  1487  1535  1914  2563  1641  2209  1617          
FRO09A  1990  1621  1103  1294  1268  1268  2545  2657  3112  2776  3028          
FRO09A  2000  1962  2082  1984  2642  1800  2142  2256  2476  1984  2246          
FRO09A  2010  2186  3097  1537  3489  2195  2649  2278 -9999                      
FRO09B  1946 12125 12959  6472  2815                                              
FRO09B  1950  2568  3530  2611  2090  1413  2579  1619  2589  2907  1434          
FRO09B  1960  2178  1222  1700  2225  1353  1017  1137   959   946  1126          
FRO09B  1970   940   925  1388  2607  1554  1844  1898  1683  1762  1238          
FRO09B  1980  1650  1366  1623  1484  1374  2125  2221  1804  1793  1467          
FRO09B  1990  1258   956  1308  1696  1552  2307  2418  1609  2095  2636          
FRO09B  2000  2214  2118  1711  2098  1893  1693  1941  1596  1917  1679          
FRO09B  2010  1824  2067  1492  2887  2645  3149  1948 -9999                      
FRO10A  1924  3737  2492  3046  3474  5042  3719                                  
FRO10A  1930  2674  2688  2481  1893  2438  3544  2029  3678  3522  2933          
FRO10A  1940  2283  2118  2974  1127   831  1683  1642  1380  1978  1385          
FRO10A  1950  2061  2515  1754  1570  1033  1803  1295  1548  1280   926          
FRO10A  1960  1153   712  1075  1141  1034   977   593   821   485   640          
FRO10A  1970   569   637   663   807   777   869   801   608   713   654          
FRO10A  1980   846   752   821   628   358   473   521   479   567   753          
FRO10A  1990   754   798   543   879   816   917   765   732   800  1004          
FRO10A  2000  1202   859   811   886   653   730   618   484   611   542          
FRO10A  2010   581   503   498   515   664   520   347 -9999                      
FRO10B  1924  2562  2450  2015  1430  3226  2791                                  
FRO10B  1930  2589  2585  2076  2060  1724  3684  2676  3995  4311  3615          
FRO10B  1940  3273  2834  3510  1446   957  1382  1349  1382  1820  1848          
FRO10B  1950  1910  1975  1329  1150  1017  1537  1313  1629  1474  1296          
FRO10B  1960  1314   765  1065  1286  1034   974   855   699   624   721          
FRO10B  1970   579   731   562   760   893   826   844   734   646   606          
FRO10B  1980   945   603   669   572   652   719   754   669   634   626          
FRO10B  1990   653   489   620   600   667   614   589   585   567   798          
FRO10B  2000  1037  1120   909   869   564   784   609   471   675   634          
FRO10B  2010   567   555   646   463   663   400   413 -9999                      
