KPO01B  1942  8781  4205  2653  3597  3169  2689  3252  2058                      
KPO01B  1950  3339  4068  2418  2256  1815  1999  1989  2435  3469  1968          
KPO01B  1960  2663  1865  1989  2017  2149  1699  -144  1321  1538  1066          
KPO01B  1970  1650  1456  2056  2160  2507  2546  2295  1775  1249  2318          
KPO01B  1980  2115  1979  1381  2236  1561  1326  2169  2163  1633   790          
KPO01B  1990   940  1648  2227  1849  1796  1835  2056  1589  2540  2224          
KPO01B  2000  2044  1698  1500  1527  2079  1461  1871  1383  1515  1770          
KPO01B  2010  1822  2756  1337  1904  1328  1985  1831 -9999                      
KPO02A  1917  3585  2118  1928                                                    
KPO02A  1920  2496  2261  3710  3644  3147  1170  1310  2286  2107  2146          
KPO02A  1930  1514  1623  1996  1927  1894  3793  2181  3141  3226  3304          
KPO02A  1940  2209  2909  3241  1553  1762  1554  2471  2714  2982  2084          
KPO02A  1950  3276  2319  2027  1847  1101  1375  2061  1830  2083  1794          
KPO02A  1960  1919  1723  1352  1838  1350  1947  1483  1748  1522  1456          
KPO02A  1970  1243  2212  2100  3140  1772  2045  2178  1737  2032  2494          
KPO02A  1980  1779  1792  1257  1802  1404  2080  2396  1491  1185  1275          
KPO02A  1990  2003  1744  1813  2368  1878  1806  2415  1485  2794  1850          
KPO02A  2000  2153  1617  1927  2046  1923  1920  1934  2486  1472  1523          
KPO02A  2010  1300  2029  1084  2507  2657  2260  3026 -9999                      
KPO02B  1915  3569  2465  2709  2473  2266                                        
KPO02B  1920  2707  2823  3786  2979  3769  1638  1653  2545  2070  2035          
KPO02B  1930  1573  1738  1748  1751  1551  4427  2278  3924  3587  3192          
KPO02B  1940  3058  3761  3940  1874  1492  1792  2044  2521  2295  1846          
KPO02B  1950  2638  1909  1504  1692  1114  1742  1227  1653  2131  1572          
KPO02B  1960  1775  1560  1535  1848  1500  2395  1200  1742  1750  1572          
KPO02B  1970  1419  2010  2126  2583  1767  2426  2361  1888  2157  2183          
KPO02B  1980  2523  1842  1996  2043  2009  3151  2561  1565  1687  1299          
KPO02B  1990  1893  1952  2452  2877  2216  2492  2371  2312  2972  2505          
KPO02B  2000  3106  3046  2483  2747  2617  2319  2662  3484  2339  2212          
KPO02B  2010  1690  2480  1581  2616  3343  2722  3529 -9999                      
KPO03A  1913   784  1754  2869  2695  2321  2269  1756                            
KPO03A  1920  2023  1878  4654  4347  5579  4139  2640  2083  2447  2887          
KPO03A  1930  2159  1419  2585  1517   984  1613  1069  1868  1810  2471          
KPO03A  1940  1160  1757  2248  1257  1359  2144  2030  3258  2148  1468          
KPO03A  1950  2523  2107  2200  2225  1748  2647  3515  3857  3702  2650          
KPO03A  1960  2820  2547  1594  2417  2380  2642  1662  2030  3140  1682          
KPO03A  1970  1905  2182  1819  2263  2541  2354  2385  1553  2917  3107          
KPO03A  1980  2513  2199  2373  2107  1933  2096  2660  1704  1774  1676          
KPO03A  1990  2384  1636  3379  1843  2655  2191  3440  1395  3176  1786          
KPO03A  2000  3840  2577  3115  3823  4497  3460  4306  2258  4167  2121          
KPO03A  2010  2775  2158   945  1155  1228  1246  1402 -9999                      
KPO03B  1914  2146  2888  3463  3215  2175  1922                                  
KPO03B  1920  2601  2697  4715  4509  4686  3051  3019  2905  3458  2599          
KPO03B  1930  1957  1580  2451  2042  1279  3345  1765  2370  2477  3381          
KPO03B  1940  1979  2208  2603  1441  1183  1763  1378  2386  1968  1666          
KPO03B  1950  2498  2006  1938  1730  1069  1814  2676  2378  2943  2184          
KPO03B  1960  2416  2083  1782  1565  1876  2323  1580  1809  2400  1764          
KPO03B  1970  2166  2593  2547  2312  2592  3745  4147  3323  3496  4112          
KPO03B  1980  2894  1834  1740  1424  1834  2299  3096  1452  1561  1017          
KPO03B  1990  2173  1077  2978  1743  1451  1907  2325  1364  2209  2352          
KPO03B  2000  3453  1924  1597  2048  2634  1913  1915  1260  2357  2215          
KPO03B  2010  2143  2856  1236  2484  1959  3200  6727 -9999                      
KPO04A  1849   643                                                                
KPO04A  1850   298   371   384   426   367   315   353   277   208   271          
KPO04A  1860   322   165   192   237   248   187   190   171   151   167          
KPO04A  1870   195   237   201   185   194   195   249   301   361   312          
KPO04A  1880   204   258   246   185   373   296   364   316   213   271          
KPO04A  1890   426   656  1038   766  1348   568  1026  1488   713  1350          
KPO04A  1900  1179  1518  2104  2304  1647  1263  1310  1824  1177  1104          
KPO04A  1910  1892  1743  3336  1275  1402  2483  1954  1916  1449  1457          
KPO04A  1920  1698  1970  2660  2436  2857  1756  2124  2155  2465  2410          
KPO04A  1930  1965  1734  1829  1256  1292  1615   993   960  2092  1486          
KPO04A  1940  1619  1819  2133   917   961  1817  1520  2387  2257  1430          
KPO04A  1950  1996  1992  1285  1385  1231  1503  1788  1638  1638  1441          
KPO04A  1960  1147  1167  1220  1655  1182  2014  1134   989  1310   875          
KPO04A  1970   746  1241  1097  1568  1859  1226  1567  1273  1578   984          
KPO04A  1980  1945  1072  1529   982  1036  1571  1674  1355   986  1207          
KPO04A  1990  1765  1498  1594  1710  1409  1563  1667  1232  2446  1208          
KPO04A  2000  1742  1147  1277  1186  1069   941  1143  1037   982   702          
KPO04A  2010   795  1178   923   936   992   990  1045 -9999                      
KPO04B  1845   970   842   575   664   498                                        
KPO04B  1850   424   272   379   529   337   333   272   205   239   310          
KPO04B  1860   367   259   282   195   221   227   164   155   117   177          
KPO04B  1870   293   152   117     0   101   178   184   191   210   308          
KPO04B  1880   133   131   187   236   260   170   531   255   253   280          
KPO04B  1890   384   427   606   527  1327   262   523   661   501   658          
KPO04B  1900   712   805  1752  1585  1573   788  1117  1147   752   453          
KPO04B  1910  1209  1448  2185  1069  1335  1969  1886  1572  1597  1355          
KPO04B  1920  1346  2016  2733  2019  2304  1890  1907  1591  1886  2189          
KPO04B  1930  1538  1529  1619  1214   990  1603  1152  1312  2705  1678          
KPO04B  1940  1370  1618  1980  1057  1191  1884  1454  2411  2149  1430          
KPO04B  1950  2100  1538  1444  1134  1393  1739  1801  1192  1565  1525          
KPO04B  1960  1181  1195  1179  1270  1133  1478  1064   997  1067  1053          
KPO04B  1970   797  1111  1139  1359  1617  1548  1628  1373  1485  1336          
KPO04B  1980  1542  1167  1381  1452   972  1590  1587  1210  1124  1075          
KPO04B  1990  1475  1356  1422  1484  1467  1409  1642  1313  2403  1510          
KPO04B  2000  2353  1325  1577  1376  1202  1376  1787  1030  1122   883          
KPO04B  2010   832  1527   913  1106  1012  1066  1197 -9999                      
KPO05A  1909  1320                                                                
KPO05A  1910   915   600  1516  2048  1895  3186  3426  4201  3561  2155          
KPO05A  1920  1841  1789  2855  3252  3639  2156  1915  1753  1879  2091          
KPO05A  1930  1773  1545  1982  1579  1837  2489  1432  1347  1972  2393          
KPO05A  1940  1992  1288  2336  1596  1286  1690  1089  1727  1843  1352          
KPO05A  1950  1807  1671  1406  1304  1090  1311  1092  1405  1680  1409          
KPO05A  1960  1202   948  1056   908   948  1250  1109  1013   819   840          
KPO05A  1970   885   991   773  1284  1018  1003   955   786   825  1200          
KPO05A  1980  1214   907   970  1027   773   900   928   852   849   825          
KPO05A  1990   986  1139  1171  1320   851  1047   926   845  1110  1302          
KPO05A  2000  1177   959  1128  1164  1481  1468  1786  1586  1655  1573          
KPO05A  2010  1494  1543  1315  1374  1516  1895  1867 -9999                      
KPO05B  1901  1511  2431  3237  2082  1190  1124  3731  2039  1141                
KPO05B  1910  1208   735  1292  1002  1098  2324  2685  2777  1570  1220          
KPO05B  1920  1178  1397  2162  1728  2103  1568  1571  1699  2120  1696          
KPO05B  1930  1827  1477  1896  1391  1180  1855  1204  1546  1806  2208          
KPO05B  1940  1930  1687  1778  1488  1329  1377  1198  1998  1944  1404          
KPO05B  1950  1759  2027  1410  1382  1220  1501  1748  1898  1889  1593          
KPO05B  1960  1425  1114   964  1333  1091  1207   981  1094  1451  1066          
KPO05B  1970  1273  1159   902  1633  1488  1402  1364  1047  1189  1572          
KPO05B  1980  1654  1321  1419  1522  1005   977  1499  1015   996  1185          
KPO05B  1990  1542  1491  1924  1636  1205  1542  1453  1200  1303  1626          
KPO05B  2000  1489  1287  1727  1311  1326  1632  1835  1396  1701  1696          
KPO05B  2010  1703  1762  1309  1893  1472  1930  1546 -9999                      
KPO06A  1910  1645  1333  2651  1032  1717  2348  2321  2527  1948  1525          
KPO06A  1920  1093  1516  1896  1733  2378  1656  2008  2402  1914  1847          
KPO06A  1930  1227   877  1368  1229   742  1613  1279  1325  2842  2312          
KPO06A  1940  2210  2982  5487  1342  1303  4804  2446  9454  6737  2169          
KPO06A  1950  3026  4036  1555  1202   973  1230  1401  1293  1582  1101          
KPO06A  1960  1287   911  1116   944  1152   973  1038   905   982   945          
KPO06A  1970   731  1055   850  1136  1079   802   692   914  1096   790          
KPO06A  1980  1441  1067  1295   933   842   787  1073   808   730   573          
KPO06A  1990   885   894   760   997   950  1075   930   804   653   629          
KPO06A  2000   601   743   578   677   569   504   489   597   500   517          
KPO06A  2010   739   751   409   370   387   380   382 -9999                      
KPO06B  1880   342   663   729  1068  1134   738   717   672   336   319          
KPO06B  1890   358   488  1043   840   776   510  1352  1124  1343  3549          
KPO06B  1900  1363  2469  4105  2762  2445  1832  1794  2290  1784  1541          
KPO06B  1910  1530  1332  2573  1082  1331  1773  2033  1865  2040  1323          
KPO06B  1920   962   732  1522  1478  1576   890  1197  1150  1121  1106          
KPO06B  1930   992   775  1144  1069   792  1280  1133   993  1885  1783          
KPO06B  1940  1299  1339  1581  1090   972  1677  1309  1669  1620  1220          
KPO06B  1950  1206  1274   769   781   816   791   980   796  1062   990          
KPO06B  1960   998   806   806   725   686   512   539   605   548   595          
KPO06B  1970   617   750   582  1035   927   787   618   657   615   686          
KPO06B  1980   687   600   662   623   467   567   474   582   536   459          
KPO06B  1990   495   677   685   733   551   868   808   707   588   647          
KPO06B  2000   622   744   774   501   514   351   533   411   510   515          
KPO06B  2010   639   668   524   421   500   357   368 -9999                      
KPO07A  1853   695   697   764   555   329   885   706                            
KPO07A  1860  1152   323   747   533  1059   671   544   393   756   410          
KPO07A  1870   556   815   623   362   508   380   575   774  1081   287          
KPO07A  1880   451   618   885   759  1355   417   389   676   460   378          
KPO07A  1890   246   262   334   471   572   204   299   184   240   350          
KPO07A  1900   266   247   365   361   623   845   959   312   264   978          
KPO07A  1910   985  2385  2381   955  1419  2852  2143  1712  1977  1537          
KPO07A  1920  2249  2903  3735  3056  4353  1530  1876  2819  2766  2114          
KPO07A  1930  1288  1176  1914  1327   573  1655  1064  1210  1894  3079          
KPO07A  1940  1156  1342  2072  1538  1205  1689  1195  2049  1947  1712          
KPO07A  1950  2018  1765  1760  1510  1305  1801  2145  2173  2746  1486          
KPO07A  1960  1546  1109  1409  1208  1591  1796  1254  1095   964  1089          
KPO07A  1970   959  1199  1204  1156  1364  1528  1065  1072  1221  1138          
KPO07A  1980  1170  1002  1321   761   983   884   828   895   819   755          
KPO07A  1990   703   969   974   853   740  1041  1102   981  1301  1505          
KPO07A  2000  1773   771  1033  1531  1295   725   743   980  1189  1201          
KPO07A  2010  1124   874   511   739   619   693   736 -9999                      
KPO07B  1879   564                                                                
KPO07B  1880   685   822   696  1469   560   795   329   252   278   320          
KPO07B  1890   301   207   334   219   379   261   305   382   722   276          
KPO07B  1900   281   601   640  1220   599   313   402   320   303   393          
KPO07B  1910  1727   880  2967   499   757  1607  2537  1767  1021  1141          
KPO07B  1920  1341  1906  2888  2370  2225   608   784  1004  1423  1501          
KPO07B  1930   986   928  1118   971   468  1498   893   900  1124  1298          
KPO07B  1940   743   941  1069   907   746   901   811   834  1052   964          
KPO07B  1950  1408  1654   787   703   550   699  1119  1354  1870  1173          
KPO07B  1960  1717  1187  1431  1062   827  1173   984  1058  1068  1003          
KPO07B  1970   969   961  1066  1211   809   974   889   876  1016   911          
KPO07B  1980   773   732   808   707   661   575   690   637   665   670          
KPO07B  1990   939  1245  1013  1312   824   998   698   669   544   628          
KPO07B  2000   919   660   707   751   749   955  1084  1143  1223  1016          
KPO07B  2010  1188   916   568   661   663   531   695 -9999                      
KPO08A  1920  1207  3375  3552  2578  3530  1493  2023  2820  3085  2504          
KPO08A  1930  1417  1378  2081  1545   933  2267  1235  1028  1541  2697          
KPO08A  1940  1737  2002  2996  1749  1281  1538  1346  2239  1998  1671          
KPO08A  1950  1993  1977  1365  1058   966  1071  1304  1640  1676  1158          
KPO08A  1960  1062   876  1045  1150   922  1147   946   772   805  1100          
KPO08A  1970   811   847  1338  1670  2002  1662  1582  1203  1591  2183          
KPO08A  1980  2024  2008  1961  1723  1518  1807  1893  1300   790   853          
KPO08A  1990   934  1206  1313  1087   858  1036   831   645   765   865          
KPO08A  2000   863   711  1201   857   650   572   506   594   731   587          
KPO08A  2010   710   659   533   650   645   568   612 -9999                      
KPO08B  1853  1825   827   809   556   404   496   872                            
KPO08B  1860  1048   474  1014   783   754   742   596   531   707   701          
KPO08B  1870   710   535   510   419   517   539   813   729   487   194          
KPO08B  1880   190   195   200   238   561   311   408   295   141   205          
KPO08B  1890   225   264   306   430   246   225   443   400   327   425          
KPO08B  1900   276   444   589   845   517   429   383   445   285   603          
KPO08B  1910   338   363  1913   737   921  2305  1853  1279  1079  1208          
KPO08B  1920  2005  2090  3171  1967  3264  1508  1760  2040  2086  1982          
KPO08B  1930  1150  1103  1570  1046   581  1180   722   966  1848  1702          
KPO08B  1940  1331  1632  2102  1463  1024  1554  1102  2056  1807  1302          
KPO08B  1950  2265  2135  1441  1049   916  1027  1611  1596  1516  1496          
KPO08B  1960  1757  1276  1661  1616  1133  1332  1273   938  1079  1090          
KPO08B  1970  1003  1149  1062  1259  1880  1198  1331  1180  1511  1721          
KPO08B  1980  1848  1516  1473  1038   903   926  1256  1046   553   615          
KPO08B  1990   802  1038  1002   861   589   731   597   604   610   751          
KPO08B  2000  1003   733   975   720   619   530   403   442   688   578          
KPO08B  2010   750   753   710   655   678   764   658 -9999                      
KPO09A  1868   725   626                                                          
KPO09A  1870   723   694   770   500   502   684   991  1065  2084  1261          
KPO09A  1880   705   483   723   397   616   952   427   312   269   231          
KPO09A  1890   187   117   151   204   192   131   167   998   691   418          
KPO09A  1900   469   369   573  1643  1357   921  1314  1612  1398   487          
KPO09A  1910  1014  1064  1630  1797   574  1480  2932  2269  1489  1393          
KPO09A  1920  2514  2879  2580  2705  3852  3935  2353  2756  3453  2218          
KPO09A  1930  1942  1465  1722  1297   908  2209  1716  2150  2505  2744          
KPO09A  1940  1788  1717  2867  1333  1385  1991  1554  2132  2037  1449          
KPO09A  1950  2613  2152  1563  1594  1500  1615  1418  1516  1879  1097          
KPO09A  1960  1194   781   951   906   818   765   845   793   632   638          
KPO09A  1970   590  1018  1153  1344  1280  1004  1039   946   827  1145          
KPO09A  1980  1517  1106  1149  1409  1117  1119  1138  1101   850   876          
KPO09A  1990  1340   798  1336  1147  1012  1425  1261  1017   980   969          
KPO09A  2000  1220  1413  1320  1411  1163  1131   916  1217  1088  1494          
KPO09A  2010  1259  1589  1018   860  1124  1405  1992 -9999                      
KPO09B  1870   748   857   824   458   530   422   799  1237  1906  1790          
KPO09B  1880   920   521   714   530   637  1215   595   495   463   356          
KPO09B  1890   298   263   202   225   239   131   399  1385   883   634          
KPO09B  1900   700   583   615  2067  1844  1263  1339  1872  1481   687          
KPO09B  1910  2353  1919  2765  2281   914  4798  6180  4697  2506  6622          
KPO09B  1920  7025  8857  8275  3468  2907  1799  1767  1762  3020  1963          
KPO09B  1930  1802  1130  1528   925   761  1630  1110  1266  1972  1769          
KPO09B  1940  1170  1090  1821  1100   855  1052  1033  1654  1642   892          
KPO09B  1950   982  1258  1037   788   874  1123   781  1015   872   929          
KPO09B  1960   662   637   565   572   486   479   579   408   476   510          
KPO09B  1970   545  1050   978   910  1216   982   598   667   491   600          
KPO09B  1980   720   573   806   766   520   634   723   660   530   493          
KPO09B  1990   909   743   477   619   515   469   448   417   343   560          
KPO09B  2000   529   902   651   728   745   878   639   630   704   729          
KPO09B  2010   634   712   501   506   447   412   476 -9999                      
KPO10A  1907  3226  2033  2212                                                    
KPO10A  1910  2752  2020  1821  1217  1059  2285  2135  1825  1072   902          
KPO10A  1920  1065  1372  1766  2690  2290  1526  1715  1870  2551  2173          
KPO10A  1930  1730  1374  2098  1829  1519  2074  2108  2136  3628  3228          
KPO10A  1940  1885  1519  1850  1222  1218  2120  1497  2157  2223  1771          
KPO10A  1950  2134  2299  2178  1923  1462  2264  2336  2393  2497  2318          
KPO10A  1960  2135  1481  1924  1432  1226  1545  1392   896  1019  1254          
KPO10A  1970  1338  1617  1126  1721  1519  1564  1548   957  1140  1363          
KPO10A  1980  1325  1004  1489  1223  1116   963  1186   936   937   800          
KPO10A  1990   991  1461  1609  1502  1005  1420  1029  1228  1106  1513          
KPO10A  2000  1683  1118  1085  1208  1070  1252  1259  1382  1419  1837          
KPO10A  2010  1708  1812  1132  1205  1235  1014  1307 -9999                      
KPO10B  1906  3405  3502  3656  1907                                              
KPO10B  1910  3616  2073  2285  1667  1707  2765  1999  2099  1851  1749          
KPO10B  1920  2070  2332  3094  2817  3569  2116  2877  2717  2988  2499          
KPO10B  1930  2140  1911  2044  1544  1589  2494  2334  2145  3593  3480          
KPO10B  1940  2062  2094  2819  1921  1797  2305  1786  2215  2276  1673          
KPO10B  1950  2459  2500  1731  1707  1717  2011  2374  2353  1804  1899          
KPO10B  1960  1686  1451  1231  1338  1363  1400  1206   822  1095  1164          
KPO10B  1970   962  1406  1147  1821  1580  1921  1818  1158  1211  1287          
KPO10B  1980  1655  1081  1926  1352  1062  1061  1170   951  1026  1093          
KPO10B  1990  1217  1235  1490  1463   938  1098  1409  1045  1165  1272          
KPO10B  2000  1332   958  1455  1237   994   815  1015  1446  1215  1086          
KPO10B  2010  1379  1132   828   798   762   932   911 -9999                      
