KIK011  1743    81    85    96    72    81    81    60
KIK011  1750    85    76    53    47    59    51    61    45    47    45
KIK011  1760    40    39    37    49    44    52    49    48    65    64
KIK011  1770    47    53    43    52    52    57    44    47    55    63
KIK011  1780    57    51    49    51    47    48    57    55    67    48
KIK011  1790    53    48    49    41    48    51    65    56    60    43
KIK011  1800    40   999
KIK011  1860    40    44    56    47    51    57    57    51    48    60
KIK011  1870    56    51    72    67    67    92   143   103    52    47
KIK011  1880    57    84   119   100   111    96   136   107   108   131
KIK011  1890   101    84   141   109   112    81   164   191   117   128
KIK011  1900   117   141   128   171   156   104   125   163   144   124
KIK011  1910   127    97   148   116    77   131   196   148   139   141
KIK011  1920   199   237   271   289   289   244   191   261   305   237
KIK011  1930   179   164   241   171   132   268   184   192   223   193
KIK011  1940   193   179   213   148   133   169   128   173   133   164
KIK011  1950   168   203   169   148   103   125   172   228   192   133
KIK011  1960   191   140   175   143   121   136    95   112   135   109
KIK011  1970   108   120   120   132   147   129   120    77   136   121
KIK011  1980   119   999
KIK012  1670   125   152   136    72    97   107   112   177   151   117
KIK012  1680   103    64    43    72    92    69    91   105    96    64
KIK012  1690    93    75    80    68    67    87    80    59    48    47
KIK012  1700    65    47    47    40    43    41    36    57    59    61
KIK012  1710    43    43    67    59    67    61    51    49    43    44
KIK012  1720    36    39    35    49    41   100    96   203   161   153
KIK012  1730    93    61    77    56    44    53    31    53    48    55
KIK012  1740    60    73    49    41    43    55    37    48    40    25
KIK012  1750    36    44    33    32    39    36    48    24    39    33
KIK012  1760    29    32    28    32    36    31    29    33    49    56
KIK012  1770    31    36    25    37    35    41    31    27    35    41
KIK012  1780    45    47    72    51    40    41    49    53    56    44
KIK012  1790    48    37    39    44    39    56    53    73    49    37
KIK012  1800    40    39    47    36    48    47    36    36    43    35
KIK012  1810    31    37    33    37    47    40    35    49    43    43
KIK012  1820    44    49    47    36    36    44    40    40    44    33
KIK012  1830    44    40    47    40    59    41    44    41    44    35
KIK012  1840    40    40    45    47    52    39    47    47    43    44
KIK012  1850    44    43    35    48    45    60    68    57    72    51
KIK012  1860    45    61    51    48    52    53    65    57    51    87
KIK012  1870    65    69    93    72    60    95   140   108    44    39
KIK012  1880    52    59    76   113   124   120   133   103   135   165
KIK012  1890   123    83   156   113    95    87   107   147   131   115
KIK012  1900   117   141   143   151   145    91   101   124   117   111
KIK012  1910    99    75   137   103    69   145   152   123   101    97
KIK012  1920   131   117   152   131   208   144   123   171   165   133
KIK012  1930   111   109   137   119    69   229   116   145   144   112
KIK012  1940   123   115   129   129   105   163   107   140   139   157
KIK012  1950   184   181   155   153   127   184   217   247   260   137
KIK012  1960   249   181   231   179   175   208   131   148   196   163
KIK012  1970   151   171   159   219   195   209   183   133   204   173
KIK012  1980   187   999
KIK021  1901   208   180   215   231   164   215   355   251   177
KIK021  1910   141   115   312   176   157   341   331   343   324   301
KIK021  1920   361   401   261   267   217   185   332   267   277   175
KIK021  1930   144    68    91   113    85   185   115   108   171   233
KIK021  1940   184   243   261   205   193   235   156   264   216   285
KIK021  1950   252   235   251   219   128   164   143   253   204   201
KIK021  1960   151   148   128   117    93   119   111   108   167   185
KIK021  1970   151   161   119   141   171   204   171   107   136   161
KIK021  1980   173   999
KIK022  1921   337   309   385   405   252   347   340   315   212
KIK022  1930   160   124   208   151   111   269   131   189   195   173
KIK022  1940   183   227   160   139   136   223   113   217   172   217
KIK022  1950   233   215   171   159   117   148   181   248   224   151
KIK022  1960   159   165   125   116    76   111   109   115   157   157
KIK022  1970   127   136   120   139   153   164   163   109   131   133
KIK022  1980   152   999
KIK031  1874   144   221   273   255   355   252
KIK031  1880   256   224   280   252   245   247   303   195   241   359
KIK031  1890   212   188   269   176   207   215   283   292   285   340
KIK031  1900   353   287   408   393   331   213   197   281   205   175
KIK031  1910   156   117   232   128    97   203   217   196   161   173
KIK031  1920   253   221   272   228   307   161   172   220   308   228
KIK031  1930   165   124   181   151    99   299   141   193   209   237
KIK031  1940   165   161   224   176   160   232   220   213   252   269
KIK031  1950   280   320   219   201   128   151   167   212   185   140
KIK031  1960   232   153   195   177   148   172   159   152   227   181
KIK031  1970   156   181   161   236   255   193   184   120   192   153
KIK031  1980   175   999
KIK032  1864   160   173   227   165   159   244
KIK032  1870   205   268   316   151   123   172   215   217   284   227
KIK032  1880   195   187   205   231   248   195   231   141   104   148
KIK032  1890   141   143   185   149   145   125   191   293   325   259
KIK032  1900   371   275   365   428   324   212   217   280   189   153
KIK032  1910   140   101   187   127    96   192   209   199   151   156
KIK032  1920   156   156   195   204   229   159   167   265   287   253
KIK032  1930   148   116   185   148   103   259   147   228   265   271
KIK032  1940   189   171   201   165   167   196   167   189   215   235
KIK032  1950   235   252   187   187   119   145   179   204   217   171
KIK032  1960   213   203   171   156   136   136   129   140   203   169
KIK032  1970   124   128   135   177   199   156   173   112   156   160
KIK032  1980   165   999
KIK041  1782   169   165   153    85   111   148   176   176
KIK041  1790   156   192   164   140   235   279   103   104    97    96
KIK041  1800    59    76   108   143   156   172   129   137   108    92
KIK041  1810    96   117   127   111   200   149   104    87    99    85
KIK041  1820    93   121   151   149   163   104    99   189   140    79
KIK041  1830    91   101   125   107   148   116   117   140   116    88
KIK041  1840   169   121   156   131   120    92   103   128   149   196
KIK041  1850   148   193   147   213   168   240   153   203   260   160
KIK041  1860   172   183   177   168   132   148   167   139   161   269
KIK041  1870   187   171   212   165   120   179   180   161   252   244
KIK041  1880   207   237   221   225   265   236   213   119   183   255
KIK041  1890   176   112   255   180   195   195   263   337   229   195
KIK041  1900   177   196   263   255   223   267   223   271   236   212
KIK041  1910   181   119   316   148    85   141   172   155   129    91
KIK041  1920    97    99   119   100   161   117   108   193   173   125
KIK041  1930   107   111   156   131    96   179   112   123   119   135
KIK041  1940    97   116   152   111   111   161   119   131   151   161
KIK041  1950   189   223   147   133   108   116   133   184   161   131
KIK041  1960   121   119   127   137    88   112   111   105   108    97
KIK041  1970    93   100   100   103   124    87   113    83   135   127
KIK041  1980   167   999
KIK042  1815   172   113   175   155   109
KIK042  1820   112    92    88    89   109    76    79   108   165   145
KIK042  1830   117   141   147    83   141   165   149   157   104    81
KIK042  1840   152   107   211   149   128   123   140   185   225   217
KIK042  1850   137   228   176   219   175   191   148   217   216   183
KIK042  1860   232   205   200   168   145   185   188   140   144   357
KIK042  1870   224   189   173   161   128   189   205   183   224   209
KIK042  1880   165   199   203   260   300   220   180   113   164   272
KIK042  1890   197   116   205   173   201   177   237   263   220   180
KIK042  1900   148   189   247   245   221   213   208   281   203   193
KIK042  1910   191   140   329   152    88   133   136   148   131   103
KIK042  1920    93   103    97    95   101    77    88   116   113   105
KIK042  1930    89    84   103   101    88   153   107   113   117   111
KIK042  1940    95   109   116    85    92   135   108   116   107   105
KIK042  1950   136   148   117   107    68    80    96   123   132   115
KIK042  1960   135   127   127   115    87   111   112   100   111    96
KIK042  1970   104   107   100   112   101    76    85    64    93    84
KIK042  1980    87   999
KIK051  1878   209   171
KIK051  1880   243   228   245   240   291   193   172   105   136   216
KIK051  1890   131   105   236   189   216   175   235   307   240   200
KIK051  1900   144   176   241   233   215   199   172   227   225   189
KIK051  1910   168   112   248   116    76   180   224   169   124   105
KIK051  1920   103   133   191   163   259   127   128   236   247   136
KIK051  1930   152   105   148   144   116   264   144   139   175   175
KIK051  1940   143   207   260   209   184   260   176   215   229   280
KIK051  1950   303   240   161   196   131   133   148   193   189   107
KIK051  1960   136   113   148   103    95   120    85    92    92    72
KIK051  1970    67    79    95   109   131    89   105    65   145   100
KIK051  1980   124   999
KIK052  1840   253   167   231   160   223   131   148   204   257   227
KIK052  1850   169   253   160   176   180   183   117   153   200   136
KIK052  1860   152   192   217   179   135   172   155   148   140   192
KIK052  1870   145   173   224   132   105   231   203   189   316   249
KIK052  1880   269   309   371   279   317   277   249   160   200   265
KIK052  1890   167   161   288   233   268   221   307   395   316   277
KIK052  1900   192   220   328   299   333   296   279   377   313   240
KIK052  1910   231   143   331   151    81   248   320   244   169   119
KIK052  1920   192   203   252   235   325   196   199   299   289   235
KIK052  1930   195   143   195   169   124   269   176   204   281   171
KIK052  1940   144   172   175   159   132   217   143   203   205   229
KIK052  1950   276   316   163   176   129   167   163   180   185   128
KIK052  1960   147   143   159   133   100   140    81   115   129    93
KIK052  1970   108   112   105   148   144    95   107    69   141   131
KIK052  1980   167   999
KIK061  1890   189   168   257   129   205   300   433   400   221   240
KIK061  1900   239   201   189   349   256   213   236   329   229   179
KIK061  1910   239   129   409   163   111   361   377   400   389   176
KIK061  1920   147    96   143   140   221   124   169   251   327   424
KIK061  1930   269   333   444   265   232   468   188   280   457   511
KIK061  1940   344   443   455   224   177   283   245   305   304   271
KIK061  1950   345   396   255   220   161   156   219   277   281   188
KIK061  1960   241   180   177   177   153   167   152   136   151   172
KIK061  1970   120   161   164   212   208   168   224   137   219   159
KIK061  1980   184   999
KIK101  1704    45    68    60   116    92    89
KIK101  1710    79    47    61    53    48    55    63    48    31    35
KIK101  1720    33    39    29    27    31    28    31    83    85    89
KIK101  1730    72    60   103    89    39    68    47    64    75    91
KIK101  1740    92   109   113    64    56    80    71   103    85    77
KIK101  1750    93    75    73    55    87    56    71    48    64    53
KIK101  1760    65    81    60    57    44    45    56    48    91    88
KIK101  1770    45    63    60    61    44    71    71    51    79    87
KIK101  1780    83    83    68    59    69    67    72   123   132    91
KIK101  1790   124   123   125   135   153   113   169   149   157    77
KIK101  1800    57    63    65    65    79    73    57    88    84    75
KIK101  1810    81    89    63    84   105   124    81   123   136   120
KIK101  1820    77    84    89   105   133   107    85    89   105   115
KIK101  1830   125   117    93    69    77    72    96   119   108    76
KIK101  1840   105    96   147   111   107    91    73    69    68    92
KIK101  1850    71   116    97   105    92    75    52    84    73    88
KIK101  1860    81    96   111    97    69    76   105    61    68    88
KIK101  1870    65    80    80    76    73    92   109    93   127   137
KIK101  1880   148   144   172   169   199    96   163    95   128   181
KIK101  1890   136   129   155   119   120    93   140   199   133   109
KIK101  1900   156   140   128   139   139   133   143   135   117   112
KIK101  1910    81    73   139    95    69   112   145   115   116   109
KIK101  1920   112   115   135   109   143    92   123   133   136   112
KIK101  1930    95    87   112    80    64   143    80   100    81    88
KIK101  1940    75    75    76    63    65    85    71    75    57    68
KIK101  1950    85    71    65    73    51    59    64    80    56    60
KIK101  1960    63    73    61    57    51    64    60    53    60    63
KIK101  1970    51    56    60    71    87    71    72    48    61    65
KIK101  1980    60   999
KIK102  1675    83    61   104    88    60
KIK102  1680    65    57    25    51    56    31    76    68    49    63
KIK102  1690    64    73    85    56    57    71    44    39    28    25
KIK102  1700    31    44    48    40    39    37    40    61    61    57
KIK102  1710    33    40    44    31    33    37    51    40    31    29
KIK102  1720    40    31    28    31    19    36    45    56    49    69
KIK102  1730    52    57    77    53    27    65    33    47    43    69
KIK102  1740    83   100    91    64    45    77    69    84    69    65
KIK102  1750    83    81    56    47    60    45    51    32    37    41
KIK102  1760    43    49    49    51    39    57    65    44   119   107
KIK102  1770    68    71    64    77    67    96    57    57    84   109
KIK102  1780    92   109   105    73    65    60    79   127   173   124
KIK102  1790   112   112   117    87   125    88    93    84    99    77
KIK102  1800    76    92   120    68    81    81    57    77    75    55
KIK102  1810    89    92   103   100   109    88    63    76    89   100
KIK102  1820    96    93    81    75    92    69    69    77   103    64
KIK102  1830    99    85    81    52    59    59    69    97    75    59
KIK102  1840   105    69   100   100    81    80    69    75    95   109
KIK102  1850    65   124   100    85    89    91    71    80    77   101
KIK102  1860    85   111   113    92    85    87    92    72    65   108
KIK102  1870    75    91   123    96    87    85    73    95   104    99
KIK102  1880    96    97   132    97   136    61   121    83   148   137
KIK102  1890   119   127   160   135   128    93   168   235   127   117
KIK102  1900   163   144   163   191   165   147   133   168   139   128
KIK102  1910    95   109   177   115   111   156   175   152   132   124
KIK102  1920   101   119   140   127   127   131   128   129   127   104
KIK102  1930    87    71    83    80    63    93    73    91    68    73
KIK102  1940    72    60    63    64    57    69    72    68    52    76
KIK102  1950    73    87    73    72    64    77    68    92    76    81
KIK102  1960    75    61    67    67    69    69    61    63    77    79
KIK102  1970    76    72    83    93    77    76    64    63    81    89
KIK102  1980    81   999
KIK103  1708    60    61
KIK103  1710    44    43    47    35    28    43    53    51    31    35
KIK103  1720    39    31    29    27    24    32    45    63    53    57
KIK103  1730    44    47    61    45    24    57    29    51    45    64
KIK103  1740    89    95    69    63    53    88    81    91    76    71
KIK103  1750    79    75    55    47    73    43    56    33    37    44
KIK103  1760    43    49    53    49    51    53    77    52   128    93
KIK103  1770    65    81    67    61    57   105    75    56   112   157
KIK103  1780    80    79    93    75    68    80    83   129   141    80
KIK103  1790   112   112   133   116   153   103    96    87   104    67
KIK103  1800    73   101   149    63    75    75    69    73    76    59
KIK103  1810    65    83    92   101   111    80    68    80    75    92
KIK103  1820    85    89    87    79    96    71    75    84   112    72
KIK103  1830    99    96    84    52    59    59    69    99    84    52
KIK103  1840   109    77   112    95    81    79    72    91   101    99
KIK103  1850    59   123   108    83    91    77    68    72    75    99
KIK103  1860    85   105   128    96    93    83    79    52    67   105
KIK103  1870    73   103   124    99    79    75    75    93   117   108
KIK103  1880   123   104   141    99   136    67   133    97   144   141
KIK103  1890   113   111   164   133   140    91   163   224   128   108
KIK103  1900   153   139   160   189   176   139   149   179   147   131
KIK103  1910    83    89   164   116   101   173   195   161   140   119
KIK103  1920   109   127   156   128   137   121   125   145   131    96
KIK103  1930    85    69    80    89    49    91    60    80    67    73
KIK103  1940    72    52    64    72    61    69    72    67    53    76
KIK103  1950    85   112    88    76    57    63    75    91    71    73
KIK103  1960    80    73    67    68    73    71    68    61    61    72
KIK103  1970    77    77    75    85    75    71    63    59    83    87
KIK103  1980    73   999
KIK111  1881   228   348   220   220   211   233   179   267   339
KIK111  1890   237   168   283   121   216   205   224   323   223   207
KIK111  1900   296   223   199   263   220   279   171   231   140   215
KIK111  1910   169   111   219   127   120   261   252   216   148   187
KIK111  1920   159   176   240   331   320   156   251   300   325   300
KIK111  1930   180   253   240   195   263   500   200   319   259   337
KIK111  1940   195   316   440   368   213   171   212   204   245   271
KIK111  1950   201   191   348   187    96   151   208   212   203   155
KIK111  1960   235   199   277   184   244   176   124   156   203   139
KIK111  1970   124   181   239   217   184   143   140   104   157   136
KIK111  1980   144   999
KIK112  1882   459   392   440   263   223   176   197   361
KIK112  1890   320   259   341   159   129   133   164   280   185   276
KIK112  1900   305   203   219   223   216   201   213   269   196   121
KIK112  1910   135    97   209   131   116   253   249   264   189   201
KIK112  1920   172   173   240   179   263   171   356   351   435   495
KIK112  1930   337   243   415   281   260   663   287   557   457   564
KIK112  1940   260   369   332   467   275   360   331   376   368   577
KIK112  1950   545   515   404   301   141   235   292   317   581   323
KIK112  1960   344   304   217   205   335   212   196   255   432   260
KIK112  1970   221   213   241   239   221   284   180   116   183   163
KIK112  1980   167   999
KIK131  1845    92   164    81   111   135
KIK131  1850    67   157    83   121    65    60    76    55   165    77
KIK131  1860   136   133   203   164    97    89   108   156   247   396
KIK131  1870   251   275   404   276   249   415   455   227   380   293
KIK131  1880   327   209   309   177   261   212   209   140   156   243
KIK131  1890   199   187   311   177   279   343   663   469   356   275
KIK131  1900   357   241   321   440   293   297   216   208   188   129
KIK131  1910   155   129   348   156   112   251   267   241   223   172
KIK131  1920   187   167   249   247   305   183   175   239   223   224
KIK131  1930   152   108   157   119   135   355   173   280   359   323
KIK131  1940   197   205   299   204   151   229   227   268   251   365
KIK131  1950   299   269   231   219   124   168   183   259   216   164
KIK131  1960   249   207   304   228   233   241   192   176   187   167
KIK131  1970   165   213   227   227   237   240   257   159   261   205
KIK131  1980   231   999
KIK132  1893   237   344   320   605   469   339   365
KIK132  1900   504   344   404   392   308   303   280   364   308   192
KIK132  1910   239   169   305   155   141   296   332   307   257   288
KIK132  1920   247   235   263   260   364   212   273   353   331   397
KIK132  1930   221   141   215   175   183   463   271   383   541   512
KIK132  1940   260   217   308   347   280   408   289   457   333   448
KIK132  1950   388   371   283   253   139   176   177   268   279   175
KIK132  1960   357   264   343   224   280   315   219   213   339   253
KIK132  1970   284   308   325   435   392   320   249   169   255   243
KIK132  1980   252   999
KIK151  1873   172   165   439   557   517   565   369
KIK151  1880   500   425   540   480   517   401   604   252   425   564
KIK151  1890   303   315   516   293   380   256   585   495   447   323
KIK151  1900   400   303   488   512   409   447   401   269   196   277
KIK151  1910   224   207   540   191   119   304   299   285   231   221
KIK151  1920   259   188   279   235   241   175   169   229   305   240
KIK151  1930   172   128   195   147   128   311   176   308   272   301
KIK151  1940   196   235   351   177   196   224   175   235   207   227
KIK151  1950   243   293   185   189   121   141   141   231   180   151
KIK151  1960   223   240   325   265   216   219   180   149   200   196
KIK151  1970   228   281   252   328   244   276   212   176   241   232
KIK151  1980   223   999
KIK171  1873   399   409   619   607   591   788   597
KIK171  1880   605   580   749   579   833   536   640   309   476   670
KIK171  1890   417   389   765   457   383   236   539   656   409   341
KIK171  1900   447   405   605   619   268   213   237   367   280   229
KIK171  1910   156   147   397   192    97   179   265   277   192   123
KIK171  1920   107   159   269   167   265   128   175   271   228   168
KIK171  1930   135   125   252   177   123   196   129   249   207   241
KIK171  1940   148   257   255   205   175   141   152   175   151   167
KIK171  1950   196   236   184   177    92   139   160   180   145   132
KIK171  1960   189   180   161   183   119   139   120   120   135   139
KIK171  1970   155   183   175   209   195   164   147   133   187   205
KIK171  1980   212   999
KIK172  1899   525
KIK172  1900   416   383   620   608   325   272   337   372   387   304
KIK172  1910   207   164   265   167    99   149   188   144   129   113
KIK172  1920    97   117   179   141   313   185   217   308   252   228
KIK172  1930   173   168   269   211   140   240   211   316   265   335
KIK172  1940   273   320   271   325   225   240   189   255   191   225
KIK172  1950   335   384   284   251   156   193   245   305   217   201
KIK172  1960   237   239   225   228   196   209   180   149   195   191
KIK172  1970   211   188   181   265   247   209   189   189   255   261
KIK172  1980   265   999
VER01A  1883  2233  1899  1744  1715  1124  1571  2535                            
VER01A  1890  1718  1297  1926   982  1514   943  1503  1983  1182  1358          
VER01A  1900  1796  1718  2631  2698  1916  1410  1133  1117   952  1246          
VER01A  1910   728   679  1502   944   666  1017   888  1168   909   836          
VER01A  1920   915  1482  3741  4177  4956  2779  3668  3805  3298  3097          
VER01A  1930  1984  3801  3962  3078  3614  5745  2322  4241  4913  4150          
VER01A  1940  2994  2829  2688  1907  1539  2122  1747  1913  1785  2360          
VER01A  1950  2624  2178  2243  1862  1081  2526  2472  2283  2447  1333          
VER01A  1960  2029  2064  1871  1631  1454  1230  1389  1560  2042  2316          
VER01A  1970  1264  1726  1327  2153  1793  1586  1415  1206  1954  1664          
VER01A  1980  1720  1292  1726  1271  1896  2241  2425  1861  1311  1709          
VER01A  1990  2755  1602  2742  2409  1792  2375  1690  1649  2860  1253          
VER01A  2000  1548  1700  1622  2152  1828  1773  1761  1725  2250  1818          
VER01A  2010  2003  1605  1435  2029  1665 -9999                                  
VER01B  1853  2760  2114  2515  2012  2459  2417  2036                            
VER01B  1860  2633  2018  1799  1685  1005   885   937   644   905  1239          
VER01B  1870   767   526   722   487   532   825  1464  1029  2161  1313          
VER01B  1880  1527  1346  2417  2507  2261  2557  3052  1783  2960  3599          
VER01B  1890  1644  1584  2401   972  1546   673  2625  2514  1948  1953          
VER01B  1900  1963  1677  2074  2795  1963  1599  1631  1688  1442  1030          
VER01B  1910   772   673  1560  1103   899  2033  1484  1450  1076   952          
VER01B  1920  1066  1964  2404  3080  5867  3131  3010  4123  3931  2956          
VER01B  1930  2272  3032  3681  2876  2107  4069  1823  2989  3774  2794          
VER01B  1940  1859  2243  2314  1115  1571  2695  1389  1763  1680  1591          
VER01B  1950  1624  2002  1515  1466   991  1479  1314  2038  1597  1351          
VER01B  1960  2060  1554  1252  1304  1086  1310   953   902  1562  1322          
VER01B  1970  1030  1341  1238  1336  1787  1098  1437  1040  1424  1163          
VER01B  1980  1547  1227  1481  1537  1180  1760  1787  1418  1066  1760          
VER01B  1990  2214  1461  1883  1921  1604  1579  1105  1328  1681   829          
VER01B  2000  1207  1031  1528  1705  1471  1134  1545  1457  2303  1582          
VER01B  2010  1815  1782  1172  1794  1076 -9999                                  
VER02A  1880  3707  4928  6152  3711  4611  3878  5779  3040  4641  5064          
VER02A  1890  3125  3533  3584  2101  2824  1607  2969  2669  2623  2438          
VER02A  1900  3071  1854  2105  1881  1658  1872  1471  1658  1349  1371          
VER02A  1910  1225   888  1499   839   700  1764  1378  1812  1150   880          
VER02A  1920  1062  1566  1572  1821  3133  1347  2086  2077  2213  1932          
VER02A  1930  1285  1677  1706  1602   909  3868  1538  2543  2205  2384          
VER02A  1940  1949  1835  1833  1356  1580  2141  2251  2666  1909  1985          
VER02A  1950  1897  1914  1303  1303  1019  1576  1373  1665  2223  1504          
VER02A  1960  1444  1566  1621  1519  1173  1338  1049   970  1311  1732          
VER02A  1970  1339  1578  1292  1814  1863  1333  1568  1179  2333  2009          
VER02A  1980  2186  1732  2415  2336  1642  1864  1851  1920  1346  1630          
VER02A  1990  2344  1672  1624  1693  1369  2045  1286  1352  1532  2010          
VER02A  2000  1489  1817  1634  1893  2084  1414  1087  1086  1964  1351          
VER02A  2010  1664  1639  1101  1685  1465 -9999                                  
VER02B  1863  2135  1952  1808  1388  1751  1043  2840                            
VER02B  1870  1011  1203  1633  2210  1824  1950  2625  1389  2375  1303          
VER02B  1880  1275  1597  1820  1565  1975  1716  3280  2139  2907  3992          
VER02B  1890  2563  2479  3317  1901  2745  1463  2811  2666  2250  2170          
VER02B  1900  2303  2481  2915  3124  2390  2414  2270  2653  1984  1802          
VER02B  1910  1918  1401  2051  1344  1052  2203  2466  2370  1972  1376          
VER02B  1920  1239  1680  2252  2194  3047  2498  2354  2414  2012  2396          
VER02B  1930  1703  1481  2131  1785  1370  3364  1313  2691  3061  2806          
VER02B  1940  2058  2916  2569  1634  1858  1858  1467  1867  1873  1784          
VER02B  1950  2031  1590  1224  1383   774  1172  1287  1704  2043  1194          
VER02B  1960  1557  1290  1149   960  1214  1093  1110  1171  1539  1646          
VER02B  1970  1429  1556  1272  2245  1666  1511  1712  1097  2518  1971          
VER02B  1980  1431  1696  1987  1988  1461  1794  1672  1798  1447  1146          
VER02B  1990  1952  1344  1470  1801  1426  1746  1460   950  1485  1410          
VER02B  2000  1439  1177  1390  1455  1405  1254  1117  1407  1726  1305          
VER02B  2010  1553  1680   611  1403  1234 -9999                                  
VER03B  1854  1635  1380  1609  1833  1374  1545                                  
VER03B  1860  1287  1006  1434  1479  1068  1135  1804   986   678  1321          
VER03B  1870  1474  1655  1901  1670  1388  1728  1952  1533  2478  2088          
VER03B  1880  1459  1527  1808  1686  2525  1902  2518  1957  2009  2786          
VER03B  1890  1618  1231  2312  1162  1974  1290  1235  1858  1431  1452          
VER03B  1900  2012  1876  1252  1425   984  1111  1275  1310  1377  1149          
VER03B  1910   824   806  1003   784   714  1200  1359   998   996   810          
VER03B  1920  1273  1931  2001  1884  2603  1750  1919  2415  2073  1479          
VER03B  1930  1081  1548  1903  1189  1238  2491  1111  2384  2532  1911          
VER03B  1940  1490  1503  1712  1429  1147  1928  1266  1247  1129  1398          
VER03B  1950  1367  1375  1251  1451   901  1271  1915  1781  1143  1445          
VER03B  1960  1464  1608  1136  1015  1340  1374  1129  1852  1321   905          
VER03B  1970   984  1029  1324  1391  1248  1343  1295   827   979   887          
VER03B  1980  1000  1004  1398  1085   872   898   915   754   745   882          
VER03B  1990  1282   951  1077   918  1104   988   856   890   747   823          
VER03B  2000   714   580   704   636   638   715   782   748   743   722          
VER03B  2010   810   861   639   764   763 -9999 
VER03A  1840  2661  2110  2884  2454  2343  1288  1778  1287  1576  1707          
VER03A  1850   931  1951  1303  1543  1941  1674  1138  1175  1534  1725          
VER03A  1860  1508  1017  1863  2067  1728  1293  1271   937   939  1288          
VER03A  1870  1949  1391  1863  1649  1513  1766  1778  1135  1718  1407          
VER03A  1880  1155  1463  1565  1106  2156  1912  1896   965  1151  1736          
VER03A  1890  1254  1965  3121  1747  2058  1179  1157  3082  2435  1686          
VER03A  1900  1623  1827  2111  1968  1414  1306  1487  1240  1508  1909          
VER03A  1910   983   778  1528   960   794  1245  1448  1410  1191   984          
VER03A  1920  1467  1592  1843  2244  3027  1829  2364  2636  2103  1453          
VER03A  1930   939  1082  1514  1138   871  2043   899  1881  1657  1383          
VER03A  1940  1162  1659  1376  1139  1120  1475  1328  1671  1499  1635          
VER03A  1950  1276  1406   968  1183   856   864  1180  1406  1651   996          
VER03A  1960  1697  1354  1299  1093   797  1243  1462  1022  1415  1547          
VER03A  1970  1615  1332  1049  1470  1393  1164  1240  1022  1136   921          
VER03A  1980  1275   960  1596  1121   973   770   895   690   763   865          
VER03A  1990  1092   887  1026   968   814   950   795   818   814   895          
VER03A  2000   773   774   676   691   772   784   729   708   779   705          
VER03A  2010   593   585   491   650   692 -9999                                 
VER04A  1885  1548  1863  1338  1761  2088                                        
VER04A  1890  1440  1456  1903  1437  1646  1095  2001  2712  1771  1529          
VER04A  1900  3060  1852  1668  2049  2086  2143  1780  2631  2015  2421          
VER04A  1910  1791  1473  2411  1651  1223  2827  2803  3169  2139  1848          
VER04A  1920  1433  1726  2900  3298  3214  2512  2262  3145  2450  2553          
VER04A  1930  1666  1684  1977  1993  1541  3840  1573  3581  3263  3931          
VER04A  1940  2336  3323  3033  2654  2619  3324  2514  2855  2845  3449          
VER04A  1950  3694  4128  2899  2490  1228  1633  1212  2147  4532  2023          
VER04A  1960  3283  3200  3557  1977  1667  2350  1662  1634  2812  2423          
VER04A  1970  2788  3206  3027  4670  2113  2592  2383  1898  3536  3577          
VER04A  1980  2505  3167  4416  2804  2207  2221  2248  1410  1184  1809          
VER04A  1990  3059  1957  1978  3988  2577  2503  2399  2156  3870  4278          
VER04A  2000  3594  2642  2953  3268  1912   521   649  1021  1918  1890          
VER04A  2010  2280  1701  1452  2144  1822 -9999                                  
VER04B  1871  2200  2441  1892  1989  2591  2234  1544  2320  2212                
VER04B  1880  2003  2046  1732  1701  2218  2178  2125  1252  1705  2540          
VER04B  1890  1869  1580  2506  1460  1281   954  1321  2623  2552  2043          
VER04B  1900  2681  2086  1383  2070  2237  1969  1959  2143  1947  1933          
VER04B  1910  1591  1382  1572  1074   931  2100  2195  2758  2012  1729          
VER04B  1920  1807  1670  2343  3184  3292  2382  1975  3435  3216  3656          
VER04B  1930  1926  1970  2953  2784  1719  3750  2009  3185  2531  3108          
VER04B  1940  2212  3530  3550  2410  2323  2175  2553  2919  3138  2752          
VER04B  1950  3636  3590  2772  2497  1321  1529  1928  2561  3874  2520          
VER04B  1960  3149  2433  3349  1834  1836  2266  1958  2009  2626  2119          
VER04B  1970  2323  2404  2344  3133  2101  2139  2349  1310  2966  2621          
VER04B  1980  1902  2684  3815  2038  1758  2717  1745  1082  1286  1629          
VER04B  1990  2646  1613  2033  3342  1811  2397  2297  1957  3497  3041          
VER04B  2000  2825  2194  2036  2200  2031   768  1178  1352  1938  1899          
VER04B  2010  1789  1674  1258  1538  1364 -9999                                  
VER05A  1916  4756  2592  2376  1928                                              
VER05A  1920  2149  5752  5732  4416  5176  3810  3743  3778  3343  2932          
VER05A  1930  1248  1385   909   713   949  1200   823  1880  1801  1774          
VER05A  1940  1429  1881  2256  1156   885  1137   984  1134   704  1081          
VER05A  1950   763   814   703   531   450   475   426  1014   885   901          
VER05A  1960   830   838   985  1091  1234  1079   851   699   765   533          
VER05A  1970   312   554   413   428   507   456   374   347   426   372          
VER05A  1980   643   555   724   535   477  1219   689   458   493   402          
VER05A  1990  1069   864   804   873   705   644   624   689   648  1258          
VER05A  2000   996  1282  1243  1114   663   938  1139  1118  1208   940          
VER05A  2010  1148  1232   548   937   773 -9999                                  
VER05B  1916  7551  4562  3097  2017                                              
VER05B  1920  1775  4011  5903  5907  7425  4403  4662  5277  5002  3519          
VER05B  1930  1710  2143  1798  1312  1047  1715  1087  3073  2719  3167          
VER05B  1940  2207  3100  3594  2500  1546  2893  2245  1986  1779  1506          
VER05B  1950  1824  1856  1539   962   729  1006  1220  1580  1757  1261          
VER05B  1960  2172  1445  1810  1365  1733  1423   941   860  1095  1076          
VER05B  1970   682   639   668   797   617   504   843   572   906   901          
VER05B  1980  1164  1225  1134   740   567  1440   880   727   573   669          
VER05B  1990  1591  1150  1545  1630  1054   934   920  1004  1110  1711          
VER05B  2000  1760  2243  1910  1576  1054  1002  1203  1316  1916  1887          
VER05B  2010  2314  2270  1346  2075  1425 -9999                                  
VER06A  1897  2238  2398  2573                                                    
VER06A  1900  3787  2854  3077  5313  5539  4876  5723  3717  3598  2298          
VER06A  1910  2379  1394  5103  2532  1704  3674  2865  2998  1775  1673          
VER06A  1920  1768  2253  2675  2709  3377  1750  3251  2789  3263  2796          
VER06A  1930  1592  1916  3623  2349  1819  5433  1624  3590  4947  4241          
VER06A  1940  2412  3189  3319  2070  1497  2731  1842  1639  2162  2222          
VER06A  1950  3110  3746  2032  2055  1230  1976  3537  3347  4027  2094          
VER06A  1960  3413  3006  3302  1591  2144  2218  2095  1960  3227  2544          
VER06A  1970  1923  2732  2149  2083  1841  2071  2089  1611  3480  2335          
VER06A  1980  2400  2657  4624  3135  2575  3800  2767  1968  1429  2551          
VER06A  1990  4378  2688  2749  3876  2036  2523  2157  2062  3447  2398          
VER06A  2000  1992  1787   974   778   834   916  1649  1380  2832  1866          
VER06A  2010  2746  2089  1509  2197  1693 -9999                                  
VER06B  1854  3329  1538  1461   789  1167  1297                                  
VER06B  1860  1755  2538  1973  1396   767   516   703   401   292   627          
VER06B  1870   469   383   282   368   234   449   337   327   479   348          
VER06B  1880   455   520  1791  1798  1429  1483  2273   852  1430  1523          
VER06B  1890   986   835   938   486   802   914  2383  2001   860   852          
VER06B  1900   758  1422  3421  3545  4236  2972  3478  3644  2786  1969          
VER06B  1910  1899  1099  4800  2046  1452  2650  2765  2498  1720  1668          
VER06B  1920  1469  1898  3001  2999  3330  2582  3179  2738  1996  2004          
VER06B  1930  1012  1630  3719  2338  2279  3583  1505  2873  4510  4162          
VER06B  1940  1907  3122  3039  1637   884  2068  1779  1880  2110  2291          
VER06B  1950  2462  2151  1001  1520   961  1558  2594  2479  3094  1274          
VER06B  1960  1473  1246  1719  1172  1076  1475   976  1071  2382  2371          
VER06B  1970  1484  1748  1551  1787  1785  1819  1305   847  1849  1390          
VER06B  1980  1186  1833  3230  2361  1699  3028  1772  1623   981  1194          
VER06B  1990  2683  1569  2347  2618  1562  1676  1651  1271  2228  2111          
VER06B  2000  1935  1029  1435  1867  1609  1770  2301  1361  1711  1014          
VER06B  2010  1090   935   656   803   889 -9999                                  
VER07A  1876   774   480  1079   760                                              
VER07A  1880   681  1163  1046  1404  1455  1952  1712  1067  1311  1603          
VER07A  1890  1050  1117  1519   386   742   576  1283   624   481   422          
VER07A  1900   512   630   721   467   250   353   304   324   260   380          
VER07A  1910   238   393   233   354   309   590   887   856   589   552          
VER07A  1920   703  1427  1056  1881  1358  1082  2147  2240  2692  2674          
VER07A  1930  1643  1415  2270  1794  1298  2472  1515  3236  3596  2489          
VER07A  1940  2051  2143  2579  2454  1781  1755  1801  1741  1892  1866          
VER07A  1950  2262  2358  1374  1063   713  1020  1231  1462  2506  1269          
VER07A  1960  1682  1520  1973  1917  1166  1461  1277  1468  1742  1516          
VER07A  1970  1489  2285  2555  2727  1885  2056  1521  1174  1744  1902          
VER07A  1980  2105  1953  3132  1758  1278  2282  2070  2043  1038  1938          
VER07A  1990  3093  2504  2576  3328  2114  2352  1731  1838  2400  2392          
VER07A  2000  1948  2035  1870  2246  2302  1919  2054  1467  2820  2126          
VER07A  2010  2843  2442  1559  2450  1798 -9999                                  
VER07B  1889  1028                                                                
VER07B  1890   873   643   653   575  1049   662   657   335   586   366          
VER07B  1900   572   422   476   918   523   808   438   313   285   313          
VER07B  1910   331   366   376   481   252   827   944   751   624   523          
VER07B  1920  1721  2465  2125  2420  2419  1780  2854  1411  2467  1768          
VER07B  1930  1333  1450  1839  1117  1150  2697  1057  2450  2186  2838          
VER07B  1940  1386  1639  2475  1485  1214  1723  1665  1286  1678  1447          
VER07B  1950  1491  1978  1179  1235   766  1031  1416  1480  2071  1531          
VER07B  1960  1738  1613  2031  1608  1331  1458  1356  1349  1654  1984          
VER07B  1970  1817  1768  1663  2176  1900  1656  2148  1404  1813  1912          
VER07B  1980  1645  1293  2211  1847  1669  1993  2113  1397  1393  1702          
VER07B  1990  2394  1734  2131  2336  2132  2698  1826  1611  2401  2329          
VER07B  2000  1740  1919  1980  2487  1997  1594  2316  1791  3038  2703          
VER07B  2010  2603  2480  1635  2824  1813 -9999                                  
VER09B  1897  3743  2618  2048                                                    
VER09B  1900  2199  1827  1732  2274  2360  2685  1921  2493  2156  1016          
VER09B  1910   891  1009  2088   920   822  2166  2003  1749  1596  1153          
VER09B  1920  1855  2329  3528  2700  2860  1697  2143  2518  2702  2110          
VER09B  1930  1442  1560  2172  1766  1365  3772  1826  2788  3706  2533          
VER09B  1940  1918  1650  2472  1441  1458  2125  1947  1277  1441  1772          
VER09B  1950  1691  1535  1411  1505   862  1368  1455  2017  1763   942          
VER09B  1960  1927  1147  1076   897  1438  1003   897   879  1324   840          
VER09B  1970   717   886   931   960  1028  1005   850   660  1031   791          
VER09B  1980   903   801   807   747   914   882   848   873   643   685          
VER09B  1990   827   945   773   851   832   926   699   823   836   961          
VER09B  2000   745   627   856   954   767   980   754   957  1069   818          
VER09B  2010   816   982   759  1168   883 -9999                                  
VER10A  1848  2823  2466                                                          
VER10A  1850  1683  2468  1118   857   914  1114   863   940  1002  1288          
VER10A  1860  1439  2000  1999  1641   973   925  1175   556   525   745          
VER10A  1870   339   252   374   272   203   177   241   164   394   303          
VER10A  1880   408   647  1172   277   228   261   346   305   294   311          
VER10A  1890   162   312   210   270   207   264   302   342   445   557          
VER10A  1900   998   773   706   996   637   612   520   560   373   414          
VER10A  1910   497   375   637   484   678  1979  1654  1538  1652  1503          
VER10A  1920  2645  2369  4313  4497  3354  2361  3634  3221  3012  1982          
VER10A  1930  1461  1093  1962  1507  1293  2979  1173  2627  3686  3095          
VER10A  1940  1994  1606  2062  1615  1274  2214  1788  1077   998  1523          
VER10A  1950  1849  1881  1477  1486   861  1792  1723  1888  2588  1593          
VER10A  1960  1957  2145  1892  1555  1523  1819  1412  1576  2298  1848          
VER10A  1970  1418  2248  1976  2130  2269  1756  1680  1383  2386  1846          
VER10A  1980  1525  1556  2513  2011  1561  1974  1823  1381  1174   887          
VER10A  1990  1369  1310   961  1427  1382  1513  1060  1085  1722  1233          
VER10A  2000  1333  1203  1334  1137   941  1010  1329  1067  1414  1170          
VER10A  2010  1316  1186   879  1389  1181 -9999                                  
VER10B  1918  1745  2580                                                          
VER10B  1920  3246  3059  5582  4602  5481  3317  6118  5229  4680  3446          
VER10B  1930  2338  1598  2927  2247  1925  4179  1660  3828  5302  3876          
VER10B  1940  3121  2784  4243  3140  2112  2662  2239  1855  2002  2051          
VER10B  1950  2442  2553  2267  1552  1154  1987  2302  2697  3235  1949          
VER10B  1960  2358  2385  1977  1508  1436  1770  1857  2304  2538  2198          
VER10B  1970  2019  2481  2233  2147  2083  2337  2364  1503  2892  2278          
VER10B  1980  2090  1949  2890  2328  1545  2354  1863  2110  1325   789          
VER10B  1990  1065  1509  1101  2216  1500  2098   981  1261  1731  1295          
VER10B  2000  1092  1040  1507  1595  1207  1449  1504  1394  1890  1447          
VER10B  2010  1588  1268  1048  1786  1174 -9999                                  
VER11A  1849  1745                                                                
VER11A  1850  1953  2159  1033  2853  2452  2604  1622  2026  3290  2347          
VER11A  1860  2898  3373  3708  2845  1974  1468  1886  1429  1419  1595          
VER11A  1870  1442  1499  1930  1761  1426  1516  1496  2338  2617  2011          
VER11A  1880  1763  1478  1898  1187  1852  1738  2387  1557  1931  1854          
VER11A  1890  1511  1570  1954  1362  1205  1143  1575  2182  2065  1977          
VER11A  1900  2392  2450  2718  3010  2837  2503  1930  2608  2165  1955          
VER11A  1910  1957  1472  2634  1565   980  1824  1859  1764  1212  1156          
VER11A  1920  1549  1557  2043  2328  2641  1940  2300  2417  1640  1738          
VER11A  1930  1236  1152  1610  1171   806  1845   950  1911  1599  1997          
VER11A  1940  1693  2938  2297  1357  1641  1733  1478  1827  1739  1563          
VER11A  1950  1740  2363  2179  1578  1448  1525  2004  2078  2677  1749          
VER11A  1960  2225  1832  1963  1443  1410  1339  1331  1437  1995  1971          
VER11A  1970  1444  1307  1735  1962  1722  1512  1343  1273  1570  1521          
VER11A  1980  1680  1758  1907  1631  1896  1703  1385  1459  1112  1158          
VER11A  1990  1457  1067  1337  1315  1333  1441   998  1078  1214  1395          
VER11A  2000  1258  1105  1255  1517  1416  1145  1300  1756  1571  1515          
VER11A  2010  1271  1261  1020  1759  1564 -9999                                  
VER12A  1873  1515  1090  1213  1450  1162  2009  1323                            
VER12A  1880  1064  1015   868   844   871  1009   815   430   505   736          
VER12A  1890   504   544  1139   852  1568  1558  2356  2805  2087  1902          
VER12A  1900  3210  1623  2324  2001  1322   842   906  1219   977   664          
VER12A  1910   688   360   837   426   463   899   956   533   583   362          
VER12A  1920   667   981  1062  1936  2166  1495  1925  2162  2293  1267          
VER12A  1930   955   922  1218   971  1062  1841   809  1897  2097  1616          
VER12A  1940  1125  1416  2001  1102   790  1265   950  1536   856   958          
VER12A  1950  1223  1091   881   744   488   635   635   838  1078   917          
VER12A  1960  1287  1176   685   795   819   547   679   428   546   662          
VER12A  1970   369   696   457   655   392   496   638   427   437   421          
VER12A  1980   493   510   544   460   485   790   466   660   393   616          
VER12A  1990   470   805   781   838   752   414   404   617   693   979          
VER12A  2000   369   498   501   695   597   816   827   656   895   587          
VER12A  2010   602   580   517   737   632 -9999                                  
VER13A  1945   633   890   901   758   953                                        
VER13A  1950   721   949   679   382   442   559   498  1190  1077   762          
VER13A  1960   481   776   745   728   499   576   414   480   577   562          
VER13A  1970   352   362   489   364   400   356   535   529   564   514          
VER13A  1980   791  1211  1022   833   602  1383  1491   778   578   627          
VER13A  1990  1028   894  1075  1035   757   656   528   562   821  1126          
VER13A  2000   628   813   671  1027   827   843  1188   842  1034   774          
VER13A  2010  1051  1310   966  1349  1016 -9999                                  
VER14   1839  1762                                                                
VER14   1840  1456   801   990  2279  1318   842   668  1210  1082   952          
VER14   1850  1124   859   416   806   550   581   691   597   628   681          
VER14   1860  1019   716   747   587   465   393   393   235   347   163          
VER14   1870   329   269   547   221   607   389   620   268   393   341          
VER14   1880   233   127   187   377   957   962   700   438   337   358          
VER14   1890   383   385   574   480   548   443   658   787   710   534          
VER14   1900   414   793  1619  2574  2523  2671  3153  3372  2294  2395          
VER14   1910  2348  1897  4148  2276  3055  3857  4316  2849  3530  2323          
VER14   1920  3712  2724  3595  2991  4890  3447  4744  4735  4516  3427          
VER14   1930  3191  4571  3815  2623  1958  3348  2297  5012  4364  3954          
VER14   1940  4427  3009  3082  1978  2004  2110  2108  2363  1680  2183          
VER14   1950  1606  1747  1574  1419   893  1311  1118  1618  1894  1181          
VER14   1960  1382  1365  1340  1352  1328  1025  1002  1022  1110  1386          
VER14   1970   877   948  1176  1599  1768  1114  1065   796  1390  1238          
VER14   1980  1141  1194  1727  1156  1027  1301  1454  1125   877   860          
VER14   1990  1413  1508  1271  1335  1279  1433  1139  1010  1107   994          
VER14   2000   802   953  1144  1126  1071   953   842  1058  1274  1075          
VER14   2010  1253  1024   831   822   803 -9999                                  

