NSO01A  1920  1563  2185  1621  1902  1624          
NSO01A  1930  1262  1963  1306  2548   981   786   454   550  1072   746          
NSO01A  1940   622   827  1157  1016   731  1035  1182  1177  1207  1006          
NSO01A  1950  1698  1587  1965   847   949   863   798   846   838   777          
NSO01A  1960  1401   615  1098   844   982  1497   816  1013   832   762          
NSO01A  1970   896   951   904   864  1109   842   685   699   745   892          
NSO01A  1980  1133  1097  1248   765   639   747  1110   930   764  1145          
NSO01A  1990  1323  1221  1157  2012  1305  1425   804  1085  1062   729          
NSO01A  2000   751   851   841  1079  1204   728   545   602   683   717          
NSO01A  2010   902   857   553   511   477   723   791 -9999                      
NSO01B  1899  3697                                                                
NSO01B  1900  2927  2252  2996  2747  2412  1977  1348  1457  1452  1078          
NSO01B  1910  1529   762  1558  1092   768  1449  2594  3780  2342  2172          
NSO01B  1920  2540  1477  1937  2362  2975  1766  2267  2389  2011  2205          
NSO01B  1930  1864  1337  1830  1376   804   995   598   583  1599  1071          
NSO01B  1940  1185  1417  1099  1044   909  1236   931   984  1041   843          
NSO01B  1950  1023  1064  1329  1052  1174  1213   764   955  1275  1305          
NSO01B  1960  1662   614  1280   882   839  1416   993  1206  1263  1024          
NSO01B  1970  1027  1207   862  1400  1431   989   932   845  1249   839          
NSO01B  1980  1193  1225  1122  1047   627   885   981   731   611  1052          
NSO01B  1990  1064  1210  1077  1701  1377  1187   922   940  1247  1458          
NSO01B  2000  1299  1045   745  1022  1029   701   563   536   712   824          
NSO01B  2010  1201  1061   726   896   776   849   997 -9999                      
NSO02A  1890  2925  1515  2872  1209  1328  1156  3018  2464  2348  4464          
NSO02A  1900  2292  2193  3009  2779  3476  2175  1107  2064  2229   687          
NSO02A  1910  1318   873   988   803  1016  1596  1548  1632   980   771          
NSO02A  1920   941  1229  1212  1201  1668  1445  1904  2955  3777  2635          
NSO02A  1930  2476  1699  2325  1910  1130  2769  2198  1740  2716  2471          
NSO02A  1940  1604  1806  2927  1791  1467  2293  2494  2318  2300  1963          
NSO02A  1950  2637  2381  2268  1611  1322  1870  1786  1519  1685  1675          
NSO02A  1960  1452   948  1606  1192  1372  1039   747  1134  1019   890          
NSO02A  1970  1172  1302   992  1261  1251  1420  1276  1301  1545  1465          
NSO02A  1980  1725  1198  1443  1353  1004   897  1503  1147   889   905          
NSO02A  1990  1009  1077  1382  1351  1860  1665  1269  1096  1173  1579          
NSO02A  2000  1696  1703  1981  1547  1833  1394  1264  1712  1943  1661          
NSO02A  2010  1866  2147  1031  1526  1168  1478  1800 -9999                                           
NSO03A  1871  1067  1643  1765  1554  2008  1780  1043  1167  1059                
NSO03A  1880  1479  1251  1863  1283  1329  1313  1103  1865  2101  3235          
NSO03A  1890  2328  2092  2168  2138  1350  1287  2008  2615  2290  3093          
NSO03A  1900  2633  2360  1732  2443  1756  1639  1363  3464  2349  2101          
NSO03A  1910  2443  1212  3048  1550  1192  2435  2623  2224  1657  1840          
NSO03A  1920  1671  1327  2031  1875  2543  1575  1307  2038  1632  1243          
NSO03A  1930  1027  1039  1058   851   782   947   717   651  1054   740          
NSO03A  1940   757   893   709   650   594   879   832   798   843   772          
NSO03A  1950   663   639   737   616   847   734   776   922   872   877          
NSO03A  1960   996   752   724   958   877   865   668   591   700   508          
NSO03A  1970   473   509   438   452   494   584   599   497   556   470          
NSO03A  1980   550   934  2094  1569  1218  1911  1729  1190  1137  1303          
NSO03A  1990  1679  1508  1434  1333  1652  1298  1239  1219  1218  1325          
NSO03A  2000  1090  1290  1283  1192  1113  1185  1057  1309  1382  1163          
NSO03A  2010  1474  1726  1379  1541  1307  1537  1937 -9999                      
NSO03B  1883  1201  1659  1745  1385  1773  2304  3454                            
NSO03B  1890  3310  2312  2867  2005  1209  1040  1908  2282  2146  2835          
NSO03B  1900  1961  2650  2024  1966  2034  1778  1751  3461  2694  1886          
NSO03B  1910  2041  1254  2455  1405   954  2359  2504  2031  1234  1805          
NSO03B  1920  1481  1046  1796  1304  1866  1034   988  1302  1364  1194          
NSO03B  1930   774   868   947  1008   930  1059   755   782  1103   968          
NSO03B  1940   813   956   917   734   843  1091  1034   941   884   995          
NSO03B  1950   665   885   874   897   743   784   874   897   894   868          
NSO03B  1960  1079   830   873   725   820   663   886   746   776   502          
NSO03B  1970   547   773   805   618   910   838   811   649   654   666          
NSO03B  1980   689   839  1039   945   778   875  1164  1022   843   964          
NSO03B  1990  1043  1066  1128  1142  1055   968  1027   986   974  1117          
NSO03B  2000  1135  1288  1222  1157  1059   945  1046  1273  1435  1266          
NSO03B  2010  1379  1588   973  1109  1334  1295  1230 -9999                      
NSO04A  1859  1060                                                                
NSO04A  1860  1190  1955  1820  1676  1045   855  1122  2010  1285  1400          
NSO04A  1870   773   548   913   974   915  1075  1065   823  1091  1163          
NSO04A  1880  1230  1239   774   674   773   737   710  1367  1950  3970          
NSO04A  1890  4928  3348  4768  3589  1675  1594  1427  2433  2239  2567          
NSO04A  1900  2152  1812  1624  2464  2463  1448  1372  1422  1256   846          
NSO04A  1910   807   684  1429   830   704  1376  1544  2053  1271  1193          
NSO04A  1920  1005   738   887   862  1501   728   661   685   731   288          
NSO04A  1930   524   336   396   335   456   562   449   445   750   512          
NSO04A  1940   408   424   500   499   554   744   885   853   735   560          
NSO04A  1950   675   804   799   791   840   547   778   660   651   696          
NSO04A  1960   707   675   863   731   659   811   697   719   824   818          
NSO04A  1970   774   915   615   666   893   916   998   806   810   749          
NSO04A  1980   820   963  1169  1246   891   765   730  1016  1097  1233          
NSO04A  1990  1533  1714  1684  1605  1365   921   845  1015  1019   932          
NSO04A  2000  1034   904  1104  1216   942  1029   681   663  1117  1143          
NSO04A  2010  1049  1372  1308  1416  1289  1477  1556 -9999                      
NSO04B  1863  2125  1132  1177  1340  1870  1397  1928                            
NSO04B  1870   922   604  1103  1366  1252  1680  1443  1424  1300  1247          
NSO04B  1880  1296   799   568   533   859   558   588   961  1813  3134          
NSO04B  1890  3138  1643  3894  2670  1868  1984  2009  2313  1729  1901          
NSO04B  1900  1919  1537  1074  2042  2532  1774  1500  2119  2695  1457          
NSO04B  1910  1291   774  1222  1011   787  1864  3122  1969  1076  1183          
NSO04B  1920   766   437   845   729   972   590   549   598   517   691          
NSO04B  1930   635   419   263   356   430   638   565   512   786   672          
NSO04B  1940   621   591   796   601   758   673   888  1052  1187   865          
NSO04B  1950  1176  1113  1166   951   942   853   946  1112  1422  1160          
NSO04B  1960  1341   947  1169  1061  1037   888   615   568   720   747          
NSO04B  1970   819   797   565   747  1176  1085  1276  1117  1238  1090          
NSO04B  1980  1103  1148  1088   991  1062  1128  1759  1540  1087  1117          
NSO04B  1990  1408  1318  1287  1464  1044   628   541   847   814  1042          
NSO04B  2000  1397  1342  1286  1043   843   776   858   725  1080  1473          
NSO04B  2010  1732  1348  1073  1286   907 -9999                                  
NSO05A  1856  1937  1329   794   868                                              
NSO05A  1860   835   947  1013   879   814   847   782   728   657   748          
NSO05A  1870   456   454  1118   614   649   683   391   398   631   605          
NSO05A  1880   568   594   372   464   498   511   660   637  1466  3278          
NSO05A  1890  2908  1212  4055  2905  2418  3003  2851  4924  2028  3794          
NSO05A  1900  2910  2562  2233  3405  2382  1509  1728  2853  2356  1660          
NSO05A  1910  1696  1131  2305  1023  1003  1514  1685  2069  1562  1483          
NSO05A  1920  1866  1277  5369  2252  2052   954   813   920   727   922          
NSO05A  1930   844   760   827   584   495   568   616   653  1525  1163          
NSO05A  1940   982   679  1083   618   888   820   768  1006   752   826          
NSO05A  1950   851  1019   912   719   779   675   776   709  1046  1030          
NSO05A  1960   984  1046  1353  1019  1395  1562  1156  1121  1365  1552          
NSO05A  1970  1033  1007   809   843  1036  1829  1080  1602  1633  1264          
NSO05A  1980  1407  1220  2184  1438  1006  1384  2148  2072  1616  1195          
NSO05A  1990  1730  2406  2963  3276  2190  2076  2209  1885  2549  2001          
NSO05A  2000  1933  2409  1240  1874  1402  1595   940   888   746   708          
NSO05A  2010   684   962   751   666   810   690   552 -9999                      
NSO05B  1864  1420  1257   990  1036   774   704                                  
NSO05B  1870  1115   632   599   750  1398  1230  1139   801   719   724          
NSO05B  1880   741   607   443   502   454   470   477   755   675  1881          
NSO05B  1890  1999   954  2942  3218  1778  2353  2803  3087  1755  3763          
NSO05B  1900  2880  2602  2380  2985  2471  1593  1451  2131  2061  1678          
NSO05B  1910  1628  1140  2249  1216   919  1114  1196  1403   954  1390          
NSO05B  1920  1461  1000  1492  1244  1127   696   759  1064   830   835          
NSO05B  1930   981   657   868   712   660  1077   806   716  1134   742          
NSO05B  1940   750   478   492   567   538   610   670   797   659   632          
NSO05B  1950   723   816   678   566   515   401   378   592   576   686          
NSO05B  1960   767   614   565   586   969  1057   725   632   712   665          
NSO05B  1970   836   555   510   659   728  1293   754   673   555   358          
NSO05B  1980   370   444   511   739   535   527   876  1057  1146   983          
NSO05B  1990  1143  1315  1817  1766  1334  1257  1103  1083  1631  2105          
NSO05B  2000  1878  2083  1364  1587  1536  1461   968  1081   786   565          
NSO05B  2010   495   434   436   346   363   421   441 -9999                      
NSO06A  1870   897   397   731   577   703   978   615   538   545   457          
NSO06A  1880   850   693   679   673   526   427   500   740   800  1097          
NSO06A  1890  1004   915   831   638   832   641  1180  1622  1598  2477          
NSO06A  1900  2451  2120  1812  2972  2090  1608  1393  1679  1947   878          
NSO06A  1910  1169   924  2610  1710  1370  1668  2002  2084  1102  1279          
NSO06A  1920  1460  1422  1339  1318  1580  1498  1765  2074  2414  2047          
NSO06A  1930  1430   914  1005  1121   925  1132  1067   905  1921  1393          
NSO06A  1940  1158  1498  1800   715   908  1020  1453  1371  1465  1136          
NSO06A  1950  1510  1204   901   696   737   833   647   937  1280  1208          
NSO06A  1960  1152  1105  1096  1114   872  1148   831   923   927  1119          
NSO06A  1970   908  1049   746  1176  1227  2395  1409  1368  1319  1669          
NSO06A  1980  1481  1496  2486  1530  1288  1604  1959  1473  1142  1150          
NSO06A  1990  1866  2080  2698  2449  2387  2063  1756  1747  1859  2134          
NSO06A  2000  2412  2784  1808  2260  1711  1495  1358  1523  2231  3776          
NSO06A  2010  1997  2997  1153  2102  2053  1958  2540 -9999                                                                   
NSO06B  1950  1353  1838  1271  1687  1981  2217   943   943  1352  1315          
NSO06B  1960  1511  1142  1632  1154  1346  1720  1127  1424   963  1552          
NSO06B  1970  1374  1097   751  1470  1469  2493  1382  1006  1332  1431          
NSO06B  1980  1456  1709  2881  2314  1999  2498  3150  1919  1491  1835          
NSO06B  1990  2824  1999  3704  3610  3620  3105  1921  1773  1832  3685          
NSO06B  2000  2826  3195  2163  2378  2134  1884  1766  1931  3736  3154          
NSO06B  2010  1974  2597  1269  2575  2366  2246  2849 -9999                      
NSO07A  1847  1335  1094  1653                                                    
NSO07A  1850  1352   635  1271  1122  1458  1455  1068   898   757  1277          
NSO07A  1860   760  1110  1206   986   690   750   945  1085  1203  1445          
NSO07A  1870  1368  1119  1766  1247  1332  1531  1090  1264  1644  1369          
NSO07A  1880  1453   815  1399  1501  1582  1227   885  1059  1107  1864          
NSO07A  1890  1734   964  1791  1491   913   985  1052  1640  1206  2281          
NSO07A  1900  2596  1972  3835  2802  2783  1842  1340  2378  1512  1607          
NSO07A  1910  1021   944  1895  1124   749  1014  1182   884   497   637          
NSO07A  1920   579   648   755   585   737   582   566   652   604   609          
NSO07A  1930   513   388   627   465   489   426   462   324   352   445          
NSO07A  1940   424   470   381   480   359   368   458   593   431   360          
NSO07A  1950   337   417   436   457   375   292   289   406   429   485          
NSO07A  1960   449   312   402   430   381   403   392   175   242   338          
NSO07A  1970   339   271   248   204   318   423   407   467   421   481          
NSO07A  1980   576   804   669   488   511   807   779   600   608   859          
NSO07A  1990   893   587   669   714   490   382   559   378   416   447          
NSO07A  2000   452   483   541   386   286   421   396   307   300   338          
NSO07A  2010   249   323   115   324   341   322   352 -9999                      
NSO07B  1852  1902  1262  1472  2122  1396  1520  1121  1771                      
NSO07B  1860  1358  1467   961  1100  1288  1375  1316  1361  1313  1867          
NSO07B  1870  1290  1011  1939  2018  1879  1559  1836  1199  1291  1446          
NSO07B  1880  1948  1196  1974  1441  1722  1170   907  1189  1348  2282          
NSO07B  1890  2039  1159  1785  1334   873   792  1315  1913  1379  1845          
NSO07B  1900  1999  2030  2141  2022  2321  1631  1241  1788  1654   938          
NSO07B  1910   883   762  1113   847   569  1051  1140  1013   702   681          
NSO07B  1920   514   702   612   583   955   626   580   723   782   468          
NSO07B  1930   664   482   540   666   540   459   402   350   609   616          
NSO07B  1940   405   487   525   545   506   677   661   649   648   436          
NSO07B  1950   528   515   522   463   489   491   359   463   453   535          
NSO07B  1960   430   560   418   375   250   465   419   439   528   464          
NSO07B  1970   478   456   457   415   528   533   685   549   583   592          
NSO07B  1980  1110  1154   901   716   477   444   655   610   538   528          
NSO07B  1990   711   556   457   539   489   442   513   405   420   424          
NSO07B  2000   542   598   503   684   557   468   435   405   447   465          
NSO07B  2010   403   482   231   312   244   456   507 -9999                      
NSO08A  1882  1724  2493  1761  1611  1323  1368  1041  2163                      
NSO08A  1890  1900   816  1656  1440  1251  1208  2166  2578  1993  2885          
NSO08A  1900  2043  2217  1749  4469  3926  2588  2557  3443  3396  1571          
NSO08A  1910  2309  1260  2821  1674  1455  2545  1914  2095  1437  1926          
NSO08A  1920  1173  1548  2479  1588  2945  1131  2045  1919  2265  1684          
NSO08A  1930  1432   822  1236  1148   588  1117   600   712  1725   949          
NSO08A  1940   914   717  1130   623   644   946  1029  1373  1255   865          
NSO08A  1950  1738  1131  1169   947   785   667   594   685   921  1296          
NSO08A  1960  1279   690  1007  1137   825  1465   923  1046   977  1314          
NSO08A  1970   970   889  1179  1130  1144  1883  1461  1274  1171   870          
NSO08A  1980   922  1237  1751  1117  1183  1961  1999  1525  1192   880          
NSO08A  1990  1080  1122  1567  1851  1293  1293  1409  1417  1785  2008          
NSO08A  2000  1587  2678  1621  2644  2490  2582  2062  2494  2522  1882          
NSO08A  2010  2199  1896  1027  1227   834  1239  1239 -9999                      
NSO08B  1884  1947  1549  1247  1557  1038  2482                                  
NSO08B  1890  2116   493  1737  1245  1016   951  2055  2226  1956  3145          
NSO08B  1900  1984  2554  2099  4401  4162  2894  2585  3458  3828  1535          
NSO08B  1910  2761  1053  3455  2025  1407  1881  1320  1805   843  1365          
NSO08B  1920  1345  1117  1953  1332  2583  1427  2317  2459  2038   973          
NSO08B  1930  1173   899  1110   933   756  1042   820   900  1775  1077          
NSO08B  1940   936   924  1715   832   724  1150  1398  1518  1048   968          
NSO08B  1950  1179  1274  1593   809   699   822   808   847   752  1160          
NSO08B  1960  1426  1002  1117   861  1258  1586  1075  1217  1177  1969          
NSO08B  1970  1078   973   712  1527  1791  2008  1281  1117  1022  1016          
NSO08B  1980  1179  1320  1848  1136   950  1304  1568  1031   932   926          
NSO08B  1990   920  1101  1976  1271  1857  1387  1410  1121  1260  1910          
NSO08B  2000  2150  2026  1234  1540  2227  1812  1241  2164  1648  1593          
NSO08B  2010  1997 -9999                                                          
NSO09A  1864  1637  1193  1608  1408   952  1536                                  
NSO09A  1870  1291   991  1379  1493  1147  1192  1345   498   425   508          
NSO09A  1880   693   624   862   943  1281  1179   773   543   562  1353          
NSO09A  1890  1505   898  1135  1131   868   878  1166  1208   992  1523          
NSO09A  1900  2065  2440  2000  3642  3862  2603  3522  4844  4421  3371          
NSO09A  1910  2715  1939  3949  2901  1901  2727  2638  2459  2000  2445          
NSO09A  1920  2498  1806  2910  1721  2799  1896  2572  2687  2232  1689          
NSO09A  1930  1806  1615  1456  1452  1127  1667  1204  1428  1675  1259          
NSO09A  1940  1240  1458  1441   896   990  1321  1109  1125   836   993          
NSO09A  1950  1099   898  1149  1054   901   858   936   971  1191  1085          
NSO09A  1960  1591   992  1111   945   884   889   945   938  1244  1080          
NSO09A  1970  1007  1033   903   938  1266  1205  1145  1091  1155   790          
NSO09A  1980  1345  1221   948  1218   778   840  1143   926   984   992          
NSO09A  1990  1239  1314  1179  1095   998   834   908   806   853  1074          
NSO09A  2000   806   998   859   946   771   912   910   730  1190   938          
NSO09A  2010  1313  1110   717   807   717   800  1299 -9999                      
NSO09B  1885   866   581   353   426   850                                        
NSO09B  1890  1176   777   873   666   449   547   739   889   877  1833          
NSO09B  1900  1945  3088  2128  3974  4494  3223  4418  5179  5279  3710          
NSO09B  1910  2150  1948  3559  2950  2113  3292  2710  2623  1725  2076          
NSO09B  1920  1755  1304  2637  1934  2682  1766  2468  2530  2352  2479          
NSO09B  1930  2179  1626  1809  2008  1255  1618  1191  1054  1624  1239          
NSO09B  1940  1202  1453  1417   929   955  1459  1091  1225  1051   891          
NSO09B  1950  1059   982  1081  1032   941   879   762  1022  1130  1253          
NSO09B  1960  1176   662   880   862  1081   961   920   993  1417  1299          
NSO09B  1970   880   911   939   821  1136  1405  1200  1105  1037   989          
NSO09B  1980  1101  1470  1285  1077   988   817   860  1023   734   807          
NSO09B  1990   955  1081  1176   981   984  1279  1214  1175  1143  1042          
NSO09B  2000  1203  1292  1031  1366  1118  1317  1178  1161  1270  1370          
NSO09B  2010  1554  1461  1148  1142  1235  1466  1560 -9999                      
NSO10A  1937  2215  1402  3678                                                    
NSO10A  1940  4537  5990  7903  3963  2652  4666  3821  2933  2569  2573          
NSO10A  1950  2254  2516  2838  2220  2707  4544  6103  7235  9094  4048          
NSO10A  1960  3115  2253  2043  1710  1296  1377  1543  1640  1843  1759          
NSO10A  1970  1865  1497  1114  1618  1968  1689  1826  1619  1858  1406          
NSO10A  1980  1523  1377  2176  1537  1175  1632  2036  1873  1290  1375          
NSO10A  1990   946  1146  2293  1486  1567  1452  1760  1276  1398  1563          
NSO10A  2000  2229  1483  1382  1465  1540  1185   806  1305  1059  1534          
NSO10A  2010  1701  1765  1020  1341  1064  1128  1316 -9999                      
NSO10B  1943  3481  2856  3513  2535  2796  2958  2518                            
NSO10B  1950  3041  2882  2014  2257  2632  3550  3975  3776  4233  3421          
NSO10B  1960  3806  2682  2529  1629  1821  2181  2392  3542  2682  1849          
NSO10B  1970  2280  2030  1355  1618  2276  2044  2058  1868  1958  1491          
NSO10B  1980  1479  1344  2331  1819  1733  1861  2040  1878  1455  1663          
NSO10B  1990  1119  1183  2306  1904  2932  1617  2230  1656  2132  2467          
NSO10B  2000  2829  2153  1868  1831  2273  1307  1475  2063  1628  1164          
NSO10B  2010  1573  1784   924  1188  1222  1357  1444 -9999                      
