WCC01A  1862   284   249   253   260   381   240   231   318                      
WCC01A  1870   255   477   474   289   226   201   335   287   295   413          
WCC01A  1880   463   365   443   480   384   451   395   239   251   258          
WCC01A  1890   281   270   400   238   215   164   250   323   235   286          
WCC01A  1900   166   181   228   196   212   182   137   219   224   184          
WCC01A  1910   178   174   259   147   104   150   193   156   161   168          
WCC01A  1920   151   154   148   138   203   134   148   136   242   165          
WCC01A  1930   138    95   176   145    82   196   117   145   144   105          
WCC01A  1940   112    94   187   143   133   142   128   154   108   128          
WCC01A  1950   137   183   167   154   127   144   133   152   132   162          
WCC01A  1960   183   141   154   123    99   129   125    99   118   150          
WCC01A  1970   156    97   106   167   222   194   120   111   216   172          
WCC01A  1980   177    97   133   107   999                                        
WCC01B  1863   292   247   277   321   224   190   267                            
WCC01B  1870   245   392   325   253   184   137   242   234   215   217          
WCC01B  1880   340   324   362   346   373   420   318   220   234   241          
WCC01B  1890   224   201   332   180   142   120   189   233   151   204          
WCC01B  1900   118   133   176   200   179   153   109   170   162   124          
WCC01B  1910   148   125   214   156   105   132   187   130   131   147          
WCC01B  1920   135   118   111   114   148   120   136   183   223   174          
WCC01B  1930   111    98   141   127    92   172   132   166   174   114          
WCC01B  1940    93   126   147   140   121   141   151   166   110    93          
WCC01B  1950   124   191   235   150   144   128   162   183   218   188          
WCC01B  1960   191   128   144   133   136   161   143   140   143   262          
WCC01B  1970   204   114   130   215   152   213   123    93   210   189          
WCC01B  1980   193   103   190   999 
WCC06A  1900   159   207   387   284   282   241   249   323   304   231          
WCC06A  1910   241   276   346   295   204   351   323   254   208   197          
WCC06A  1920   204   228   242   184   294   210   269   288   299   303          
WCC06A  1930   269   228   295   195   142   310   145   253   268   170          
WCC06A  1940   130   180   297   241   200   149   129   163   126   123          
WCC06A  1950   162   197   255   204   171   227   186   210   246   247          
WCC06A  1960   263   208   247   191   224   195   203   197   251   331          
WCC06A  1970   272   239   325   285   337   380   242   237   363   304          
WCC06A  1980   303   315   350   259   250   195   221   207   159   164          
WCC06A  1990   258   224   201   342   243   244   263   999                      
WCC06B  1900   184   184   300   181   297   305   253   442   295   239          
WCC06B  1910   240   244   269   268   198   258   293   171   170   210          
WCC06B  1920   177   229   200   188   335   206   298   286   334   406          
WCC06B  1930   298   249   290   199   114   229   189   222   260   169          
WCC06B  1940   154   179   250   225   203   181   200   198   182   202          
WCC06B  1950   216   258   315   215   188   272   203   219   319   238          
WCC06B  1960   308   224   252   202   193   188   185   155   267   315          
WCC06B  1970   265   299   377   292   359   385   219   200   334   275          
WCC06B  1980   321   305   454   283   252   265   313   259   220   167          
WCC06B  1990   274   276   307   520   241   282   230   999  
WCC21A  1884   191   204   206   165   170   147                                  
WCC21A  1890   147   137   205   130    66    76   108   182   161   144          
WCC21A  1900   166   196   301   235   258   241   152   218   236   162          
WCC21A  1910   173   150   221   164   103   139   189   146   128   113          
WCC21A  1920    98    96    92    91   101   119    97   136   152   162          
WCC21A  1930   129    96   125   105    69   138   132   171   177   181          
WCC21A  1940   162   190   264   252   290   230   209   217   179   159          
WCC21A  1950   199   207   242   215   190   233   266   214   304   293          
WCC21A  1960   299   217   248   193   189   166   147   125   142   189          
WCC21A  1970   217   188   190   223   206   174   130   102   186   174          
WCC21A  1980   182   153   274   186   143   134   130   145   116    90          
WCC21A  1990   192   196   201   261   117    90    85    73   101   107          
WCC21A  2000   110    98   108    94   162   157   143   164   263   196          
WCC21A  2010   237   156   135   177   999 
WCC22A  1892   381   234   210   154   266   272   287   277                      
WCC22A  1900   259   334   470   405   409   393   297   397   315   191          
WCC22A  1910   212   206   322   284   182   257   219   191   188   161          
WCC22A  1920   164   137   190   163   201   153   130   165   238   212          
WCC22A  1930   188   153   180   121    77   195   122   164   149   132          
WCC22A  1940   127   133   182   171   140   152   138   139   123   130          
WCC22A  1950   108   120   160   135   116   173   113   130   110   143          
WCC22A  1960   142   102   131   121   106   125   114   102   145   132          
WCC22A  1970   151   132   122   150   154   139   112    86   123   159          
WCC22A  1980   156   145   197   131   138   123   135   126   121   116          
WCC22A  1990   178   175   121   185   136   150   145   103   174   129          
WCC22A  2000   119   123   117    87   108    99    89    77   126   132          
WCC22A  2010    95   116    97   122    92   999                                  
WCC22B  1892   335   209   149   126   252   323   254   252                      
WCC22B  1900   205   341   462   392   436   389   362   484   444   300          
WCC22B  1910   263   229   337   318   195   275   314   241   202   212          
WCC22B  1920   195   173   204   207   238   186   163   196   265   239          
WCC22B  1930   219   126   180   158    77   213   145   154   162   118          
WCC22B  1940   110   127   175   163   174   180   170   180   154   154          
WCC22B  1950   141   138   155   161   135   188   122   137   134   128          
WCC22B  1960   166   116   165   136   132   126   128   122   147   160          
WCC22B  1970   173   148   161   165   168   172   131   119   204   160          
WCC22B  1980   173   128   238   153   174   109   116   154   131   118          
WCC22B  1990   160   126   108   174   128   120   156   102   142   119          
WCC22B  2000   108   109   109   112   134   126    92    91   126   144          
WCC22B  2010   117   143    99   164   999                                        
WCC23A  1846    75    84   101    73                                              
WCC23A  1850    61   146    81   126    94    78    43    44    61   101          
WCC23A  1860    61    79   125    52    58    54    52    65    37    64          
WCC23A  1870    26    26    27    19    33    30    37    51    39    44          
WCC23A  1880    66    70    62    60    58   103   129   101    71    37          
WCC23A  1890    56    88   145    92    43    42   149   251   160    95          
WCC23A  1900   135   122   275   254   182   121    77   127   162   101          
WCC23A  1910   107    80   170   161    98   150   170   168   107    90          
WCC23A  1920    94    97   171   148   152   127   139   167   258   294          
WCC23A  1930   195   124   170   136    70   184   127   235   278   273          
WCC23A  1940   188   177   289   202   205   170   172   146   145   172          
WCC23A  1950   147   183   185   162   152   199   160   120   167   138          
WCC23A  1960   118    92   118   111    96   111    88    98    78   123          
WCC23A  1970   142   115   187   228   155   186   102    96   150   112          
WCC23A  1980    98    90   149   107    85    78    86    81    63    75          
WCC23A  1990    66    73   999                                                    
WCC23B  1846   106    73   155    76                                              
WCC23B  1850    79    96    77    83    84    70    46    32    63    94          
WCC23B  1860    38    76    94    85    62    51    87    64    45    50          
WCC23B  1870    31    32    37    30    23    27    43    64    40    44          
WCC23B  1880   101   122   110   117   118   154   169   106    83    41          
WCC23B  1890    50    77   102    85    35    40    80   104    74    80          
WCC23B  1900    78    87   139   129   118   106    79   109   126   114          
WCC23B  1910   103    84   166   113    99   101   103   134   109   114          
WCC23B  1920    86    90   101   122   142   141   129   163   227   223          
WCC23B  1930   205   133   149   114    68   169   106   213   198   185          
WCC23B  1940   147   156   190   141   164   175   147   189   148   160          
WCC23B  1950   185   174   169   146   159   183   171   162   165   163          
WCC23B  1960   114    90   113   100    97    92    87    76   118   144          
WCC23B  1970   102    89   171   195   108   128    98    74   112   102          
WCC23B  1980    92    90   105    81    67    66    66    80    58    63          
WCC23B  1990    49    49    48   999                                              
WCC23C  1846   893   782   825   663                                              
WCC23C  1850   560  1080   943  1001   880   857   234   467   590   971          
WCC23C  1860   732   557  1022   602   531   448   645   486   255   388          
WCC23C  1870   267   231   232   191   264   368  1653   927   534   376          
WCC23C  1880    50    55    68    72    58    96   110    82    62    39          
WCC23C  1890    66    84   137    86    48    39   102   169    85    73          
WCC23C  1900   107   116   206   206   170   100    69   142   173   112          
WCC23C  1910    85    94   178   127   100   135   186   149   115   120          
WCC23C  1920   104   127   165   153   185   151   173   213   253   295          
WCC23C  1930   231   172   194   160    78   184   136   229   241   181          
WCC23C  1940   165   195   288   190   198   184   153   157   131   147          
WCC23C  1950   129   185   183   125   133   136   110   121   158   138          
WCC23C  1960   125    82   118   115    91   109    93    76    93   134          
WCC23C  1970   105    98   131   196   118   145    87    73   142    94          
WCC23C  1980    95    86   111   999                                              
WCC24A  1823   171   142   158   255    99    72    60                            
WCC24A  1830    94    58    77    62    65    48    40    52    27    22          
WCC24A  1840    34    48    73    44    53    64    67    59    61    68          
WCC24A  1850    69   122    54    35    51    19    27    34    24    35          
WCC24A  1860    42    39   114    99    83   110   138   149   123   113          
WCC24A  1870    77    68    66    64    62    70    67   115   181   165          
WCC24A  1880   184   179   199   236   198   199   206   139   184   100          
WCC24A  1890   141    84   112   100    97    97   195   191   256   152          
WCC24A  1900    48   102   177   263   234   226   183   273   206   195          
WCC24A  1910   114   109   163   154   132   146   191   150   145   119          
WCC24A  1920   120   106    99   103    94    68    53    61    77    50          
WCC24A  1930    45    55    51    47    37    50    59    56    70    74          
WCC24A  1940    65    57    79    73    77    78    73    69    50    51          
WCC24A  1950    74   107   159   115   124   167   122   151   187   162          
WCC24A  1960   182   144   179   124   118   124   166   157   173   218          
WCC24A  1970   151   177   123   187   131   132   104    69   109   123          
WCC24A  1980   129   153   222   135   114    99   114   108    98    69          
WCC24A  1990   161   113    83   141   101    94    88    66    87   105          
WCC24A  2000    97   120   132    85    99    95    78    81   140   119          
WCC24A  2010   141    88    78   111    80   999                                  
WCC24R  1892   194    72   126   166   126   129    90    73                      
WCC24R  1900    71   111   170   198   181   147   128   167   202   191          
WCC24R  1910   141   236   231   158   123   199   193   143   130   135          
WCC24R  1920   114    99   108   124   201   149   191   152   198   193          
WCC24R  1930   150   140   182   113    76   128   114   177   138   158          
WCC24R  1940   106   130   213   184   174   156   169   175   135   146          
WCC24R  1950   143   227   295   220   135   150   180   160   149   198          
WCC24R  1960   188   156   172   143   134    99   108   149   153   247          
WCC24R  1970   210   185   174   182   242   206   108   120   177   158          
WCC24R  1980   184   178   279   175   156   123   187   142   139   141          
WCC24R  1990   183   170   134   224   134   128   133   122   151   179          
WCC24R  2000   178   161   156   118   137   173   149   136   169   203          
WCC24R  2010   241   200   142   212   143   999                                  
WCC25   1878    96   189                                                          
WCC25   1880   310   210   216   250   208   200   144   164   143   174          
WCC25   1890   134   185   197   175   108    74   105   149   126   126          
WCC25   1900   115   158   194   175   180   163   128   195   227   179          
WCC25   1910   172   141   190   173   153   128   999                       
WCC30A  1879   165                                                                
WCC30A  1880   194   225   198   175   139   118   142   120   146    95          
WCC30A  1890    78    65    82    57    53    47    87   181   145   150          
WCC30A  1900   171   198   191   172   144   112    89   104    83    67          
WCC30A  1910    59    86    98    79    72   108    89    69    71    58          
WCC30A  1920    59    50    61    57    98    84    60    75    95    83          
WCC30A  1930    88    71    93    87    75   110    85   116   100    84          
WCC30A  1940    81    66   118   103    76   125   103    87    56    62          
WCC30A  1950    65    79    92    54    56    69    56    47    75    79          
WCC30A  1960    92    84    87    86    77    65    83    81    83    89          
WCC30A  1970   102   103    98   115    99   125    93    97   108   107          
WCC30A  1980   111   115   156   115   115   121   113   114   110    87
WCC30A  1990   117   127   101   180   117   115   115   111   158   135          
WCC30A  2000    93   111   107    80    82   107    76    82   141   108          
WCC30A  2010    81    74    83    95    90   999  
WCC38   1869   168                                                                
WCC38   1870    88   252   153   234   177   120   362   439   458   425          
WCC38   1880   620   642   592   463   364   480   360   275   349   405          
WCC38   1890   212   224   254   190   138   100   174   231   229   304          
WCC38   1900   226   245   307   999                                              
WCC39A  1903   172    99    74    56    83    87    61                            
WCC39A  1910    44    42    52    51    37    56    37    38    28    32          
WCC39A  1920    29    34    32    33    55    28    49    35    35    44          
WCC39A  1930    49    39    33    33    20    43    30    82    83    52          
WCC39A  1940    36    63    57    62    83   108    83    89    65   100          
WCC39A  1950    82   151   149    82    79   127    99    97   163   137          
WCC39A  1960   148    99    93    86    79    70    60    95   103   141          
WCC39A  1970   188   182   193   174   167   169   131   114   182   163          
WCC39A  1980   174   215   255   176   205   184   204   192   136   127          
WCC39A  1990   178   157   185   236   132   159   141   119   164   190          
WCC39A  2000   169   183   145   138   167   159   141   150   192   220          
WCC39A  2010   277   219   144   225   192   999       
WCC42A  1861   286   369   271   203   234   298   237   203   245                
WCC42A  1870   144   190   179   182   161   208   233   240   215   215          
WCC42A  1880   283   283   229   265   253   240   189   142   134   131          
WCC42A  1890   127   123    99    92   100    77    93   105    96   104          
WCC42A  1900   118   126   182   183   199   137   120   127   112    83          
WCC42A  1910    97   104   134   120    96   113   145   142   121   108          
WCC42A  1920    75    75    95    75   118   103    95   100   105   114          
WCC42A  1930   106    76   101    89    56    71    95    90    69    94          
WCC42A  1940    74    83    91    86    99   100   106   114    82   109          
WCC42A  1950    89    98   108   101    77    95    82    73   116   130          
WCC42A  1960   114   104   127   127    98    91   100    95    93   111          
WCC42A  1970   151   135    89   111   118   122    94    73   110   104          
WCC42A  1980   120    65    72    76    84    75    79    87    99    81          
WCC42A  1990    82    76    76    93    68    76    73    74    83    81          
WCC42A  2000    83    87    67    56    54    63    44    58    56    77          
WCC42A  2010    69    68    66   999                                              
WCC43A  1884   348   278   204   194   308   312                                  
WCC43A  1890   291   224   200   167   146   125   227   298   195   203          
WCC43A  1900   170   193   288   205   251   178   144   186   228   167          
WCC43A  1910   155   162   192   159   112   126   161   150   150   139          
WCC43A  1920   144   116   138   130   134   124   119   156   184   165          
WCC43A  1930   137    96   153   121    77   132   131   166   144   101          
WCC43A  1940    91   106   131   138   127   122   103   120    89   115          
WCC43A  1950   137   192   145   123   119   141   117   108   150   159          
WCC43A  1960   130   116   141   108    84    66    91    93    79   105          
WCC43A  1970   130   129   101   127   167   163   134   101   138   150          
WCC43A  1980   152   134   337   183   174   146   162   163   123    62          
WCC43A  1990    83    86    84   123    88    99    96   108    98   128          
WCC43A  2000   120   115    91    73    79    73    53    75   109   105          
WCC43A  2010   103    96    65    85    82   999                                  
WCC44   1870    73    82    43    49    67   116   192   129   148   224          
WCC44   1880   244   211   188   214   171   224   240   158   140   150          
WCC44   1890   125   118    97    62    57    49   151   191   100    99          
WCC44   1900    96   146   172   199   240   228   164   192   219   141          
WCC44   1910   127   132   168   103    80    98   109    98    96   108          
WCC44   1920    86    70    79    91   108    91    74    86   120   120          
WCC44   1930   116    88   106    93    54   152   101   192   157   144          
WCC44   1940    91   130   227   184   168   149   149   159   149   160          
WCC44   1950   138   161   176   123   123   143   142   109   155   150          
WCC44   1960   159   107   164   130   104    83    83   120   139   173          
WCC44   1970   208   156   147   187   185   165   121   123   243   156          
WCC44   1980   196   171   285   147   157   147   170   133   103    83          
WCC44   1990   122   126   106   233   156   113   114    91    93   108          
WCC44   2000   111   190   137    92   104    92    70   100   102   107          
WCC44   2010   107   140    99   150   108   999                                  
WCC45   1870   119   129    49   107    77   184   275   303   281   250          
WCC45   1880   247   264   285   239   246   242   188   176   201   217          
WCC45   1890   151   192   225   152   154   250   290   284   203   277          
WCC45   1900   192   252   318   264   244   246   202   249   235   242          
WCC45   1910   170   200   282   217   168   203   175   160   150   131          
WCC45   1920   144   116   155   145   164   156   114   129   192   179          
WCC45   1930   143   120   137   108    71   147   112   176   188   187          
WCC45   1940   125   170   213   166   175   187   204   168   156   147          
WCC45   1950   187   198   207   182   132   184   157   174   181   154          
WCC45   1960   156   164   175   153   176   108   131   122   103   154          
WCC45   1970   145   131   145   148   129   142   135   110   145   110          
WCC45   1980   155   132   144   108   111   115   130   128   106   119          
WCC45   1990   133   156   129   234   142   136   130   101   130   117          
WCC45   2000   111   159   119   111   114   126    92    90   148   123          
WCC45   2010   135   121   152   999                                              
WCC46A  1858   244   229                                                          
WCC46A  1860   261   230   303   280   158   142   145   152   117   189          
WCC46A  1870    71    71    65    72    71    49    78    81    78    86          
WCC46A  1880    98   104   101    83    85    77    86    67    58    41          
WCC46A  1890    58    50    72    47    59    60    67    87    84    92          
WCC46A  1900    84   125   133   126   116    83    59    76    86    81          
WCC46A  1910    89    88    96    84    72    67   111    88    88    78          
WCC46A  1920    84    59    70    70    87    74    74    71   104    87          
WCC46A  1930    62    66    86    72    40    80    68    72    89    71          
WCC46A  1940    77    73   115   124   118    94    85    98    93   103          
WCC46A  1950    94   103   114    86    90    68    95    62   119    94          
WCC46A  1960    98    79   109    88    62    71    80    83    94    99          
WCC46A  1970   102   103    68    63   100    95    64    60    68    66          
WCC46A  1980    81    82   134    89    88    77    82    95    74    70          
WCC46A  1990   115   117    87   147    98    97   117   109   165   177          
WCC46A  2000   143    97    98    70    86    79    60    66    94   121          
WCC46A  2010   112    98    63    98    88   999                                  
WCC46B  1903   139   128    92    65    86    91    76                            
WCC46B  1910    85    73    81    69    65    68   104    75    69    81          
WCC46B  1920    63    46    63    64    66    61    58    66    57    86          
WCC46B  1930    75    67    69    75    51    68    66    67    67    69          
WCC46B  1940    84    84   101   109    82    80    76    85    94    85          
WCC46B  1950    65    91   101    92    91    86    86    88   115   107          
WCC46B  1960   119   100    93   117   106    96    92    86    90    99          
WCC46B  1970   109   113    75    96   107   128    84    76    80    79          
WCC46B  1980    87    90   131   101    87    85    89    98    98    69          
WCC46B  1990    84   100    72   124   102    85    81    80   115   126          
WCC46B  2000   124   128    91    77    92    90    80    88    96   106          
WCC46B  2010    83    93   101    91    83   999               