BWM11B  1843   109   486   198   134    56  1240  1365                            
BWM11B  1850   853   852   823  1016   983   273  1130   905  2385  2343          
BWM11B  1860  1540  1456   776  1082   256   288   568   630   185  1042          
BWM11B  1870   845  1317   740  1630  1175  1816  1511  1088  1621  1446          
BWM11B  1880   219  2217  1953  1959  2532  1815  1253  1146  1524   709          
BWM11B  1890  1762  1234     0   970  1127   511  2518  1047  1389  1671          
BWM11B  1900  2170  1684  4579  3108  2910  2555   276  2834  2751  3976          
BWM11B  1910  2006  1801  3447  2478  1920  2932  1740  1769  1860  1233          
BWM11B  1920  2143  1649  2343  3301  2596  1328  3060  2174  1563  2119          
BWM11B  1930  1778  3232  2161  2304  2066  2481  1783  4594  4610  4944          
BWM11B  1940  2930  3699  5433  5415  3370  4525  3202  2779  3164  3485          
BWM11B  1950  3532  3093  3092  2555  2737  4021  2916  1727  2723  1643          
BWM11B  1960  2427  2057  2504  1385  2506  1820  1875  1650  1796  2053          
BWM11B  1970  3658  2876  2950  3210  3736  4786  5050  3502  2702  2542          
BWM11B  1980  2505  4083  5227  4124  2291  4250  6860  5797  1840  3505          
BWM11B  1990  4900  3736  4693  4736  5679  5259  2226  2358  4278  2516          
BWM11B  2000  2010  2681  1614  3451  3629  3030  4281  3228  4518  3783          
BWM11B  2010  4166  3009  1717  3484 -9999                                        
BWM14B  1875  1775  1181   992   693  1871          
BWM14B  1880  1465  1347  1390  1301   578  1226  1906  1953  2065  1144          
BWM14B  1890   554  1466   934  1055  1806   824   611   308  1107   783          
BWM14B  1900  1148  1645   869  2450  2280  2195  2224  1719  1432  1879          
BWM14B  1910  1960  1088  2818  2425  2281  2606  2119  1734  2363  1433          
BWM14B  1920  1680  1739  2592  1744  1829   665  1564  1191  2587  1611          
BWM14B  1930  1525  1338   453   593  1345  1006  1067  3085  3383   964          
BWM14B  1940  2068  3228  2293  1107  1673  1532  1167     0  1489  1624          
BWM14B  1950  2152  1002  1128   583   523  1385   796   863  1087   835          
BWM14B  1960   640  1653  1065  1403  2119  1274   788   823  1076  2080          
BWM14B  1970  1013  1148  1007  1827  1674  3345  2106  2020  1719  3135          
BWM14B  1980  2479  2292  4611  2535  1904  3373  3573  2419  1334  3537          
BWM14B  1990  3514  1405  2503  2858  2513  2839   835  1062  1179  1632          
BWM14B  2000  2935  1188  1292  1779  1936  1549   962  2074  2144  1563          
BWM14B  2010  2435  2288  1997  2433 -9999                                        
BWM15B  1918  5462  5217                                                          
BWM15B  1920  5520  4621  6347  3456  7095  4392  4263  6719  7214  4935          
BWM15B  1930  1721  3144  4843  4551  2554  5283  2497  3797  4261  3608          
BWM15B  1940  1684  2405  1470  2127  1559  1014   944   819  1728  1183          
BWM15B  1950  1838  1181  1452  1315  1944  3330  2583  1490  4148  3316          
BWM15B  1960  3833  3219  3702  3046  2729  2353  1463  2031  2129  1823          
BWM15B  1970  1638  1340  1661   866   809  1293  1421   985  2235  1496          
BWM15B  1980  1647  1982  2452  1441  1746  4136  2880  2379  1709  4064          
BWM15B  1990  8242  4599  4493  3722  5169  4640  3970  3513  3303  2241          
BWM15B  2000  2918  3540  3025  2189  2680  3818  2588  3013  2566  3072          
BWM15B  2010  2491   821   798  1707 -9999                                        
BWM11A  1904  2981  3176  2924  3027  3162  3103                                  
BWM11A  1910  1844  1611  4395  2683  2376  2652  1483  1810  1444   996          
BWM11A  1920  1299  1175  2579  1987  2638  1561  1593  2244  2243  2018          
BWM11A  1930  2064  1159  2135  3457  2624  2997  2635  4743  5249  5581          
BWM11A  1940  3680  3112  4778  3814  2896  3705  2104  3172  3042  3907          
BWM11A  1950  3985  4693  3716  1884  3191  4330  2834  2034  3026  1771          
BWM11A  1960  2551  1900  2267  1330  2297  1458  1483  2700  3740  3152          
BWM11A  1970  3781  2789  3243  4139  4080  5483  5428  1825  1880  1636          
BWM11A  1980  2495  3041  5764  3125  1998  2394  3624  3498  1615  2673          
BWM11A  1990  3633  2318  3043  4032  4727  3996  2427  2343  2842  2252          
BWM11A  2000  1306  2199  1735  2072  2040  2275  2418  1988  2366  3157          
BWM11A  2010  2706  1788  1413  2011 -9999                                        
BWM13B  1851  2838  2727  2203  3654   456  1814  2851  3608  1923                
BWM13B  1860  2248  3030  2696  1631  2521  1947   817   767  1368   690          
BWM13B  1870  3118  2445  2710  2308  2538  1599  1398  1495  2137  1880          
BWM13B  1880  1586  2993  2287  2018  1647  1392  1038  1337  1368   784          
BWM13B  1890  1613   907     0   497   476   409  2193   740   822  1064          
BWM13B  1900  1173  1161  2210  1222  1676  1682  2668  2259  1983   983          
BWM13B  1910  1606   816  2386  1203  1603  2407  1586  1709  1481   721          
BWM13B  1920   952   839  1690  1316  1641   891  1056  1804  2211  1422          
BWM13B  1930  1476  1189  1897   963  1293  1649  1069  1863  2013  3253          
BWM13B  1940  1877  1517  2297  2879  1572  2065  1780   938  1957  1938          
BWM13B  1950  3660  3221  2369  1686  1933  2974  2574  2379  2529  1884          
BWM13B  1960  2275  2433  1985  1341  1545   908   519   868  1109  1458          
BWM13B  1970  1903  1020  1941  1001  1146  1493  1243  2790  2575  2591          
BWM13B  1980  1764  1462  2214  1001   926  2113  2092  1743   698  1336          
BWM13B  1990  1354  1353  2132  1943  2063  1048   880  1461  1919  1296          
BWM13B  2000  1043  1143  1031   920  1888  1781  1905  1586  1955  2200          
BWM13B  2010  2655  1608  1544  2513 -9999                                        
BWM13A  1842   848  1214   876  1165   673  1090  1474  2117                      
BWM13A  1850  2963  2239  2833  2749  3418   502  1338  1637  3407  2576          
BWM13A  1860  3419  3911  3080  1412  2384  1658  1207   933  1594   984          
BWM13A  1870  1846  1413  2108  2054  3003  2490  2092  2360  2168  2342          
BWM13A  1880  1942  2362  2256  2172  2158  1796  1461  1968  1935  1226          
BWM13A  1890  1113   853     0   463   768   579  3149   780  1290  1050          
BWM13A  1900  1410  1309  1790  3190  3768  2941  2433  2154  1350  1564          
BWM13A  1910  1045   774  2664  1169  1416  1766   793  1241  1361  1110          
BWM13A  1920  1414  1485  2317  1324  1574   745   957  1709  1650  1181          
BWM13A  1930  1173  1126  1562  1248  1482  1645  1171  2100  1793  2188          
BWM13A  1940  1223  2354  4205  3632  1430  1938  1264  1108  2075  1967          
BWM13A  1950  2744  1544   914  1416   772  1952  1095  1604  1716  1403          
BWM13A  1960  1965  2017  1403  1722  2431   785   557   595  1116  1305          
BWM13A  1970   816   873  2550  1381  1260  1313  2043  1074  1400  1172          
BWM13A  1980   854   662   965  1017  1026  2342  1430  1491  1026  3014          
BWM13A  1990  3367  3908  4557  4194  3355  3434  1401  1716  2740  2206          
BWM13A  2000  1600  2365   890  2426  3226  2128  2384  1832  1781  1794          
BWM13A  2010  2073   937  1004  1904 -9999                                        
BWM14A  1870  3274  1599   942  1303  1027  1888  1542  1418  1389  1259          
BWM14A  1880  1502  1099  2335  1867   893  1735  1071   919  1823  1353          
BWM14A  1890  1399  2109   957  1129  1886  1219  1923  1937  1584  1670          
BWM14A  1900  2593  1503  2752  2091  2534  3099  1939  1575  1692  2298          
BWM14A  1910  1949  1587  3787  1559  1758  2141  1397  1742  2032  1388          
BWM14A  1920  1439  1290  2202  1585  2570  1061  1653  2154  2474  1565          
BWM14A  1930  1551   886  1588  1064  1543  2535  1736  2429  3630  3837          
BWM14A  1940  2211  2924  2715  1414  1332  1173  1297  1513  2341  2034          
BWM14A  1950  3564  2663  2223  1653  1303  2919  2637  2300  2894  2647          
BWM14A  1960  2196  2682  1967  2710  2441  2059  2549  2101  2276  2563          
BWM14A  1970  2034  1354  1554  1547  1577  2663  2129  2127  1719  1939          
BWM14A  1980  3305  3701  4480  2558  1067  2716  3475  3214  1098  2523          
BWM14A  1990  2841  2917  3332  3697  6531  4938  1604  1508  2061  4184          
BWM14A  2000  3061  3073  1513  1442  2169  2703  2611  1835  2879  2694          
BWM14A  2010  3337  1138  1220  2446 -9999                                        
