BHR01A  1898 14099 21423
BHR01A  1900 22485 13247 13705  9360  3172  9469 11016 10537  7544  9368
BHR01A  1910  6474  5743  4979  2540  2796  4954  3832  1969  4018  3345
BHR01A  1920  5623  5646  5718  5844  5969  4261  4784  3789  4405  4755
BHR01A  1930  3463  3296  4892  4082  4423  3737  3012  3099  4514  5172
BHR01A  1940  3778  4544  5910  5035  3079  3650  3331  3184  3095  2746
BHR01A  1950  5065  6184  3795  3492  4493  4363  3606  3098  2709  2223
BHR01A  1960  3432  2710  2497  2290  2290  2838  1272  1654  1714  1863
BHR01A  1970  1461  1716  1270  1799  1757  1611  1058  2213  1927  1270
BHR01A  1980  1927  1672  2146  1407  1778  1651  1062  1883  1210  1651
BHR01A  1990  1397  1503  1144  1320  1484  1357  1630  1672  2054  1948
BHR01A  2000  1545  1884  1545  1545  1504  1017  1313  1186  2056  1439
BHR01A  2010  1821  1440   973  1022  1419  1141  1376  1483 -9999
BHR01B  1885  8337  9032  2041  6390 11245
BHR01B  1890  6624  6832  6322  2174  4710  4746  5635  5362  4046  2947
BHR01B  1900  2424  4215  7999  5452  5574  4950  5152  5039  2131  6054
BHR01B  1910  4521  1903  4833  3674  1685  5469  5367  2774  4175  2814
BHR01B  1920  3672  3640  4076  4144  5745  3699  3928  4451  5187  3883
BHR01B  1930  3493  4207  4767  2787  2812  3042  3479  4150  3896  3392
BHR01B  1940  3112  3345  3434  3979  3621  3048  2836  3217  2945  1931
BHR01B  1950  2264  2883  2392  1741  1862  2138  2286  2992  2618  2192
BHR01B  1960  2787  2124  1786  2103  1856  2244  1230  1146  1492  1533
BHR01B  1970  1164  1440  1144  1608  1505  1403   937  1589  2758  2542
BHR01B  1980  1405  1609  1545  1545  1588  1460   974  1631  1101  1865
BHR01B  1990  1694  1652  1292  1677  1272  1419  1633  1503  1817  1741
BHR01B  2000  1316  1635  1779  1355  1164  1166  1101  1122  1376  1418
BHR01B  2010  1209  1355  1166  1165  1079  1058  1101  1129 -9999
BHR02A  1938  5355  5462
BHR02A  1940  4298  4657  5951  5428  3302  4043  4214  6394  4953  6311
BHR02A  1950  6161  5757  3917  2647  2646  3261  4318  4551  4001  3119
BHR02A  1960  3345  2714  2201  3282  3344  2942  2204  2370  2519  2583
BHR02A  1970  1841  1841  1143  1948  1694  2056  1465  2562  3344  2350
BHR02A  1980  2549  2230  3095  1740  2584  2473  1778  3154  1424  1936
BHR02A  1990  1938  1637  1400  1883  1555  1482  1652  1786  2787  2024
BHR02A  2000  1461  2107  4034  4530  1691   932   910  1101  1082   938
BHR02A  2010  1334  1027   596   789  1038   783  1080  1799 -9999
BHR03A  1926  2568  2308  2972  2290
BHR03A  1930  1980  1670  2310  1910  3929  3891  1794  2558  3805  3234
BHR03A  1940  2943  4631  4572  2777  2426  2530  2441  3224  2903  5354
BHR03A  1950  5441  3327  2623  2085  3182  3305  2055  2095  2105  2518
BHR03A  1960  4007  3652  2374  1880  2697  2694  1355  1914  3337  3472
BHR03A  1970  1885  1898  1802  2358  2288  2370  1886  1970  2349  1873
BHR03A  1980  2097  3662  3724  1536  2103  1878  1559  1882  1435  2113
BHR03A  1990  3623  3557  1660  1905  1615  1601  1757  1805  1999  2108
BHR03A  2000  1602  3513  3419  1710  1600  1591  1863  1926  2159  1841
BHR03A  2010  2054  2222  1397  1784  1356  1242  1610  2207 -9999
BHR03B  1926  5719  3918  4679  4488
BHR03B  1930  3430  3959  4978  3431  3472  4574  3515  4969  5313  5164
BHR03B  1940  4509  4330  4085  3726  2583  3011  3155  4493  3642  4318
BHR03B  1950  3283  3832  2794  2688  2667  3408  2795  3007  3388  3555
BHR03B  1960  3917  3187  3620  2796  3154  3112  1609  2445  2431  3238
BHR03B  1970  2796  2775  2794  3164  2921  3154  2010  3472  3197  2328
BHR03B  1980  2440  3141  3027  1842  2561  2159  1757  2397  1609  2794
BHR03B  1990  2434  1884  1905  2179  1883  1886  2166  2159  3115  2836
BHR03B  2000  2647  2530  2201  2610  2161  2079  2206  1950  2347  1886
BHR03B  2010  2942  2266  1928  2248  1714  1529  2032  2489 -9999
BHR04A  1907  5103  4893  3961
BHR04A  1910  5312  5356  4620  8807  2731  4498  4746  2181  1630  1630
BHR04A  1920  1736  2055  2392  2126  2901  2224  2414  2518  3028  3156
BHR04A  1930  2414  2244  3026  2712  2476  3249  2230  3304  3516  3938
BHR04A  1940  3325  3495  3344  3261  2413  3238  3176  5071  4223  4066
BHR04A  1950  4240  4805  4150  2943  2711  3323  3387  3306  3005  2605
BHR04A  1960  2891  2870  2372  2583  2582  2522  2034  2032  2267  3579
BHR04A  1970  2629  2214  1654  2349  2413  2414  1842  1989  2096  2036
BHR04A  1980  2351  2355  2413  1651  1652  1714  1355  1673  1209  1651
BHR04A  1990  1820  1355  1800  1610  1335  1651  1355  1524  1906  1888
BHR04A  2000  1862  1950  1821  1673  1439  1567  1503  1531  1780  1524
BHR04A  2010  1461  1799  1293  1439   952  1059  1357  1356 -9999
BHR04B  1907  4593  3359  3668
BHR04B  1910  4513  6124  5919  6798  4234  3243  6583  5593  4113  2563
BHR04B  1920  2485  2884  2693  3023  3333  2101  1873  1717  2090  1990
BHR04B  1930  2163  1889  2329  2116  1905  2286  1863  2203  2690  2837
BHR04B  1940  2646  2603  2350  1843  1778  1842  1947  2775  2435  1905
BHR04B  1950  2328  2797  2604  1989  1927  1989  2078  2032  1907  2032
BHR04B  1960  2161  1673  1828  1905  1846  2034  1462  1503  2083  1316
BHR04B  1970  1546  1437  1150  1418  1951  2201  1461  1379  1725  1418
BHR04B  1980  1354  1652  1725  1503  1185  1821  1546  1554  1336  1418
BHR04B  1990  1672  1420  1550  1559  1460  1314  1333  1503  1327  2266
BHR04B  2000  1757  2159  1588  1608  1799  1914  1716  1677  2665  2305
BHR04B  2010  2483  2213  1863  1932  1820  1312  1907  2041 -9999
BHR05A  1917  6039  6074  2724
BHR05A  1920  4327  3899  5254  4886  6138  5437  5528  6248  6661  4901
BHR05A  1930  4513  5951  7382  3425  5128  3887  3217  5039  4513  4765
BHR05A  1940  4090  4375  6586  4511  2979  3389  3140  5360  3306  3747
BHR05A  1950  4192  4954  3133  3327  3091  4403  3853  3960  4233  3196
BHR05A  1960  4456  3300  2796  2972  3025  4595  2817  3223  3213  3302
BHR05A  1970  2287  1863  1630  1997  2351  2604  1354  3053  3668  2879
BHR05A  1980  2815  2849  4175  3236  2486  2605  2095  3493  2209  3938
BHR05A  1990  3261  2434  3350  2836  2370  3727  3218  3136  4319  4200
BHR05A  2000  2880  3938  2903  3706  2480  2307  3267  2039  2116  1778
BHR05A  2010  1929  2116  1059  1504  1505  1696  1672  2032 -9999
BHR05B  1935  3939  2730  3440  4340  4678
BHR05B  1940  2349  2969  3514  3196  2053  2634  3133  4044  2667  3217
BHR05B  1950  3644  4424  2893  4400  4345  4065  4810  4215  4076  2609
BHR05B  1960  3069  2753  2990  3535  2627  4023  2748  2901  3218  2986
BHR05B  1970  2455  2498  1294  1739  2160  2313  1823  2373  2773  2185
BHR05B  1980  2392  4743  5069  2167  2317  2735  2985  2772  2265  2880
BHR05B  1990  3324  1970  2561  1884  1971  2440  1969  2160  3199  2478
BHR05B  2000  2634  2413  1716  1842  1906  1566  1675  1462  1673  1272
BHR05B  2010  1419  1315   741   995   805   698   898  1082 -9999
BHR06A  1923  2766  3112  3386  2987  2810  4112  3319
BHR06A  1930  2368  2583  3371  2117  2138  3044  2624  1646  3113  2540
BHR06A  1940  1908  2265  2731  2477  1885  1950  1566  2836  2649  2372
BHR06A  1950  3683  3452  2900  2865  2764  2836  3006  3852  2415  2753
BHR06A  1960  2985  2520  3667  3788  2488  2501  1652  2096  2074  1735
BHR06A  1970  1906  1905   953  1841  1952  1947  1249  1610  1102     0
BHR06A  1980     0     0  1833  3155  1559  1101  1185  1588  1016  2138
BHR06A  1990  1843  1398  1422  1486  1312  1482  1672  1164  1399  1652
BHR06A  2000  1503  1826  1567  1658  1341  1503  1651  1355  1738  1273
BHR06A  2010  1714  1652  1460  1461  1397  1207  1481  1947 -9999
BHR06B  1900  8651  4060  3042  4127  5667  5776  3432  4484  4423  5519
BHR06B  1910  4467  3559  4403  3218  2924  4594  5209  2435  3243  2032
BHR06B  1920  2011  2672  3434  3958  3984  4054  4023  3257  5268  5425
BHR06B  1930  3704  4691  5105  4545  4455  2715  2045  2083  2952  3423
BHR06B  1940  2737  1803  2373  1827  2996  2935  1677  2273  2362  2026
BHR06B  1950  4327  4714  3645  2666  2577  2749  4079  4486  2846  2727
BHR06B  1960  2254  1989  3295  3390  2373  2079  1233  2448  3182  1740
BHR06B  1970  1531  1446   825  1422  1186  1485   957  1100  1403  1250
BHR06B  1980  1270  1039  1524  1058   910   677  1080  1016  1068  1505
BHR06B  1990  1905  1333  1313  1546  1337  1506  1746  2055  2328  2499
BHR06B  2000  1524  2455  2286  2392  2286  2456  1971  1799  2181  1863
BHR06B  2010  1884  1884  1291  1799  1440  1842  2011  2286 -9999
BHR07A  1904  4944  5181  4719  4783  4795  6146
BHR07A  1910  6161  3786  5560  5182  3025  5415  4763  4331  4288  2188
BHR07A  1920  2741  3617  3809  4882  3911  2930  2371  2900  3472  2392
BHR07A  1930  2457  2774  3270  2342  3474  2906  1518  2302  2780  2371
BHR07A  1940  2473  2634  3563  3090  1940  1736  2176  2635  2605  2014
BHR07A  1950  2866  4467  3668  2316  2296  2688  2540  2815  2540  2222
BHR07A  1960  2329  1820  2011  1504  1778  2160  1651  1525  1651  1841
BHR07A  1970  1567  1629  1630  2203  1525  1947  1377  1801  2309  1673
BHR07A  1980  1933  1206  1612  1439  1211  1547  1047  1518  1257  1644
BHR07A  1990  1426   964  1132  1270  1080  1037   976  1104  2349  2283
BHR07A  2000  1257   997  1080  1020  1027   931  1200   997  1016   593
BHR07A  2010   825   529   508   762   508   763   762   828 -9999
BHR07B  1936  1242  2207  2754  2290
BHR07B  1940  2102  2138  4749  4375  1782  1586  1918  1997  3607  4057
BHR07B  1950  2861  2639  2480  2326  1948  2833  4040  5009  3303  4233
BHR07B  1960  4160  4022  3387  3219  2882  2589  2343  2277  2562  1884
BHR07B  1970  1782  1864  1567  2902  2518  2798  2394  2032  2625  2180
BHR07B  1980  2118  1780  3072  2541  1376  1715  1208  1547  1318  1424
BHR07B  1990  2883  2529  1312  1316   776  1016  1037  1018  1426  1293
BHR07B  2000  1085   829   995   847   910   952   995   995  1037  1024
BHR07B  2010  1045   741   700   783   614   698   765   895 -9999
BHR08A  1923  4896  4905  4364  3350  2975  4586  4692
BHR08A  1930  3384  2184  2624  1761  2225  4515  3487  3059  3823  5565
BHR08A  1940  4076  3365  3821  3769  3681  4394  3616  3717  3175  3627
BHR08A  1950  3796  4085  3863  3523  2594  3021  2847  3416  3425  3239
BHR08A  1960  3289  2877  3870  3497  2925  3328  2838  2465  2857  2286
BHR08A  1970  2036  2308  2501  3090  2604  2603  2117  2036  2815  2371
BHR08A  1980  2095  2924  3600  2818  2751  2646  2075  3217  2011  2483
BHR08A  1990  1865  1865  1989  2096  1864  1905  2138  2392  3281  2795
BHR08A  2000  2857  3048  2058  2074  2160  1714  1610  1609  2370  2523
BHR08A  2010  1990  1630   827  1080  1227  1143  1525  1886 -9999
BHR08B  1962  4158  5107  4873  4908  4744  4734  5090  3732
BHR08B  1970  3619  3983  5084  5373  3705  4134  3326  3789  3157  3452
BHR08B  1980  3260  6943  6415  3415  3387  3769  3408  4721  3092  3939
BHR08B  1990  2585  2135  3853  3600  2562  2883  2887  3348  4255  3048
BHR08B  2000  3769  4149  3472  3535  2859  3006  3662  2858  3832  4847
BHR08B  2010  4233  3302  1969  2836  2835  2401  2913  2481 -9999
BHR09A  1935  2755  2328  3008  4002  4098
BHR09A  1940  3654  3678  5676  5186  2575  2931  3107  3895  5020  6500
BHR09A  1950  5335  6589  4596  2702  2308  3883  4620  4663  4329  4558
BHR09A  1960  5196  4964  4764  3431  2941  2642  2353  2222  2565  2670
BHR09A  1970  2561  2798  3361  4335  3596  3744  2948  4222  4587  2886
BHR09A  1980  2878  2282  3069  3517  3032  2085  1839  2995  3178  3721
BHR09A  1990  2005  1518  2022  1922  1719  1486  3244  3091  2567  2728
BHR09A  2000  2234  4716  3998  1417  1473  1556  1295  1316  1817  4294
BHR09A  2010  4886  1966  1591  1399  1058   977   822  1140 -9999
