GWQA01A 1930   814   715   687   425   411  1318  1140  1543  1356  1240          
GWQA01A 1940  1060  1377  4117  4501  2531  4276  4123  3218  3437  3549          
GWQA01A 1950  2544  3112  1813  2336  1472  2441  2919  1616  2444  1699          
GWQA01A 1960  2251  2608  2284  2220  1671  1382  2047  2078  3267  2600          
GWQA01A 1970  3234  2759  2660  2587  2142  2337  2659  1445  3166  2825          
GWQA01A 1980  2496  2791  2984  2087  1276  2128  3343  2365  2077  3237          
GWQA01A 1990  2291  2146  2594  4389  3371  3276  3387  3997  4374  3825          
GWQA01A 2000  3133  2987  2958  3927  3261  2773  3316  2293  4400  2795          
GWQA01A 2010  4055  3403  2074 -9999                                              
GWQA01B 1930   719   638   438   487   517  1235   960  1746  1688  1641          
GWQA01B 1940  1356  1525  3958  4794  2773  4428  4071  3899  2619  3199          
GWQA01B 1950  3379  2372  1806  1906  2032  2580  2235  2520  2617  2239          
GWQA01B 1960  2086  2978  2479  2614  2105  1849  2062  2427  2423  4295          
GWQA01B 1970  3116  3527  3099  3441  2661  4405  2692  1925  2897  3302          
GWQA01B 1980  3421  4304  3470  2775  2581  3081  4567  3906  2420  4206          
GWQA01B 1990  4657  3828  4524  6280  3499  5283  4212  5342  5458  3957          
GWQA01B 2000  6048  5528  4719  5545  2881  3319  4467  3484  5859  4439          
GWQA01B 2010  4168  4447  2808 -9999                                              
GWQA02A 1942  5176  4584  2784  5229  4490  4874  3965  4914                      
GWQA02A 1950  6397  7131  5191  5761  2478  6475  6241  6075  6881  3112          
GWQA02A 1960  7132  7259  7045  4950  3970  3586  3191  2531  5850  6240          
GWQA02A 1970  5711  3343  4661  4979  3567  6403  2859  2006  4726  4064          
GWQA02A 1980  5550  3867  4172  2054  2223  3370  4207  3930  2073  4287          
GWQA02A 1990  3280  3809  4520  4801  3225  2841  2487  3059  5705  2781          
GWQA02A 2000  4425  3290  3311  3872  3216  2340  3531  1970  3680  2576          
GWQA02A 2010  4361  4041  2019 -9999                                              
GWQA02B 1946  4852  3568  5148  6886                                              
GWQA02B 1950  6762  6993  4562  6538  2190  5720  6824  4975  9837  3581          
GWQA02B 1960  5473  4513  7037  5467  4245  3206  2940  3423  6202  6216          
GWQA02B 1970  4893  3129  4321  6626  3918  4607  3086  2397  5798  3490          
GWQA02B 1980  5617  4960  4480  1978  2035  3011  4238  4224  2275  5623          
GWQA02B 1990  5644  3751  4009  5441  3556  2943  2256  2807  7242  4008          
GWQA02B 2000  4035  4093  3136  4593  4283  3368  3870  2392  5250  3687          
GWQA02B 2010  4745  4140  2647 -9999                                              
GWQA03A 1956  4969  7541  9723  4941                                              
GWQA03A 1960  7006  6287  3834  4135  4048  4007  4014  3578  4941  7105          
GWQA03A 1970  5934  4858  4010  4719  3477  3956  5537  2322  6044  4535          
GWQA03A 1980  4264  5015  5331  4483  4138  4031  3950  3012  1970  4855          
GWQA03A 1990  5730  5390  6178  6469  5521  5010  3916  5386  5985  5429          
GWQA03A 2000  5362  6491  4236  5928  6425  3781  5875  3757  6169  4837          
GWQA03A 2010  4526  5989  2347 -9999                                              
GWQA03B 1946  6787  7535  7729  6988                                              
GWQA03B 1950  6640  7383  4449  7129  5348  7739  6663  7634  8325  5497          
GWQA03B 1960  6637  4786  6128  4789  4430  3614  2872  2769  3729  4726          
GWQA03B 1970  4080  4142  4603  6999  3709  5605  3405  2448  3998  3978          
GWQA03B 1980  4354  2980  3564  2295  2611  2327  2467  2751  1876  2690          
GWQA03B 1990  3363  3484  4151  4889  3216  3792  2902  3404  5888  5096          
GWQA03B 2000  3623  4973  2996  4449  5376  3593  4656  3146  3517  2744          
GWQA03B 2010  3182  4129  2296 -9999                                              
GWQA04A 1897  1340  1235  1963                                                    
GWQA04A 1900  4014  2132  4055  3341  3186  2502  3108  2815  2233  1768          
GWQA04A 1910  1683   835  1900  1684   940  2437  1711  1342   887  1216          
GWQA04A 1920  1089  1015  1614  1857   708  2348  6364  4659  4235  3421          
GWQA04A 1930  3266  4601  4419  2127  1818  4282  2556  4380  3744  3524          
GWQA04A 1940  1707  2201  3821  3577  2746  2576  1466  1787  2149  2305          
GWQA04A 1950  2444  2631  2203  1809  1445  2237  2180  2577  2338  1760          
GWQA04A 1960  2143  2325  2083  2442  1708  1569  1583  1295  1704  2198          
GWQA04A 1970  2181  2166  2188  2358  2412  2449  1998  1450  1925  1429          
GWQA04A 1980  1869  1332  2148  1163   571  1143  1080  1107   943  1412          
GWQA04A 1990  1169  1673  2183  2328  1777  1973  1337  1666  1981  2851          
GWQA04A 2000  2706  2007  1754  1087  1259  1497  1811  1772  2318  2518          
GWQA04A 2010  3021  3132  2007 -9999                                              
GWQA04B 1887   151   859  1080                                                    
GWQA04B 1890   473  1483  1481  1198  1594  1405  2367  1799  1209  1354          
GWQA04B 1900  1934  1920  2728  2568  2752  1997  2011  1473  1148   989          
GWQA04B 1910  1055   694  1167   889   727  1466  1313  1069   729  1060          
GWQA04B 1920  1084  1006  1423  1406   458  1521  4385  3978  3246  3572          
GWQA04B 1930  2722  3913  4029  2186  2096  4042  2116  3680  2549  2655          
GWQA04B 1940  1518  1894  3073  2743  2105  2128  1400  1675  1981  2046          
GWQA04B 1950  2602  2429  1531  1601  1158  1232  1796  1988  1824  1433          
GWQA04B 1960  2172  1705  1811  2122  1412  1217  1116  1040  1422  1872          
GWQA04B 1970  1683  1668  1968  1983  1851  2259  1543  1441  1708  1286          
GWQA04B 1980  1584  1226  1690   988   846  1066  1196   938   750  1783          
GWQA04B 1990  1310  1674  2113  1899  1805  1716  1204  1859  2093  2140          
GWQA04B 2000  2624  1926  1553  1072  1236  1160  1534  1526  2369  2401          
GWQA04B 2010  2626  3085  1911 -9999                                              
GWQA05A 1937  6932  5460  3959                                                    
GWQA05A 1940  3317  3670  6103  5242  1826  3021  2689  3285  3454  2660          
GWQA05A 1950  3085  3407  2023  1956  1496  2117  2398  2339  1891  1689          
GWQA05A 1960  2219  1210  1470  1576  1775  1790  2112  2442  2060  2034          
GWQA05A 1970  1513  2303  1913  2293  2632  3152  2335  1203  1963  1187          
GWQA05A 1980  1407  1966  2078  1544  1418  1766  1563  2015  1086  2123          
GWQA05A 1990  1465  2053  2179  2763  1784  1680  1111  1473  1466  1904          
GWQA05A 2000  1682  1775  1803  1701  1596  1699  1856  1515  1639  1761          
GWQA05A 2010  1316  2114  1427 -9999                                              
GWQA05B 1928  3018  3517                                                          
GWQA05B 1930  3184  5293  5095  3563  2697  5764  2902  6558  5268  3935          
GWQA05B 1940  5723  6878  7668  4334  2968  3556  2641  2249  2458  2582          
GWQA05B 1950  2293  2043  1543  1921  1322  2368  1625  1971  1650  1297          
GWQA05B 1960  2159  1562  1303  1356  1285  1280  1459  1497  1614  1731          
GWQA05B 1970  1216  1204  1991  2229  1877  1896  1780  1505  1777  2139          
GWQA05B 1980  1384  1825  2348  1557  1567  1635  1527  1561  1012  2294          
GWQA05B 1990  1953  2214  2099  2762  2004  2459  2082  2060  1735  2302          
GWQA05B 2000  2585  3064  2529  2815  2007  2499  2347  1871  2463  2394          
GWQA05B 2010  1575  2758  1321 -9999                                              
GWQA06A 1895   469  1317  1093  1862   942                                        
GWQA06A 1900  1122   965  1201  1238  1434  1846  4683  2483  2922  3104          
GWQA06A 1910  2574  1239  2453  2038  1149  2006  1538  1548   973  1450          
GWQA06A 1920  2478  2161  2230  1970  1294  1019  1647  1686  1900  2420          
GWQA06A 1930  2120  2000  1587  1052  1391  1727  1591  2536  3353  2673          
GWQA06A 1940  1766  2238  3824  2799  1340  3059  2296  2555  2490  2358          
GWQA06A 1950  1805  2052  1454  2070  1231  2570  3189  4089  3592  2098          
GWQA06A 1960  2603  2425  2720  2689  1824  2294  1843  2067  2243  2258          
GWQA06A 1970  2309  1903  1906  2152  1845  2289  1845  1359  2388  1478          
GWQA06A 1980  1736  1608  1620  1365  1487  2127  1502  1632  1167  2114          
GWQA06A 1990  1638  1867  2162  2763  2197  2205  1808  1701  2273  2288          
GWQA06A 2000  2300  2467  1752  1931  1917  2009  2293  1304  1350  1237          
GWQA06A 2010  1249  1358  1675 -9999                                              
GWQA06B 1932  4813  2317  1438  4520  3000  4139  5472  3839                      
GWQA06B 1940  4471  5111  8471  3783  2721  4305  4586  4600  4266  4742          
GWQA06B 1950  5913  4903  2981  4464  3293  4405  5522  5884  4991  4000          
GWQA06B 1960  3641  4304  5421  4698  4163  4067  3732  3264  3859  3926          
GWQA06B 1970  5287  3955  3905  3266  3592  3890  3037  2724  3341  2260          
GWQA06B 1980  2232  2342  2267  1489  1701  2432  2054  2552  1594  2000          
GWQA06B 1990  1656  1812  1634  1453  2176  2424  1242  1866  1410  2312          
GWQA06B 2000  2406  3077  2274  1993  2115  1867  2311  1315  1719  1400          
GWQA06B 2010  1638  1519  1244 -9999                                              
GWQA07A 1885   447   572   580  1344  2272                                        
GWQA07A 1890  1572  1836  2321  1529  2470  2400  4926  4418  3353  3287          
GWQA07A 1900  4659  3301  3895  3559  2430  4480  3606  4157  3627  3039          
GWQA07A 1910  3823  1483  2452  2864  1683  2045  1700  1842   997  1016          
GWQA07A 1920   641   447  1776  1455   916   696   955   488   451   794          
GWQA07A 1930   273   543   355   432   532   894   389   801   694   599          
GWQA07A 1940   294   426   734   650   653  1746  1930  1809  1838  2118          
GWQA07A 1950  2770  2612  2221  2515  1347  2772  3299  3848  4256  3918          
GWQA07A 1960  4966  5881  5004  4910  4040  3517  3546  4175  4203  5230          
GWQA07A 1970  3543  2949  3670  3887  3167  3911  4301  2386  3522  2967          
GWQA07A 1980  4526  2400  2593  2538  2190  2182  2670  2689  2010  2941          
GWQA07A 1990  2530  2209  3237  3491  3365  3002  1792  2211  2965  3477          
GWQA07A 2000  3505  2844  1560  2453  2080  2038  2619  2663  2736  2998          
GWQA07A 2010  3412  3691  3397 -9999                                              
GWQA07B 1946  1044   851   603   748                                              
GWQA07B 1950  1182   952  1113  1491  1134  2465  2117  2191  2931  2181          
GWQA07B 1960  2945  3127  3261  3700  2391  1880  2609  2627  3358  2722          
GWQA07B 1970  2822  2526  2424  2748  2971  2569  2419  1392  1974  2024          
GWQA07B 1980  3143  1852  1898  2204  1974  1809  2319  2398  1442  2528          
GWQA07B 1990  2285  2145  3480  3810  2035  2159  1437  2227  3358  3037          
GWQA07B 2000  3468  3267  2805  2608  2050  2405  2898  2026  3041  2487          
GWQA07B 2010  3333  3617  2935 -9999                                              
GWQA08A 1898  5115  3365                                                          
GWQA08A 1900  5164  4231  4275  3852  3949  3477  2367  3085  2601  2695          
GWQA08A 1910  2553  1229  3237  1539   917  2427  2054  1435  1456  1527          
GWQA08A 1920  1349  1921  2288  2561  1522  1264  1775   933  2923  1952          
GWQA08A 1930  2935  2669  3549  4574  3309  6330  3729  6063  5599  5361          
GWQA08A 1940  6607  6143  8477  3550  6592  6430  5167  4300  4944  4122          
GWQA08A 1950  2765  4630  2926  4050  2599  5242  4148  3796  3366  2532          
GWQA08A 1960  3852  2735  2119  2155  2866  2716  2495  1921  2084  1974          
GWQA08A 1970  1816  1829  2315  2375  1602  2627  2083  1439  2463  1482          
GWQA08A 1980  2242  1551  2589  1345  1129  1725  1668  1949  1949  3062          
GWQA08A 1990  2863  1868  2111  1862  1548  1397  1222  1923  2541  2226          
GWQA08A 2000  2426  2500  1608  1826  1924  1514  1794  1297  2232  1779          
GWQA08A 2010  1770  2501  1261 -9999                                              
GWQA08B 1912  3516  1986  1246  2254  1750  2217  1777  1369                      
GWQA08B 1920  1380  1791  1839  1764  2786  7177  7800  4326  4259  4169          
GWQA08B 1930  2631  4099  3902  3189  3607  7602  3837  8717  5029  4653          
GWQA08B 1940  4701  3931  8722  5142  2557  4763  3838  3942  5426  5300          
GWQA08B 1950  5134  3599  3071  4366  2636  3765  4630  4904  3783  1845          
GWQA08B 1960  3671  3878  4239  3403  2483  1998  1815  1659  2854  2903          
GWQA08B 1970  3144  2444  2705  1410  1969  4525  2722  1802  3844  2006          
GWQA08B 1980  3170  2399  2757  1445  1064  1446  1529  2262  1428  3144          
GWQA08B 1990  3610  2674  3158  2840  1633  1582  1258  1258  2100  2843          
GWQA08B 2000  3002  3069  2894  2547  2515  2428  2591  1628  2432  2318          
GWQA08B 2010  2110  3332  1554 -9999                                              
GWQA09A 1866   563   460   422   592                                              
GWQA09A 1870   252   437   657   334   321   436   389   604  1260   961          
GWQA09A 1880  2197   940  1091  1162  1770  1668  1956  1143  1508  2928          
GWQA09A 1890  1713  2129  2292  1978  1857  1097  4937  3396  2953  2228          
GWQA09A 1900  2532  2196  2610  2625  2118  2277  1942  1263  1100  1172          
GWQA09A 1910  1686  1897  3689  3191  2329  3023  2991  3102  2863  2606          
GWQA09A 1920  2682  4041  4572  2973  4126  5442  6486  5016  5389  5714          
GWQA09A 1930  5421  5900  3721  2158  1668  3850  2865  5829  6286  3209          
GWQA09A 1940  1688  2874  6783  6751  3503  3847  3783  4352  3276  3335          
GWQA09A 1950  3201  2633  2259  3164  1813  1980  3006  2191  1748  1391          
GWQA09A 1960  1840  1750  1937  1814  1309  1561  1152  1204  1327  1410          
GWQA09A 1970  1349  1279  1088  1428  1440  1046  1008   961  1122  1027          
GWQA09A 1980  1263  1120  1037  1095   867  1026   938   857   793   956          
GWQA09A 1990  1362  1552  1005  1487  1373  1296   927  1107  1268  1093          
GWQA09A 2000  1047  1068   956  1394  1494  1095  1044  1000  1092   968          
GWQA09A 2010  1227  1178   986 -9999
GWQA09A 1866   563   460   422   592                                              
GWQA09A 1870   252   437   657   334   321   436   389   604  1260   961          
GWQA09A 1880  2197   940  1091  1162  1770  1668  1956  1143  1508  2928          
GWQA09A 1890  1713  2129  2292  1978  1857  1097  4937  3396  2953  2228          
GWQA09A 1900  2532  2196  2610  2625  2118  2277  1942  1263  1100  1172          
GWQA09A 1910  1686  1897  3689  3191  2329  3023  2991  3102  2863  2606          
GWQA09A 1920  2682  4041  4572  2973  4126  5442  6486  5016  5389  5714          
GWQA09A 1930  5421  5900  3721  2158  1668  3850  2865  5829  6286  3209          
GWQA09A 1940  1688  2874  6783  6751  3503  3847  3783  4352  3276  3335          
GWQA09A 1950  3201  2633  2259  3164  1813  1980  3006  2191  1748  1391          
GWQA09A 1960  1840  1750  1937  1814  1309  1561  1152  1204  1327  1410          
GWQA09A 1970  1349  1279  1088  1428  1440  1046  1008   961  1122  1027          
GWQA09A 1980  1263  1120  1037  1095   867  1026   938   857   793   956          
GWQA09A 1990  1362  1552  1005  1487  1373  1296   927  1107  1268  1093          
GWQA09A 2000  1047  1068   956  1394  1494  1095  1044  1000  1092   968          
GWQA09A 2010  1227  1178   986 -9999                                              
GWQA09B 1900  1950  1662  1602  1430  1471  1132  1011   861   786  1232          
GWQA09B 1910  1455   893  3005  2632  1101  2340  2150  1836  1277  1819          
GWQA09B 1920  2022  1663  3729  2386  2990  7922  9265  7133  6156  5575          
GWQA09B 1930  5159  4151  2454  1908  2805  7616  3766  7367  5996  4243          
GWQA09B 1940  2787  3938  8063  7197  4010  3913  3215  3916  3873  3717          
GWQA09B 1950  3638  2097  2326  3975  2176  1986  2625  2408  2579  1903          
GWQA09B 1960  2976  2858  2857  2528  2168  2059  1916  1360  2284  2200          
GWQA09B 1970  2348  2358  1578  2308  1910  1581  1508  1252  1744  1497          
GWQA09B 1980  2214  1691  1824  1365  1088  1267   662  1012   914  1578          
GWQA09B 1990  1910  2069  1804  2096  1295  1662   935  1602  1949  1730          
GWQA09B 2000  2184  1846  1635  2338  1816  1685  1837  1284  2094  1530          
GWQA09B 2010  2216  2007  1394 -9999                                              
GWQA10A 1926  2723  1990  2515  3702                                              
GWQA10A 1930  3680  4780  4658  3305  2995  6098  3714  6904  6341  4791          
GWQA10A 1940  4121  5026  7779  7532  3203  3973  3768  3443  3091  3553          
GWQA10A 1950  2091  2405  1877  1743  1711  1738  2430  2433  1914  1822          
GWQA10A 1960  1892  3044  1192  2382  2483  2406  2464  2269  2598  2994          
GWQA10A 1970  2591  2457  2129  2466  2020  2064  1990  1553  1861  1197          
GWQA10A 1980  1878   475   674   669   789  1501  1160  1967  1661  2062          
GWQA10A 1990  2096  1541  1184  2201  1135  1853  1663  1677  1995  1668          
GWQA10A 2000  2134  1943   959  1133  1234  1414  1552  1512  1749  1427          
GWQA10A 2010  1496  2064  1419 -9999                                              
GWQA10B 1925  1750  4048  3493  3939  3949                                        
GWQA10B 1930  3849  4250  3434  2515  2708  4958  2764  4373  4764  2687          
GWQA10B 1940  4437  4880  6531  3299  2346  2454  2292  2000  1537  1734          
GWQA10B 1950  2305  2394  1705  1933  1426  1422  2041  1563  2184  2398          
GWQA10B 1960  2396  3062  2795  2540  2592  2363  2068  2410  3245  2938          
GWQA10B 1970  2725  2736  2277  3384  2533  2886  2425  1828  2554  1868          
GWQA10B 1980  2310  1437  1660  1531  1233  1734  1411  1968  1419  1818          
GWQA10B 1990  2003  1537  1511  2086   689  1234  1160  1400  1729  1785          
GWQA10B 2000  1593  1480   588   682   744   771   948   695  1273   860          
GWQA10B 2010   853  1145   703 -9999                                              
