HEO01A  1899  2184                                                                
HEO01A  1900  2471  1933  1219  2175  2205  1610   721  1506   496   834          
HEO01A  1910  1813  1348  1696  1140   814  2741  1595  1828  1319   633          
HEO01A  1920  1612  1369  1610  1954  2260   997  1409  2197  1875  1650          
HEO01A  1930  1061   812  1635  1317  1625  1608  1430   935  4022  3497          
HEO01A  1940  3953  4082  4639  1568  1107  3123  3453  2414  2612  2651          
HEO01A  1950  2916  2128  2382  2434  2081  2326  3398  1565  3021  2810          
HEO01A  1960  4088  1402  3023  2305  2853  2128  2457  1160  3458  1361          
HEO01A  1970  3355  2747  1817  3213  2135  1969  1818  2873  1303  1791          
HEO01A  1980  1251   798  1475  1260   680   984  2407  1551  2018  1700          
HEO01A  1990  1941  1209  1968  2052  2025  2211  2352  1501  2477  1820          
HEO01A  2000  2554  2326  3338  1911  3608  2308  3439  1686  1321  1333          
HEO01A  2010  1520   890   681   623   628   811  1170 -9999                      
HEO01B  1886   460   433   240   768                                              
HEO01B  1890   926   354  1213   910  1173  1531  1308   518   857  1465          
HEO01B  1900  1372  1668  1520  1765  1537  1745  1175  1815   646  1185          
HEO01B  1910  2213  2438  2766  1070   436  1539  1297  1254   998   836          
HEO01B  1920  1733   974  1230  1189  1193   800  1052  2558  1707  1673          
HEO01B  1930  1290  1006  2106  1993  2141  2233  1355   935  3801  2841          
HEO01B  1940  1641  1045  2405  2073  1012  3710  4203  3567  3440  3215          
HEO01B  1950  3513  2599  2410  1467  1371  1434  2336  1417  2160  1557          
HEO01B  1960  1970   635  2103  1728  1845  1503  1706  1018  1369   858          
HEO01B  1970  1254  1999  1607  3420  2440  2302  1906  2491  1275  1158          
HEO01B  1980  1028   494   724   798   650   665  1081  1060   953   937          
HEO01B  1990  1162   786  1761  1551  1594  1355  1672  1300  1847  1375          
HEO01B  2000  1758  1817  2387  1298  2165  1673  1425  1047  1046  1302          
HEO01B  2010  1507   952   682   703   860  1276  1595 -9999                      
HEO02A  1810   270   288   320   363   410   170   195   315   313   282          
HEO02A  1820   259   193   191   264   239   152   131   460   877   489          
HEO02A  1830   629   524   602   409   352   802   953   845   594   542          
HEO02A  1840   753   622  1588   616   964   864   827  1060   731   850          
HEO02A  1850   333   428   533   590   550   332   405   375   432   264          
HEO02A  1860   181   254   567   606   638   360   582   608   616  1208          
HEO02A  1870  1361   778   432   672   504   955  1174   487  1169   900          
HEO02A  1880  1103   650  1376  1326   480   969   452   574   329  1568          
HEO02A  1890  1624   613  1628  1943  1605  1345  1246  1268   879  2121          
HEO02A  1900  1809  1978  1635  1970  2132  3004  1462  2248  1227  1214          
HEO02A  1910  2014  1832  1592  1184   881  1228  1623  1653  1065  1396          
HEO02A  1920  2055  1508  1137  1345  1451  1451  1188  1735  1685  1566          
HEO02A  1930  1699  1135  1183  1198   998  1478   912   501  1700  1039          
HEO02A  1940  1197   784   904  1205  1042   844  1639  1433  1028  1558          
HEO02A  1950  1809  1341  1314   889   934  1143  1330  1279  1396  1341          
HEO02A  1960  2171  1001  1568  1352  1289  1137   967  1061  1244   960          
HEO02A  1970  1529   763   931  1268  1120   906  1176   821   995  1013          
HEO02A  1980  1039   361   342   734   507   787   504   746   810   955          
HEO02A  1990   785   919  1172  1387  1145  1031  1430  1347  1789  1944          
HEO02A  2000  3057  1968  2546  1629  3634  2118  2020  1349  2169  1776          
HEO02A  2010  3291   919  1088  1446  2674  3479 -9999                            
HEO02B  1902  2552  2980  2309  2766  1751  2927  2647  2594                      
HEO02B  1910  3735  2020  2796  1676  1336  2192  1984  1546  1248  1372          
HEO02B  1920  2202  2192  1304  1736  2249  1914  1388  1845  1895  1870          
HEO02B  1930  1504  1057  1584  1082   937  1150  1205   601  1414  1130          
HEO02B  1940  1198   853  1479  1226   720  1099  1596  2144  1358  1387          
HEO02B  1950  1201  1224   875   440   632   798   963  1131   926  1172          
HEO02B  1960  1817  1187  1340  1286  1243  1321   911   951  1052  1039          
HEO02B  1970  1191   714   822   939   873   652   801   743   834   500          
HEO02B  1980   570   203   257   400   372   404   376   493  1023   765          
HEO02B  1990   576   557   706  1015   936  1045   933  1206  1413  1751          
HEO02B  2000  2003  1635  1581  1164  2250  1914  1734  1035   998   976          
HEO02B  2010  1867   909   772   613  1275  1898  2284 -9999                      
HEO03A  1753   548   711   386   507   387   592   471                            
HEO03A  1760   348   303   229   752   506   241   206   179   253   248          
HEO03A  1770   434   496   239   206   506  1135   771   261   396   651          
HEO03A  1780   559   528   530   271   288   248   243   550   450   537          
HEO03A  1790   431   342   309   335   551   245   199   620   500   449          
HEO03A  1800   312   330   562   633   621   455   343   294   279   350          
HEO03A  1810   632   578   395   453   483   219   501   650   652   725          
HEO03A  1820   264   220   410   520   251   214   262   532   970   665          
HEO03A  1830   820   380   764   849   647  1644   965   539   648   639          
HEO03A  1840   528   568   755   535   619   748   441   338   378   704          
HEO03A  1850   605   955   647   645   989   551   724   676   696   473          
HEO03A  1860   826   632   747   777   739   613   971   986  1052  1555          
HEO03A  1870   745   529   895   569   571   902  1340   822  1377   938          
HEO03A  1880  1230   791  1131  1675  1146   837   735   692   506  1283          
HEO03A  1890  1600   916  1255  1062   863   683  1033  1176   876  1187          
HEO03A  1900   966  1360   704  1726  1542  1577  1345  1364  1074   921          
HEO03A  1910  1452  1163  1564  1256   884  1829  1650  1124   911   887          
HEO03A  1920  1014   846  1185  1310  1886  1171  1013  1403  1481  1503          
HEO03A  1930  1218   995  1206   970   709  1299   847   510  1468  1016          
HEO03A  1940  1091   665   606   805   647   757  1219  1812  1160  1168          
HEO03A  1950  1211  1734   973   942   566   681   856  1257  2000  1717          
HEO03A  1960  2208  1997  2000  1662  1869  1861  1605  1020  1383  1706          
HEO03A  1970  2054  2123  1675  1961  2249  1892  1935  1551  1533  1487          
HEO03A  1980   899   572  1387  1275   633   759  1288  1463  1057  1402          
HEO03A  1990  1477   889  1513  1411  1433  1626  1969  1323  1657  2208          
HEO03A  2000  1985  1632  1696  1273  1722  2449  2487  2286  1673  1255          
HEO03A  2010  1542  1456   832  1227  1440  1977  1976 -9999                      
HEO03B  1780  1083   959   887   268   374   357   667   936   887   719          
HEO03B  1790   615   506   563   852   755   263   259   624     0  1064          
HEO03B  1800   950   608   561   621   691   662   548   427   515   361          
HEO03B  1810   659   754   511   412   509     0   644   442   697   664          
HEO03B  1820   937   910   527   534   425   668   428   712  1389  1198          
HEO03B  1830  1459   916  1223   914   764  1427  1108   741   917  1165          
HEO03B  1840   978   686  1437   774   995  1283   669   485   772  1216          
HEO03B  1850   735  1504  1002   983  1341   726   890   877   709   530          
HEO03B  1860   643   583   622   662   579   497   689   568   743   927          
HEO03B  1870   516   388   523   370   415   638   722   618   919   657          
HEO03B  1880  1029   772   827  1429   977   807   669   589   436  1098          
HEO03B  1890  1060   996   955  1036   747   639   797   919   717   936          
HEO03B  1900   872  1077   551  1177  1568  1539  1219  1447  1021   761          
HEO03B  1910  1382   877  1177   955   933  1556  1675  1203   717   683          
HEO03B  1920   711   640   801   975  1464   984   969  1823  1303  1472          
HEO03B  1930  1110   864  1046   892   780  1114   719   502  1135   768          
HEO03B  1940  1064   542   550   849   531   632   912  1248   894   895          
HEO03B  1950   843  1215  1147   865   597   899   846  1178  1398  1299          
HEO03B  1960  1595  1296  1670  1291  1407  1093  1032   885   885  1480          
HEO03B  1970  1740  1649  1342  1228  1663  1521  1311  1404  1483  1382          
HEO03B  1980   932   745  1402  1424   504   748   891   956   767   765          
HEO03B  1990  1034   923  1336  1419  1132  1513  1780  1204  1679  2546          
HEO03B  2000  2966  2161  2367  1605  1325  2169  2344  1882  1623  1574          
HEO03B  2010  2423  2217  1276  1166  1453  1808  2628 -9999                      
HEO04A  1919  1560                                                                
HEO04A  1920  1768  1347  1144  1120  1223  1027  1209  1667  2001  1919          
HEO04A  1930  1322   900  1693  1279   988  1687   796   713  4071  2092          
HEO04A  1940  2385  2019  3199  2225   670  1521  2843  3157  1262  1979          
HEO04A  1950  1986  1033  1212   983  1001  1527  1466  1475  2204  1449          
HEO04A  1960  1821  1172  2421  3123  3646  3014  3438  2808  4020  1601          
HEO04A  1970  2457  1517  1750  3089  3140  3236  2654  2849  2359  2792          
HEO04A  1980  1502   479  1950  1960   441  1945  2735  2310  1484  2068          
HEO04A  1990  1859  1290  2111  1529  2176  1875  2622  2154  3081  2370          
HEO04A  2000  3806  2473  4618  2808  3827  2084  4088  2978  1761  1327          
HEO04A  2010  1471   996  1136   926  1780  2374  3493 -9999                      
HEO04B  1852  1390  1037   789   593   532   621   488   356                      
HEO04B  1860   249   349   541   283   274   105   151   176   184   173          
HEO04B  1870   155   104   105   153   153   217   137   205   178   162          
HEO04B  1880   225   254   268   216   321   179   297   409   356   444          
HEO04B  1890   401   247   381   351   287   333   298   378   149   765          
HEO04B  1900   914   932   825  1136   907   908   425   791   475   442          
HEO04B  1910  1057   652   853   461   380  1253  1354   960   738   554          
HEO04B  1920   707   630   638   770   972   619   878  1336  1135   953          
HEO04B  1930   895   667   919   794   771  1216   663   640  2513  1113          
HEO04B  1940  1697  1437  2310  1792   593   880  2308  2090  1130  1316          
HEO04B  1950  1567   734   887   842  1038  1824  1281  1023  1808  1398          
HEO04B  1960  1936   916  2113  2954  3070  2296  2902  2882  3779  1538          
HEO04B  1970  2900  1713  1620  2618  2751  1886  2621  2460  1941  3628          
HEO04B  1980  2270   670  2601  2222   539  3253  3476  2134  1654  2153          
HEO04B  1990  2035  1547  2464  2095  3211  2320  3091  2577  3464  2550          
HEO04B  2000  3758  2034  2941  1946  2383  1838  4175  1935  1373  1308          
HEO04B  2010  1295   904   909   849  1659  2395  2566 -9999                      
HEO05A  1890  2216   821  1844  1110   924   819   996   830  1069  2124          
HEO05A  1900  1471  1674  1459  2388  2158  1267   724  1085   827   955          
HEO05A  1910  1488   747   987   620   438   819   917  1439  1708  1931          
HEO05A  1920  2024  1373  1594  1319  1062   514   684   779  1057  1038          
HEO05A  1930  1120   755  1239  1039  1089  1445   903   696  2567  1406          
HEO05A  1940  1994  1582  2606  1774   891  1377  1569  1853  1561  1953          
HEO05A  1950  1398  1171   747   658  1228  3415  2734  3583  2801  2679          
HEO05A  1960  3212   806  3139  1813  3247  2514  1328  1374  2330  1239          
HEO05A  1970  1662  1677  2148  3256  2582  1535  2426  1937  1968  2467          
HEO05A  1980  1876   579  1396  1532  1080  2890  1933  3192  2314  3339          
HEO05A  1990  3020  1766  2707  3478  3106  3095  1981  2658  2408  3771          
HEO05A  2000  2765  2167  4592  3079  2800  1916  2041  1185  2277  3158          
HEO05A  2010  2570  3844  1072  1815  2142  1771  3458 -9999                      
HEO05B  1927  1582  1180  1142                                                    
HEO05B  1930   998   418   866   630   510   835   432   546  2084  1122          
HEO05B  1940  2816  2773  3514  1680   809  1079   998   544   561   989          
HEO05B  1950  1310  1367   967   580  1128  2711  1937  2316  2593  2126          
HEO05B  1960  3392  1631  1882   934   988  1755  2121  2650  2596  2387          
HEO05B  1970  3259  2429  2172  2541  2056  2494  2846  2032  2245  2485          
HEO05B  1980  1885   834  2892  2008   993  4178  2846  3408  1509  3075          
HEO05B  1990  3290  2731  5352  3660  3697  3419  1786  3649  3617  5770          
HEO05B  2000  5879  2694  4013  4181  5734  4530  6329  3464  3326  4352          
HEO05B  2010  2839  3646  2635  4342  3915  4416  5826 -9999                      
HEO06A  1852   688   595   732   995   983  1309   752   503                      
HEO06A  1860   592   640   421   561   536   465   614   561   470   757          
HEO06A  1870   638   383   383   199   249   233   287   324   419   299          
HEO06A  1880   417   449   485   790   317   594   310   272   184   211          
HEO06A  1890   408   304   329   309   254   472   312   320   372  1063          
HEO06A  1900  1147   976   622  1330  1660  1644   859  1546  1785  1435          
HEO06A  1910  2510   490   993   984   700  1710  1679  1450  1447   884          
HEO06A  1920  1402  1352  1321  1641  1939  1167  1361  1777  1644  1384          
HEO06A  1930  1827   990  1335  1022   714  1123   871   987  2370  1076          
HEO06A  1940  1504  1901  3101  2126   924  2502  2850  2305  1770  1888          
HEO06A  1950  1579  1537  1289   912  1079  1220  2082  2300  2593  2504          
HEO06A  1960  3072  2496  2898  3267  2884  2343  3172  8428  4338  5452          
HEO06A  1970  3825  3335  2027  3666  1939  1328  1849  2365  1442  1595          
HEO06A  1980  1216   502   475   739   594   705   939   873   840  1150          
HEO06A  1990  1371  1001   803  1011  1344  1497  1266  1480  2461  1943          
HEO06A  2000  3193  1748  3996  2367  3920  2794  5315  2853  1825  2388          
HEO06A  2010  1721  1056  1415   881  1317  3243  4723 -9999                      
HEO06B  1911   604  1392  1255  1152  2519  3095  1827  1759   896                
HEO06B  1920  1565  1323  1446  1621  1774  1627  1997  2906  2204  1451          
HEO06B  1930  1589   767  1281   943   787   929   601  1013  2290   813          
HEO06B  1940  1124  1427  2414  1724   916  1417  2198  1995  1651  1843          
HEO06B  1950  1425  1360  1331  1037  1260  1227  1971  1699  2368  2071          
HEO06B  1960  2459  1882  1495  1999  2620  1822  2117  1550  2495  1274          
HEO06B  1970  1366  1698  1026  1927  1100  1233  1510  1413  1173  1072          
HEO06B  1980   940   413   365   572   633   754   853   746   704   907          
HEO06B  1990  1055   744   813  1266  1621  1657  1143  1392  1511  1718          
HEO06B  2000  2547  1635  2511  1843  2946  2087  2088  1805  1531  1996          
HEO06B  2010  1398   804  1209   946  1812  2865  5074 -9999                      
HEO07A  1857   461   577   244                                                    
HEO07A  1860   220   207   209   240   321   344   285   282   285   336          
HEO07A  1870   217   159   152   189   294   555   739   718   944   401          
HEO07A  1880   440   426   634   444   414   386   224   215   172   125          
HEO07A  1890   276   281   984   708   512   544   312   695   324   463          
HEO07A  1900   286   363   206   387   430   397   408   434   561   419          
HEO07A  1910   560   360   458   544   295   505   517   843   915  1196          
HEO07A  1920  1611  1104  1165  1014  1109   899   845  1575  1934  1401          
HEO07A  1930  1304   891  1125   918   858  1188   871   935  3536  1268          
HEO07A  1940   876   941  1753  1145   647   725  2194  2090  1702  2398          
HEO07A  1950  2827  2146  1554  1111   963  2035  1938  2151  2199  1850          
HEO07A  1960  2633  1106  2285  1828  1172  1380  1398  2380  2659  2445          
HEO07A  1970  2488  2090  1308  2620  3155  1589  2402  1446  1252   855          
HEO07A  1980   824   284   278   722   653   742   931   829   826  1503          
HEO07A  1990  1395  1303  1945  1586  1062  1542   827  1309   890  1676          
HEO07A  2000  3374  2610  3720  2383  4916  2109  4899  1708  2197  3976          
HEO07A  2010  2260  1829  1696 -9999                                              
HEO07B  1884   530   541   385   284   340   456                                  
HEO07B  1890   335   502  1216   892   415   512   576   853   418   654          
HEO07B  1900   595   525   298   695   670   521   453   465   437   423          
HEO07B  1910   387   321   433   491   258   457   562   819  1022  1317          
HEO07B  1920  1559   919  1217  1064  1169   843   739  1576  1604  1219          
HEO07B  1930  1240   790  1220   775   656   804   813   888  2683  1360          
HEO07B  1940   753   715  1364   868   614   461  2166  1907  1359  1488          
HEO07B  1950  2179  1883  1029   768   912  2152  2093  2076  2663  2585          
HEO07B  1960  2561  1306  2579  2139  1240  1466  1090  2085  1950  2342          
HEO07B  1970  2421  1821  1104  1855  2151  1170  2012 -9999                      
HEO08A  1905  1727   687  1056   744   685                                        
HEO08A  1910  1551   629  1288   740   521  1218  1471  1289  1173   783          
HEO08A  1920  1055  1174  1392  1118  1999  1251  1386  1921  1157   982          
HEO08A  1930   933   732  1168  1081  1023  1805  1084  1444  4134  2853          
HEO08A  1940  1331  2528  3126  3209  1161  2515  3790  3154  2398  2425          
HEO08A  1950  2336  1887  1430  1265  1003  1662  2205  1880  2439  2095          
HEO08A  1960  3603  1718  2394  2295  1495  1463  1982  3422  2793  1993          
HEO08A  1970  2587  1406  1159  2297  2330  1478  2443  2205  1385  1194          
HEO08A  1980  1036   356   497   808   878  1516  1041  1512  1292  1750          
HEO08A  1990  1837  1666  2447  1669  1736  2714  2369  1720  2970  2652          
HEO08A  2000  2909  2290  2704  1655  4851  3028  3922  1373  2412  2299          
HEO08A  2010  2737  1438  1772  1005  1547  2387  3011 -9999                      
HEO08B  1879  1070                                                                
HEO08B  1880   843   508   446   871   508   706   366   358   220   271          
HEO08B  1890   580   502   622   753   664   853  1125   820   645  1311          
HEO08B  1900   764   789   831  1455  1231  1320   491   938   467   485          
HEO08B  1910  1668   833  1250   645   629  1396  1166  1101  1059  1032          
HEO08B  1920  1315   818  1116  1111  1469   946  1007  1595  1140  1183          
HEO08B  1930   981   963  1300  1385  1066  1431  1165  1380  4728  2129          
HEO08B  1940  1577  2008  2632  2376  1054  3121  4372  3523  3051  2780          
HEO08B  1950  2683  2313  2052  1362  1466  1776  2460  2020  3599  2223          
HEO08B  1960  4721  2366  2678  2971  2789  1883  2544  3099   750   668          
HEO08B  1970   909  1375   972  2315  1987  1012  1858  1640  1192   894          
HEO08B  1980   837   476   531   942   800  1698  1007   950  1069  1350          
HEO08B  1990  1191  1136  1942  1423  1288  2042  1357  1815  2569  2649          
HEO08B  2000  3322  2416  2796  1299  4319  2712  3372  1859  2390  2114          
HEO08B  2010  1920  1377  1535 -9999                                              
HEO09A  1791  1777  1258  1139  1076   551   533   144   188   328                
HEO09A  1800   520   682   580   460   631   900   865   914   294   643          
HEO09A  1810   848   886  1015   858  1280   443   899  1219  1284  1456          
HEO09A  1820   809   814   884  1362  1007   793   956   393  1477  1197          
HEO09A  1830  2435  2343  3218  1565  1364  2746  2312  1068  1645  1701          
HEO09A  1840  2153  1207  1411  1185  1379  1612  1287  1710  1345  1298          
HEO09A  1850   742   774  1058  1010  1442   809  1036  1038  1112   898          
HEO09A  1860  1518  1098  1070   970   855   782   993   874  1288  1414          
HEO09A  1870   894   715   651   802   697   954  1246  1176  1470  1330          
HEO09A  1880  1477  1035  1282  1917   900  1502   817     0  1094  1158          
HEO09A  1890  1382   683  1033   840   747   688   822   934   677  1015          
HEO09A  1900  1086  1106   790   759  1094   934   560   639   743   671          
HEO09A  1910   905   804   751   711   472  1311  1089  1174   753   865          
HEO09A  1920   668   993   928   905   803   744   789  1490  1144  1340          
HEO09A  1930   988  1026  1380  1049   858  1323   942   757  1461  1116          
HEO09A  1940   931   922  1131   918   816  1681  1608  1359  1321  1081          
HEO09A  1950  1707  1439  1176   888   895   867  1049  1024  1275   977          
HEO09A  1960  2025  1154  1322  1075  1261  1274  1234  1101   947  1075          
HEO09A  1970  1182  1442   740  1177  1999   922  1329  1196  1079   957          
HEO09A  1980   700   394   919   654   566   768   944   868   871  1078          
HEO09A  1990  1570   804  1104  1118   929  1057  1065   996  1319  1022          
HEO09A  2000   975   726   935   805  1283  1237  1295  1116   670   508          
HEO09A  2010   737   775   785   386   522   555   669 -9999                      
HEO09B  1780   829   701   903   334   204   169   130   385   609   806          
HEO09B  1790   753   768   766   563   627   499   409   174   245   427          
HEO09B  1800   576   559   555   373   460   578   702   556   230   773          
HEO09B  1810   799   646   602   557   598   300   720   934   940  1274          
HEO09B  1820   708   546   619  1172   668   644   750   376  1202  1132          
HEO09B  1830  2188  1894  4137  2349   883  1656  1765  1663  1333  1176          
HEO09B  1840  1721  1110  1864  1752  1489  1275  1086  1446  1851  2836          
HEO09B  1850  1187  1065  1030  1239  1543   922  1101  1036  1211  1029          
HEO09B  1860  1175  1040  1376  1495  1362  1074  1140  1003  1227  1094          
HEO09B  1870   752   746   630   715   536   599   856   974  1375   978          
HEO09B  1880  1163   871  1305  1917   969  1338  1094   914     0     0          
HEO09B  1890  1260  1742   726   901   808   575   614   582   998  2416          
HEO09B  1900  2175  1539  1091  1116  1075   854   613   791   851   692          
HEO09B  1910  1028   683   761   677   633  1277  1467  1196   764  1038          
HEO09B  1920   849   692   862  1052   789   734   629  1629  1257  1800          
HEO09B  1930   908   782  1025   781   786   824   787   396   473   531          
HEO09B  1940   588   637  1127   886   708  1531  1994  1614  1190   961          
HEO09B  1950  2391  1140  1431   842   839   842   861  1026  1237  1066          
HEO09B  1960  1641   835  1004   723   937   715   864   721   782   713          
HEO09B  1970   832  1076   773   868  1491   977  1446  1044   964  1076          
HEO09B  1980   994   302   752   754   541   683  1012   839   848   780          
HEO09B  1990   899   520   862   854   771   915   699   849   595   805          
HEO09B  2000   896   659   852   767  1460  1454  1421   836   523   400          
HEO09B  2010   452   367   420   275   363   466   456 -9999                      
HEO10A  1779  1096                                                                
HEO10A  1780  1156  1122   461   582   594   282   197   221   228   288          
HEO10A  1790   357   393   725   790   669   835   764   533   789   376          
HEO10A  1800   343   389   359   444   439   494  1362   620   302   433          
HEO10A  1810   611   781   656   581   856   482   901   913  1321  1548          
HEO10A  1820   868   881   946  1151  1047   897   967   480  1404   971          
HEO10A  1830  1468  1486  1844  1578  1160  1713  1726  1518  1174  1299          
HEO10A  1840  1395   972  1472  1310  1282  1712  1066  1146  1066  1005          
HEO10A  1850   778  1243   958   922   968   805  1029  1021   915   698          
HEO10A  1860  1009  1058  1020  1105  1103   928  1204   881  1115  1206          
HEO10A  1870   781   672   560   590   574   580   923   724  1119   834          
HEO10A  1880   892   621   951   898   770   724   585   523   434  1196          
HEO10A  1890  1450   930  1265  1393  1482  1173  1239  1773  1611  1321          
HEO10A  1900  1805  1396  1839  1291  1993  1505  1677  1759  1275  1751          
HEO10A  1910  1532  1450  1257  1122  1034  1864  2158  1976  1242  1209          
HEO10A  1920  1144  1155   923   798  1152   967   776   996  1157  1051          
HEO10A  1930   996   799   914   921   827  1180   937   624  1754  1204          
HEO10A  1940  1255   853  1260   808   862  1443  1345  2332  1335  1796          
HEO10A  1950  1508  1391  1267   991  1055   947   814  1116  1796  1218          
HEO10A  1960  2123  1048  1861  1254  1299  1089  1164  1247  1070  1056          
HEO10A  1970  1191   997  1147  1554  1442  1336  1198  1365  1307  1178          
HEO10A  1980  1075   533   843  1000   675   738   885   947  1205   966          
HEO10A  1990  1097   948   896   918  1059  1263  1770  1939  1635  2331          
HEO10A  2000  1797  1120  1256  1160  1357  1399  1795  1246  1178   774          
HEO10A  2010  1061   643   588   487   682  1116  1109 -9999                      
HEO10B  1758   570  1768                                                          
HEO10B  1760  1531  1524   945  1047   528   387   253   202   222   455          
HEO10B  1770   337   273   232   218   381  1206  1116   695   829   724          
HEO10B  1780   332   669   526   224   255   195   212   366   515   432          
HEO10B  1790   612   543   278   452   599   388   493   355   282   358          
HEO10B  1800   334   422   308   347   318   277   267   232   264   189          
HEO10B  1810   210   222   342   191   321   288   479   785   985  1280          
HEO10B  1820   857   551   648   889   675   786   922  2283  4737  3079          
HEO10B  1830  2978  1827  1653  1443   854  1356  1377   940   680   875          
HEO10B  1840  1107   767  1290   873   986   900   798   961   977   925          
HEO10B  1850   625   782   700   534   784   653   892  1014   708   672          
HEO10B  1860   902   887   993  1063  1021   740   829  1062  1008  1023          
HEO10B  1870   669   635   487   534   566   414   815   776  1235   922          
HEO10B  1880   859   790   721  1453   993   792   763   647   577  1222          
HEO10B  1890  1430   917  1551  1349  1129   945  1001  1878  1473  1269          
HEO10B  1900  1600  1579  1270  1147  1752  1427  1180  1194  1451  1711          
HEO10B  1910  1663  1196  1033  1083   843  1646  2162  2200  1034  1013          
HEO10B  1920   983  1006  1022  1111   971  1256   809  1631  1281  1189          
HEO10B  1930  1156   688   898   860   748  1063   862   516   868   932          
HEO10B  1940  1024   655   867   756   772  1108  1254  1476  1143  1378          
HEO10B  1950  1358  1397  1183  1105  1019   737   839   849  1642   938          
HEO10B  1960  1880  1008  1535   989  1456  1107  1166  1543  1436  1235          
HEO10B  1970  1514   970   968  1746  1427   948  1139  1153   969  1072          
HEO10B  1980   911   466   707   887   625   882   837   881   905   797          
HEO10B  1990   987   860  1232  1089  1041  1038  1027  1190  1097  1239          
HEO10B  2000   885   717  1093   893  1109  1360  2107  1006  1052   993          
HEO10B  2010  1358   620   410   576   708   891  1700 -9999                      
