SAAL22A 1942  1646  2002  1655  2133  2569  2176  2863  3301                      
SAAL22A 1950  3331  3767  2722  3245  2037  2043  3575  2306  4052  3153          
SAAL22A 1960  3145  4170  2703  3244  2707  2716  2878  2896  2760  2389          
SAAL22A 1970  2504  2674  2996  3176  2866  2537  2509  2277  2412  2954          
SAAL22A 1980  2436  2156  3204  2603  2313  2299  2499  1960  1364  1500          
SAAL22A 1990  2398  1423  1966  2111  1410  1602  1573  1532  2377  1543          
SAAL22A 2000  2079  2394  1928  1649  1947  2059  2036  1720  1724  1659          
SAAL22A 2010  1877  1862  1513  1872  1804 -9999                                  
SAAL23A 1941  1217  1903  2329  1488  2191  2654  2704  2546  3019                
SAAL23A 1950  2990  2839  2669  2296  1840  1726  2079  2358  2255  2434          
SAAL23A 1960  1732  2392  1468  2016  1694  1912  2307  2341  2071  1899          
SAAL23A 1970  1554  1538  2082  2041  1685  2006  1686  1202  1299  1438          
SAAL23A 1980  1266  1226  1238  1723  1796  1654  1949  1608  1120  1372          
SAAL23A 1990  1558  1053  1431  1219   861  1116  1235  1245  1953  1498          
SAAL23A 2000  1740  1953  1609  1516  1596  1756  1595  1343  1561  1347          
SAAL23A 2010  1598  1373  1132  1937  1465 -9999                                           
SAAL60B 1950  1917  1357  1676  1846  2937  5518  3104  3978  2931  2717          
SAAL60B 1960  2986  3128  3860  4993  3903  2971  3667  3248  3227  2020          
SAAL60B 1970  1774  1820  2126  2489  2349  1947  2424  2186  2371  2120          
SAAL60B 1980  2276  2901  3307  2506  2351  2973  2516  2086  1426  1972          
SAAL60B 1990  2072  1489  2539  1772  1246  1641  1345  1562  3136  1885          
SAAL60B 2000  2247  2585  2272  2332  2456  2100  2090  1898  2038  2310          
SAAL60B 2010  2754  2171  1885  2585  2297 -9999                                                                            
SAAL357A1950   650   533   393  1254  1861  1593  1414  2287  2810  1602          
SAAL357A1960  2049  1699  1732  1678  1546  1401  1015  1327  1158  1238          
SAAL357A1970   801  1003   863  1029  1421  2096  3300  2587  3527  3862          
SAAL357A1980  3645  3001  3148  1665  1834  2256  2794  2595  1156  1049          
SAAL357A1990  1009   764   871   834   879  1432  1089  1119  1253  1059          
SAAL357A2000  1329  1653  1234  1212  1223  1465  1020  1130  1020   795          
SAAL357A2010   944   710   571   786   548 -9999                                  
SAAL59B 1979  2480                                                                
SAAL59B 1980  2002  1002  1534  1590  1335  1408  1438  1278   920  1013          
SAAL59B 1990  1144   894  1045  1036  1008   953   970   975  1463  1430          
SAAL59B 2000  1492  1705  1598  1754  1538  1464  1360  1276  1544  1294          
SAAL59B 2010  1432  1604  2339  2988  1639 -9999                                  
SAAL22B 1936  1128  1157  1095  1080                                              
SAAL22B 1940  1244  1495  2190  2382  2073  1968  2393  2814  3990  3717          
SAAL22B 1950  3904  3932  3217  2651  2580  1974  3116  3302  2988  3625          
SAAL22B 1960  2873  2792  2898  2476  2958  2548  3502  2815  2862  2827          
SAAL22B 1970  2217  2778  2733  3674  2806  2315  2484  1633  2225  2444          
SAAL22B 1980  2338  1481  2055  1714  1596  1653  1902  1477  1137  1173          
SAAL22B 1990  1411  1202  1482  1573  1160  1278  1228  1428  1610  1517          
SAAL22B 2000  1437  1818  1754  1674  1822  1635  1757  1621  1903  1684          
SAAL22B 2010  1882  1689  1418  1584  1925 -9999                                  
SAAL60A 1955  4147  3132  4323  2921  2852                                        
SAAL60A 1960  3011  2897  1937  3082  2582  2456  2155  2209  2610  2193          
SAAL60A 1970  1398  1954  1794  2004  1802  1610  1874  1579  1741  2184          
SAAL60A 1980  2109  2197  2796  2202  1613  1645  1826  1708  1375  1575          
SAAL60A 1990  2023  1567  2429  2102  1232  1381  1350  1425  3124  2628          
SAAL60A 2000  3063  3747  3912  3888  3524  3199  3376  2218  2584  2217          
SAAL60A 2010  2944  2336  2022  2951  1886 -9999                                  
SAAL23B 1944  2231  2679  3008  3293  2916  2722                                  
SAAL23B 1950  2715  2680  2318  2305  1777  1338  2053  1900  1801  2284          
SAAL23B 1960  1895  1656  1437  1410  1694  1653  1926  2029  1539  2163          
SAAL23B 1970  1332  1630  1705  1765  1821  1621  1874  1364  1515  1643          
SAAL23B 1980  1801  1071  1701  1344  1274  1577  1919  1750  1281  1431          
SAAL23B 1990  1537  1222  1533  1282   842  1280  1013   912  1079  1122          
SAAL23B 2000  1173  1326  1083  1038  1251  1198  1102  1052  1011  1262          
SAAL23B 2010  1318  1172   866   956  1125 -9999                                  
SAAL59A 1924  1194  1079  1514  1789  1507  1517                                  
SAAL59A 1930  1522  1436  1666  1426  1580  1769  1142  1378  1296  1472          
SAAL59A 1940  1261  1481  1601  1541  1428  1618  1306  1140   919   915          
SAAL59A 1950   834   923   868  1361  1423  1467  3011  2923  3477  3886          
SAAL59A 1960  2956  3300  2481  2671  2004  1921  2190  2016  2346  1545          
SAAL59A 1970  1380  1700  1815  2056  1986  2028  2043  2165  2914  3303          
SAAL59A 1980  2871  1064  1730  1637  1550  1348  1542  1339  1060  1146          
SAAL59A 1990  1334  1009  1317  1159  1030  1080  1144  1387  3693  2192          
SAAL59A 2000  2746  3244  2818  2423  2318  1946  2074  1914  2210  1676          
SAAL59A 2010  1911  1873  1515  1947  1566 -9999                                  
