MMCAV01A1913   702  1358  2837  2315  2352  2072  1776                            
MMCAV01A1920  1938  2229  2333  2092  2358  2439  3336  2397  3437  3965          
MMCAV01A1930  3592  2756  4048  2375  2603  2547  1768  2648  2897  2830          
MMCAV01A1940  2286  2247  2855  2112  1660  2270  1814  1856  2015  2765          
MMCAV01A1950  2548  2700  2008  2038  2123  3295  2859  3259  2828  2004          
MMCAV01A1960  2113  1764  2267  3005  2359  3062  2282  1724  2057  1799          
MMCAV01A1970  2121  2430  2328  2722  2400  2959  3038  2184  2775  2243          
MMCAV01A1980  1225  1003  1528  1871  1418  1966  2515  1322  1620  3458          
MMCAV01A1990  2827  2483  3620  2696  2291  2663  2277  1866  2158  3213          
MMCAV01A2000  3263  3012  2318  2931  2792  2720  2274  1951  1906  2817          
MMCAV01A2010  2301  2828  2124  4190  2710  3829 -9999                            
MMCAV01B1918  4869  3899                                                          
MMCAV01B1920  2629  2488  2956  2204  1890  2500  3397  1936  2171  1938          
MMCAV01B1930  1819  1283  2151  1624  1633  1854  1522  2183  2254  2167          
MMCAV01B1940  1786  1854  1909  1485  1372  1993  1758  1785  2176  2477          
MMCAV01B1950  3017  2802  2179  1868  2208  2877  2824  3092  2614  1754          
MMCAV01B1960  2102  1498  1615  1628  1767  1870  1667  1493  1364  1400          
MMCAV01B1970  1424  1725  2287  2482  2410  2232  2751  1671  2385  2145          
MMCAV01B1980  1628  1704  2014  1666  1053  1671  2094  1193  1378  2285          
MMCAV01B1990  2240  2170  3857  2921  2091  2699  2038  1993  1595  2036          
MMCAV01B2000  2275  2201  1714  2185  1970  1864  1627  1383  1482  2093          
MMCAV01B2010  1371  1306  1456  3028  2018  2965 -9999                            
MMCAV02A1923  4042  3810  3941  5395  2279  3595  3068                            
MMCAV02A1930  2347  2090  3523  2121  2604  2922  1945  2243  3280  2816          
MMCAV02A1940  1905  1841  2231  1568  1267  2500  2043  2088  2371  2196          
MMCAV02A1950  2172  2062  1662  1759  1635  2706  2146  1850  2303  1208          
MMCAV02A1960  1505   886  1100  1190  1176  1482  1132  1525  1310  1491          
MMCAV02A1970  1610  2215  3096  3022  3287  3210  3851  2782  2555  2632          
MMCAV02A1980  1607  1468  1767  1601  1467  1755  2540  1863  2137  2673          
MMCAV02A1990  2120  2078  3900  3396  2767  3051  1788  1924  1740  1564          
MMCAV02A2000  1826  1702  1789  2545  1635  1966  2239  1243  1372  2755          
MMCAV02A2010  2176  2187  1975  3473  3153  6068 -9999                            
MMCAV02B1922  3135  3709  3214  4097  4074  2716  4115  4441                      
MMCAV02B1930  3147  2869  4179  2027  2308  2903  1888  2787  3108  3845          
MMCAV02B1940  2810  2668  3580  2397  1900  3322  2000  2544  2837  2431          
MMCAV02B1950  2909  2243  1786  2055  1929  3476  2565  2839  2478  1751          
MMCAV02B1960  2303  1637  1716  2102  1675  1964  1891  2278  2941  2543          
MMCAV02B1970  2284  2409  3140  3802  3051  2816  3113  2454  2575  2488          
MMCAV02B1980  1675  1846  2704  1888  1569  1997  2342  1341  1363  2702          
MMCAV02B1990  1885  2000  3627  3110  1536  2255  2055  1448  1563  2004          
MMCAV02B2000  1793  2333  1355  1463  1745  1383  1581   706  1120  2133          
MMCAV02B2010  1674  1459  1875  3172  2344  5179 -9999                            
MMCAV03A1940  1233  1973  2201  2153  1771  2705  2372  2987  2810  2840          
MMCAV03A1950  2476  3299  2686  2900  2357  4159  3833  3702  2836  2405          
MMCAV03A1960  2605  3104  2679  2655  2125  3366  1290  1459  1875  1497          
MMCAV03A1970   614  1532  1782  2896  1925  2288  2221  1496  2310  1778          
MMCAV03A1980  1183  1261  3464  1147   995  1161  2089  1820  1379  1900          
MMCAV03A1990  1892  2672  4752  4157  3187  2222   773  1441  1613  1776          
MMCAV03A2000  2849  2246  2069  1621  2121  1535  1388  1359  1503  1091          
MMCAV03A2010  1042  1569  1253  1476  1583  1380 -9999                            
MMCAV03B1938  2166  1574                                                          
MMCAV03B1940  1385  1221  1960  1975  1785  1916  1609  1602  2378  2647          
MMCAV03B1950  2360  2981  1523  2168  2495  3597  3135  3188  3796  3050          
MMCAV03B1960  3294  3196  2785  2062  1810  2464  1042  1336  1681  1220          
MMCAV03B1970   824  1436  1513  2319  1807  1810  1740  1220  1843  1531          
MMCAV03B1980   973   948  2143  1372  1144  1495  1950  2106  1101  1947          
MMCAV03B1990  1535  2125  2793  2867  1969  1841   958  1225  1071  1317          
MMCAV03B2000  1916  1649  1494  1347  2057  1419  1496  1546  1522   956          
MMCAV03B2010  1311  1209  1158  1677  1696  1760 -9999                            
MMCOV04A1935  3464  1988  4043  4463  3410                                        
MMCOV04A1940  2502  3233  4854  3386  2029  3334  2637  2370  2506  2525          
MMCOV04A1950  2390  3431  1721  2210  2430  4311  2300  2141  2075  1052          
MMCOV04A1960  1801  1430  1681  1497  1036  2118  1109  1192  1009   760          
MMCOV04A1970   726   795   751  1920  1390  1510  1348   853  1321   835          
MMCOV04A1980   694   531  1167  1024   998   825  1394   797  1082  2154          
MMCOV04A1990  3407  2906  6012  4197  2869  3805  2281  1793  1580  3113          
MMCOV04A2000  3518  2177  2393  3302  2193  2444  2555  1711  1774  2175          
MMCOV04A2010  2372  2092  1501  2048  1772  2040 -9999                            
MMCAV04B1934  3337  4417  2223  2272  3195  3059                                  
MMCAV04B1940  2683  3615  4842  2565  1896  3458  2937  2466  2119  3320          
MMCAV04B1950  2864  2923  1604  1543  1963  3826  2383  2339  2561  1237          
MMCAV04B1960  2503  2085  1394  1258   773  1558   979  1225  1008   638          
MMCAV04B1970   819   703   807  1390  1102  1147  1214   993  1524   943          
MMCAV04B1980   669   584  1424  1327   975  1523  2200  1121  1415  2239          
MMCAV04B1990  3124  1716  3455  2449  2058  3148  2313  2325  1853  2906          
MMCAV04B2000  2766  2019  2535  3411  2846  3089  4529  2982  2176  2333          
MMCAV04B2010  2518  3175  2642  3298  2346  2994 -9999                            
MMCOV05A1918  1664  2040                                                          
MMCOV05A1920  2729  3058  3513  3522  4843  3075  3486  4609  5614  3341          
MMCOV05A1930  2186  2781  3277  2764  3406  4076  1605  1817  3125  2789          
MMCOV05A1940  1681  1530  2570  1791  1020  2624  2886  1547  2441  2044          
MMCOV05A1950  2510  3340  1726  1521  1333  2012  1841  1538  2123  1642          
MMCOV05A1960  1286  1237   892  1298  1251  1883  1664  1648  2071  1556          
MMCOV05A1970  1765  2138  2140  3003  2542  2153  1919  1754  1702  1058          
MMCOV05A1980   632   848  1721  1117  1360  1175  2048  1449  1154  1467          
MMCOV05A1990  2703  1403  3323  3562  2502  2649  2571  2564  2518  3365          
MMCOV05A2000  2876  3259  1900  3219  1879  1714  1846  2115  1623  2686          
MMCOV05A2010  1721  1978  1185  2434  1938  2095 -9999                            
MMCAV05B1902  2655  1918  2341  2551  1073   828   668   642                      
MMCAV05B1910  1212  1390  2311  1571  1610  2781  2645  2075  1538  2445          
MMCAV05B1920  2760  3814  2861  5111  4009  3015  3414  3346  4386  3944          
MMCAV05B1930  2817  4847  4823  3110  3223  2703  1663  2025  2755  3548          
MMCAV05B1940  2294  2382  3550  1949  1447  3401  2138  1778  2229  1476          
MMCAV05B1950  2234  2335  1417  1293  1520  2419  2512  2349  3751  2047          
MMCAV05B1960  2204  1798  1777  1362  1557  2062  1763  1348  1876  1484          
MMCAV05B1970  1629  1977  1726  2205  1907  1932  2058  1816  2009  1268          
MMCAV05B1980   731   580  1628  1022  1024   928  1719  1342   966  1458          
MMCAV05B1990  1686  1209  3020  2256  1844  2016  2262  2125  1526  2427          
MMCAV05B2000  2082  2519  1969  2678  2378  2445  1989  2495  2216  2683          
MMCAV05B2010  1791  2120  1584  2688  2118  2073 -9999                            
MMCAV06A1901  2682  2551  3088  3177  2548  1738  1565   963  1024                
MMCAV06A1910  1610  1664  2036  1368  1184  2447  2826  2824  2021  2013          
MMCAV06A1920  2843  3145  2713  2700  3244  2724  2189  2327  2610  2714          
MMCAV06A1930  1484  1904  1916  1941  1743  2128   840  1313  2213  3048          
MMCAV06A1940  2339  1709  2665  1775  1111  1329  2014  1691  1390  1410          
MMCAV06A1950  1392  1142  1128   879   883  1015  1009  1155  1284  1165          
MMCAV06A1960   963   858   868   959   859   907  1118   928   884   920          
MMCAV06A1970   697   673   873   889   754   685   678   662   738   652          
MMCAV06A1980   512   425   513   491   442   405   425   403   472   615          
MMCAV06A1990   890  1222  1260  1175   888  1122   846   741   789   821          
MMCAV06A2000   804   897   852   912  1031  1548  1400  1051  1237  1095          
MMCAV06A2010  1048  1105  1546  2233  2565  2136 -9999                            
MMCAV06B1920  2808  2238  2320  2583  2940  2174  2926  2360  1989  2382          
MMCAV06B1930  1485  1625  1979  2089  2544  2330  1562  1553  2154  2918          
MMCAV06B1940  2349  1850  2088  1863  1259  1654  1895  1656  2042  1696          
MMCAV06B1950  2246  1415  1382  1157  1420  1495  1675  1885  1329  1422          
MMCAV06B1960  1279  1083   934  1468   890  1159  1062  1019  1024  1181          
MMCAV06B1970  1098   998  1460  1715  1274  1221  1427  1028  1033  1020          
MMCAV06B1980   783   607   859   865   660   676   697   737   613   925          
MMCAV06B1990   812  1015  1697  1321  1079   956   444   676   783   813          
MMCAV06B2000   998   769   895   902   812  1206  1249   878  1188  1017          
MMCAV06B2010   897   814  1213  1380  1090   675 -9999                            
MMCAV07A1922  4919  3143  1267  1047  1801  3650  5932  2804                      
MMCAV07A1930  2468  2102  2665  2011  2924  4656  2090  4389  4680  4122          
MMCAV07A1940  4098  4644  3189  3566  1794  3647  3404  2559  1985  2403          
MMCAV07A1950  2176  2510  1556  1561  1470  2267  2320  1987  2111  2457          
MMCAV07A1960  1581  1049  1517  1587  1364  1952  1641  1167  1580  1035          
MMCAV07A1970   569   830   814  2669  1969  2040  2033  1438  1059   926          
MMCAV07A1980   663   791  2227  1348   989  1262  2298  1934  1491  1512          
MMCAV07A1990  1441  1686  3916  3134  2653  1801   923   909   963  1567          
MMCAV07A2000  2046  2400  1393  2245  1468  2131  1818  2166   943  1185          
MMCAV07A2010  1232   679   715  1026  1148  1767 -9999                            
MMCAV07C1919  1232                                                                
MMCAV07C1920  4341  4926  5694  3786  2194  2085  3325  4877  5911  3043          
MMCAV07C1930  1830  1561  2152  1648  2043  3424  1604  2460  3422  2648          
MMCAV07C1940  3068  3449  2962  2488  1702  3395  3162  2389  1976  2516          
MMCAV07C1950  2082  2302  1596  1472  1530  2276  2338  1787  2134  2384          
MMCAV07C1960  1333  1088  1540  1479  1175  1905  1632  1278  1462  1177          
MMCAV07C1970   531   938  1040  2816  2046  1846  1968  1334  1146  1136          
MMCAV07C1980   721  1002  2202  1185   886  1271  2216  1483  1493  1557          
MMCAV07C1990  1514  2088  3721  2978  2735  1691   880  1056  1011  1664          
MMCAV07C2000  1989  2476  1582  2036  1516  2121  1875  2083  1156  1190          
MMCAV07C2010  1197   782   751  1153  1130  1819 -9999                            
MMCAV08A1897  5299  3184  3488                                                    
MMCAV08A1900  3499  2044  2188  2826  2454  1201  1088  1900  1178   848          
MMCAV08A1910   698   583  1316   642  1010  1861  2939  1755  1099  1126          
MMCAV08A1920  1151  1230  1713  2030  2080  1594  1477  2745  2176  2046          
MMCAV08A1930  1226  1386  1595  1690  1487  2181  1196  1174  4085  2892          
MMCAV08A1940  2185  1511  2314  2103  1366  3864  3200  1853  4100  1903          
MMCAV08A1950  2448  2168  1894  1396  2049  2466  2798  1705  4022  1964          
MMCAV08A1960  1718  1309   760  1513  1101  1126  1059  1281   875  1120          
MMCAV08A1970  1212  1191  1265  2318  2192  1181  2820   994   956   954          
MMCAV08A1980   798   511   531  1151   705   645  1305   979  1219  1164          
MMCAV08A1990  1308   763  1326  1386  1408  1461  1045  1067   776  1218          
MMCAV08A2000  1145  1627  1733  3120  1354  2508  2692  2361  1835  2994          
MMCAV08A2010  1700  2684  1926  5052  4552  2937 -9999                            
MMCAV08B1924  5338  2881  1859  3091  2692  2304                                  
MMCAV08B1930   906  1469  1386  1532  1852  1513   688  1150  3566  1666          
MMCAV08B1940  1291  1172  2126  2060  1350  2952  2162  1247  3202  1379          
MMCAV08B1950  2432  1698  1689  1277  1460  1993  2641  1804  3652  1777          
MMCAV08B1960  1375  1691   957  1532  1013  1414   943  1188   644   792          
MMCAV08B1970  1310  1114  1368  2200  1519  1093  2126  1033  1150   916          
MMCAV08B1980   359   340   431   686   460   422   903   595   682   798          
MMCAV08B1990  1018   546  1327  1262  1590  1549  1149  1061   964  1097          
MMCAV08B2000  1359  1424  1390  2815   909  2032  1631  1671  1118  1922          
MMCAV08B2010  1126  2779  1190  3046  2869  2761 -9999                            
MMCOV09A1896  2588  2129  1114   816                                              
MMCOV09A1900  1019   693   707   854   873   755   533   644   555   981          
MMCOV09A1910  1901  1549  1654  1418  1083  1030  1912  2353  1665  2096          
MMCOV09A1920  1937  1878  2411  1623  1746  1592  1243  1579  1389  1426          
MMCOV09A1930  1202  1301  1563  1589  1964  1353  1288  1226  1786  2302          
MMCOV09A1940  1541  1310  1350  1251   667  1284  1069  1242  1367  1717          
MMCOV09A1950  1415  1274   863   682   873  1173   899   759   890   898          
MMCOV09A1960   799   618   932   684   609  1069  1108   925   663   985          
MMCOV09A1970   841   890   804   877   801   879   815   627   746   684          
MMCOV09A1980   389   523   333   456   386   605   734   905   812   509          
MMCOV09A1990   474  1016  1532  1740  1296  1188   509   644   644   985          
MMCOV09A2000  1299  1155   914  1161  1016  1257  1228  1059   927  1238          
MMCOV09A2010  1065  1245  1276  2939  2404  2494 -9999                            
MMCAV09B1893  2535  2828  2716  1954  1556  1265  1009                            
MMCAV09B1900  1090   894  1051  1019  1431  1225   754  1054   835  1024          
MMCAV09B1910  2040  1654  2464  1735  1176  1893  2553  1913   957  1118          
MMCAV09B1920  2132  1804  2392  1608  1899  2002  2039  2545  2612  1752          
MMCAV09B1930  1369  1557  1946  1665  2145  2315  1846  1397  2096  2156          
MMCAV09B1940  1502  1257  1355  1328   690  1206  1262  1349  1449  1554          
MMCAV09B1950  1529  1679  1343  1050  1176  1305  1637  1430  1827  1107          
MMCAV09B1960  1458   971  1016   801   954  1356  1190  1033   739   969          
MMCAV09B1970   876   831   709  1312  1065   785   907   647   992   542          
MMCAV09B1980   429   230   210   431   419   571   621   682   540   719          
MMCAV09B1990   901   761  1690  1681  1179  1126  1131  1123  1138  1161          
MMCAV09B2000  1239  1556   917  1242   996  1467  1331  1219  1230  1018          
MMCAV09B2010  1106  1986  1202  2839  2385  2519 -9999                            
MMCAV10A1891  2258  2002  1693  2436  2225  2021  2176  1656  2022                
MMCAV10A1900  1772  1520  2911  2582  2818  2069  1115  1361  2030  1067          
MMCAV10A1910  1548  1258  1798   715   751  1154  1494   992   757   870          
MMCAV10A1920  1614  1595  1290  1137  1003   623  1292  2742  2527  2463          
MMCAV10A1930  1542  2014  2892  1538   920  1394  1162  1205  1881  1810          
MMCAV10A1940   853   954  1082  1197   787   855   980  1100  1762  1773          
MMCAV10A1950  2256  1223   885  1380   900  1360  1102   891  1283   909          
MMCAV10A1960  1146   759   702   817   819   909   703   734   646   667          
MMCAV10A1970   640   558   871  1187  1243  1119   970   625   670   600          
MMCAV10A1980   460   558  1238  1072  1052  1478  1673  1551   973  1992          
MMCAV10A1990  1627  1912  2973  3314  1884  2158  2032  1845  2090  1978          
MMCAV10A2000  2884  2899  1801  2833  2621  2031  2245  3048  1990  3008          
MMCAV10A2010  2276  2848  1485  1927  1820  1636 -9999                            
MMCAV10B1935  2584  1839  1663  2396  2064                                        
MMCAV10B1940  1489  2460  2543  2295  1276  1810  1758  1947  1863  1891          
MMCAV10B1950  2181  1816   985   773   816  1733  2344  1495  1738  1159          
MMCAV10B1960  1213   779   750  1134   872  1841   873  1021  1382  1894          
MMCAV10B1970  1320  1427  1564  1493  1289  1086  1268   798   788   581          
MMCAV10B1980   354   720  1643  1064  1274  2513  2850  2358  1797  3179          
MMCAV10B1990  3043  3120  3474  3007  2019  1928  3871  3495  2496  2041          
MMCAV10B2000  3131  3567  1430  3256  2789  2532  2018  2866  2979  4552          
MMCAV10B2010  3478  3634  1977  3775  3431  3408 -9999                            
