OWS01A  1901  2937  2867  1669  3322  2214  1927  2083  2382  1542                
OWS01A  1910  2270  1530  2168  2001  1469  1912  2745  2101  2328  1820          
OWS01A  1920  1710  2221  1743  2184  2252  2190  1881  1847  2002  1102          
OWS01A  1930   776   901  1094  1754   862  1087  1353   958  1864   816          
OWS01A  1940  1011  1168   571   902   441     0   569   867   910   748          
OWS01A  1950  1125  1527  1207  1159  1088  1046  1634  2022  2107  1874          
OWS01A  1960   628  1045  1600  1405   911  1380   931   765   685   826          
OWS01A  1970   884   623  1047  1145  1078  1443  1207  1462  2306  2256          
OWS01A  1980  1973  2126  1624  1735  2681  2648  2400  2857  2038  2289          
OWS01A  1990  3064  4317  3365  3338  4284  3517  3069  2976  3878  3507          
OWS01A  2000  2223  1728  3501  3349  3534  3403  3341  3026  2723  3110          
OWS01A  2010  2485  3847  1992  1400  1603  1682  2292 -9999                      
OWS01B  1908  1883  1624                                                          
OWS01B  1910  1956  1032  2030  2831  2189  2133  3204  2742  2255  1395          
OWS01B  1920  1217  1651  1306  1053  1604  2236  1487  1952  2141  2073          
OWS01B  1930  1455  1167  1064  1685   874  1077  1439   944  1587  1146          
OWS01B  1940  1109  1140  1126   949   953   607   809  1050  1211   925          
OWS01B  1950  1225  1346   959  1022   841  1014  1433   837  1322  1466          
OWS01B  1960   650  1337  1397   931  1381  1533  1637  1299  1288  1420          
OWS01B  1970  1574  1681  2103  1981  1859  1809  1739  1752  1589  1788          
OWS01B  1980  1333  1426  1215  1198  1784  1291  1590  2142  1447  2137          
OWS01B  1990  3768  4092  3467  3281  3841  4669  4751  4756  5508  5525          
OWS01B  2000  3521  2446  4322  3401  2864  3427  3957  2678  3764  3441          
OWS01B  2010  2698  3534  1123  1450  1360   889 -9999                            
OWS02A  1896  2478  2698  2784  3622                                              
OWS02A  1900  3448  3585  2653  5933  5139  4694  4993  3255  2680  3043          
OWS02A  1910  3046  2434  2500  3501  3703  3657  4226  2635  3819  2283          
OWS02A  1920  2397  2942  2041  2898  2528  2920  2062  2547  1987  2054          
OWS02A  1930  1905  1752  1677  1889  1400  1334  1508  1014  1811  1634          
OWS02A  1940  1271  1164  1211   943   800   752   787   901   962   950          
OWS02A  1950   896  1019   898   985   642   515   506   493   670   728          
OWS02A  1960   718   787   860   935  1031  1024   987  1030   942   965          
OWS02A  1970  1069   858   867   780   724   784   880   791   605   784          
OWS02A  1980   713  1808  1826  2516  1984  2188  1607  1274  1158  1324          
OWS02A  1990  3176  2765  1627  2035  2666  1855  1294   730  1109  1406          
OWS02A  2000  1340  1082  1141  1025   835   975  1490   943   860   876          
OWS02A  2010   894  1124  1780  1372  2240  1529  1802 -9999                      
OWS02B  1899  3235                                                                
OWS02B  1900  3923  3146  2103  3762  3341  3006  3153  2841  1935  2496          
OWS02B  1910  2398  2355  2431  2328  2774  3423  4225  2452  2649  1631          
OWS02B  1920  1767  2212  1879  2240  1555  2004  1793  1933  1539  1425          
OWS02B  1930  1406  1302  1219  1197  1247  1146  1409  1075  1753  1088          
OWS02B  1940  1161  1404  1663  1239  1328   716   945  1089  1567  1455          
OWS02B  1950  1534  1520  1539   934   992   780   976   671   780   821          
OWS02B  1960   682   639   738   747   752   899  1004   778   834   739          
OWS02B  1970   822   639   597   735   508   657   640   489   312   570          
OWS02B  1980   425  1220  1485  2529  2392  2312  2179  2365  1763  1072          
OWS02B  1990  2167  1615  1579  1542  2206  1621  1276   566  1156  1557          
OWS02B  2000  1198   863  1046   804   963  1235  1562  1478  1115  1243          
OWS02B  2010   918  1024  1057  1155  2165  1556  1561 -9999                      
OWS03A  1895  1946  2601  1125  4844  5444                                        
OWS03A  1900  4375  3239  2810  5807  4692  4545  4830  4015  3451  3200          
OWS03A  1910  3542  2910  3082  3850  3635  3312  4076  2900  3175  2779          
OWS03A  1920  2273  2981  2376  3138  3428  3899  3261  3089  2625  2220          
OWS03A  1930  1774  1289  1000  1045  1031   886  1139  1115  1348  1627          
OWS03A  1940  1501  1835  1416  1374  1466  1162  1129  1300  1069  1185          
OWS03A  1950  1824  1987  2377  2421   946   664  1656  1557  2264  2621          
OWS03A  1960  2842  1910  1585  1596  1887  1625  1475  1327  1213  1570          
OWS03A  1970  1610  1979  1466  1274  1334  1121  1172  1702  1480  1031          
OWS03A  1980  1601  1578   957  1713  1678  1161  1441  1822  1013   885          
OWS03A  1990   754  1338  1057  1420  1889  1892   749   524   969   717          
OWS03A  2000   805   739  1196   775   871   727  1094   537   770   451          
OWS03A  2010   522   649   538   548   696  1203 -9999                            
OWS03B  1907  3911  3321  2633                                                    
OWS03B  1910  2477  1796  1852  2791  3429  3987  5362  4301  3856  3267          
OWS03B  1920  3420  4553  3265  3420  3229  3539  2391  2174  2371  2542          
OWS03B  1930  2228  1802  1505  2279  1958  1489  2459  1823  2562  3275          
OWS03B  1940  2978  2342  1924  1649  2109  1435  1557  1818  1726  1667          
OWS03B  1950  1850  2110  2249  2519  1108  1137  1322  1326  1672  2025          
OWS03B  1960  1841  1616  1905  1666  2253  2480  2296  2051  1967  2026          
OWS03B  1970  1888  2349  1899  1927  1999  1778  1762  1794  1843  1835          
OWS03B  1980  2164  2024  1273  1564  1703   885  1450  2209  1937   941          
OWS03B  1990   969  1219  1386  1007  1773  1659   970   617   860   801          
OWS03B  2000   941   774  1489   987  1071   900  1304  1118  1135  1116          
OWS03B  2010   973  1954  1381  1073  1389 -9999                                  
OWS04A  1909  3835                                                                
OWS04A  1910  4185  3007  3346  2807  2471  3751  5599  2903  3782  2070          
OWS04A  1920  1863  3355  2225  3497  3085  4929  3097  3634  3379  3170          
OWS04A  1930  2428  2314  1947  2496  1998  1702  2686  1741  2507  1717          
OWS04A  1940  1374  1815  2141  1583  1373  1644  1446  1333  1463  1032          
OWS04A  1950  1698  2378  2261  2237  1503  1286  2075  1449  2129  1339          
OWS04A  1960  1648  2224  2399  2385  1539  1738  1701  1038   845  1173          
OWS04A  1970  1388  1440  1748  1968  2594  2127  2787  1899  1954  1678          
OWS04A  1980  1324  2899  1992  2411  1723  1098  1519  1506  1552  1455          
OWS04A  1990  1280  1104   929  1186  1210  1055   792   461  1136   962          
OWS04A  2000   857  1354  1444   955   792   958  1315  1151   982   958          
OWS04A  2010  1123  1620  1468  1010  1523  1147  1788 -9999                      
OWS04B  1908  5951  3711                                                          
OWS04B  1910  3450  1943  3800  4097  3482  3847  5346  2981  4181  2827          
OWS04B  1920  2637  3817  3247  3917  4959  3958  2991  3487  3198  2579          
OWS04B  1930  2049  2299  2497  1793  1516   897  1069     0  1192  1715          
OWS04B  1940  1133  1232  1386  1407  1570     0  1093   900   681   906          
OWS04B  1950  1462  1836  1604  1389  1053   880  1304  1173  2171  1948          
OWS04B  1960  1474  1952  1553  1509   889  1323  1401  1076   576  1035          
OWS04B  1970  1705  2342  1515  1909  1408  1154  1588  1073  1425  1376          
OWS04B  1980  1366  2181  1112  1753  1517   683  1203  1693  1199  1256          
OWS04B  1990  1659  1198  1587  1313  1063  1187   901   311   750   727          
OWS04B  2000   817  1184   899   706   548   670  1251  1044   861   333          
OWS04B  2010  1087  1177 -9999                                                    
OWS05A  1905  1615  1240  1375  1124  1173                                        
OWS05A  1910   886  1064  1641  1521  2110  2995  3008  2212  2854  1514          
OWS05A  1920  1699  2276  1956  2803  2268  1840   883  2396  2868  2704          
OWS05A  1930  1545  1683  2482  2839  2426  1591  2555  1719  3401  3825          
OWS05A  1940  4733  4244  3692  3711  3053  1656  1999  2354  1827  1004          
OWS05A  1950  2513  1840  2508  3223  2061  2156  2700  2111  2216  2195          
OWS05A  1960  2037  2410  1861  1438   990  1113   873   883   835   805          
OWS05A  1970  1378  1695  1618  1622  1445  1923  1703  1699  1696  1547          
OWS05A  1980  2169  2009  1608  1986  2163  1332  1666  1692  1783  1447          
OWS05A  1990  1778  1515  1322  1616  2161  2712  1989  1286  2057  2746          
OWS05A  2000  2060  1928  3112  2186  2536  3154  3066  1816  2195  2081          
OWS05A  2010  1452  3392  2187  1136  1542  1738  2500 -9999                      
OWS05B  1920  2908  3507  3477  3847  3637  3901  2720  3514  3550  3015          
OWS05B  1930  2495  2189  2307  3010  2742  1794  4524  3251  3855  4268          
OWS05B  1940  4725  3594  3627  3081  3172  2485  3190  3080  2634  1255          
OWS05B  1950  3730  2672  2552  3180  2040  2570  3028  2454  2902  2930          
OWS05B  1960  2089  1784  2072  2178  1328  1464  1245  1028  1039  1389          
OWS05B  1970  1707  1900  2025  2243  1923  2445  2235  2137  1938  1830          
OWS05B  1980  2398  2276  1620  1378  1816  1398  1582  2238  2767  1669          
OWS05B  1990  2076  2179  1971  2098  2667  3094  2301  2378  2698  2906          
OWS05B  2000  1762  1656  2996  3055  2868  4710  3783  2441  2423  2689          
OWS05B  2010  2652  3567 -9999                                                    
OWS06A  1899  4057                                                                
OWS06A  1900  1801  3694  2678  2660  2964  2082  1927  1572  1287   953          
OWS06A  1910  1058  2317  1479  2896  3602  2308  3171  2042  2227  1961          
OWS06A  1920  1500  2228  2061  2267  1944  2133  1797  1923  1652  1936          
OWS06A  1930  2002  1931  1031   973  1106  1266  2340   379  1355  2506          
OWS06A  1940  2701  2510  3309  2813  2369  1424  1494  1869  1465     0          
OWS06A  1950  2471  2016  1832  1939  1626  1465  2008  1876  2764  2710          
OWS06A  1960  2652  1886  2518  2112  1109  1304   940   483   639   767          
OWS06A  1970  1102   849   700   977   984  1469  1388  1153   711   557          
OWS06A  1980   585   964   490   382   410   626   340   884   663   730          
OWS06A  1990   792  1234  1069  1103  1275  1769  1143   794  1136  1482          
OWS06A  2000   875  1016  3013  2421  1259   881  1410  1045   803  1222          
OWS06A  2010  1444  2309   538   738   688   874  2284 -9999                      
OWS06B  1874   605   725   642   526  1005  1457                                  
OWS06B  1880   900  1007   731   672   914   726   934  1107   806   526          
OWS06B  1890   918   613   758   845   690  3167  3471  5386  2091  2291          
OWS06B  1900  2118  1846  1502  2547  1777  1822  2815  2036  2144  2077          
OWS06B  1910  1819  1376  1507  3986  2187  2497  3624  2530  3181  1573          
OWS06B  1920  1687  2156  1411  1533  1409  1655  1246  1872  1430  1037          
OWS06B  1930   669   893   539   817   606   958  1362  1274  1946  1477          
OWS06B  1940  1294  1222  1372  1540   948   990   839   767   966   406          
OWS06B  1950  1184  1202  1181   929  1273  1529  2737  1910  2131  1654          
OWS06B  1960  1767  1037   998  1401   989   958   617   395   202   752          
OWS06B  1970  1079  1316   639   572   707  1041  1382   827   530   235          
OWS06B  1980   454   509   470   771   695   504   632   712   779   361          
OWS06B  1990   591   782  1239  2077  2332  2520  2241  1705  2343  1899          
OWS06B  2000  1799  1657  2961  2271  1451  2301  2687  1570   914  1356          
OWS06B  2010  1043  2471  1126   817   896   994  1470 -9999                      
OWS07A  1887   798  1281   928                                                    
OWS07A  1890   406   282   382   471   657  3519  3556  3847  3842  3642          
OWS07A  1900  4228  3231  2125  3713  3824  2915  2461  2535  2155  2518          
OWS07A  1910  2947  1999  1734  3721  3207  3295  4718  2868  3845  2028          
OWS07A  1920  2491  2725  1859  2698  1870  3056  2133  2167  2478  2260          
OWS07A  1930  1916  1630  1219  1917  1503   896  1233  1457  3120  3067          
OWS07A  1940  2943  3096  2283  2436  2866  2159  3045  1974  2210  1560          
OWS07A  1950  2701  1728  1400  1167   824  1203  1988  1759  2982  2229          
OWS07A  1960  1710  2139  1893  1688  2018  1551  1377  1169  1009  1229          
OWS07A  1970  1219   976   912   813   972  1025  1199  1076  1353     0          
OWS07A  1980  1432  1626  1240  1439  1023   783  1726  2153  1036  1171          
OWS07A  1990  1001  1904  2475  2427  2780  3337  2672  2039  3039  3277          
OWS07A  2000  2537  2481  4820  2999  2453  1093  1170   574  2164  2000          
OWS07A  2010  3326  1438  1339  1769  1767  3098 -9999                            
OWS07B  1905  2788  2741  2710  2216  2481                                        
OWS07B  1910  2705  1993  3607  4570  5567  5743  7340  5360  5560  3624          
OWS07B  1920  3972  4839  4313  5518  5058  5612  4611  4649  4231  3212          
OWS07B  1930  3177  2557  3280  2932  2312  1851  2452  1585  2591  1374          
OWS07B  1940  2252  3211  3630  4361  2679  2030  2928  2649  3151  2804          
OWS07B  1950  3375  3635  2739  2122  1416  2777  2916  1569  2003  1158          
OWS07B  1960   695   893  1441  1828  1554  1479  1545   706   685   745          
OWS07B  1970   846  1392   841   759   558  1199  1300   768   938   601          
OWS07B  1980  1181  2313  1854  1979  2440   436  1241  2466  1067  1457          
OWS07B  1990  1317  1987  1925  2279  2513  3076  2260  2229  1958  1606          
OWS07B  2000  1141  1176  1439  1161  2989  3834  2062   952  2129  1738          
OWS07B  2010  4406  1450  1242  1138   891  3078  2885 -9999                      
OWS08A  1896  8500  8578  5034  5460                                              
OWS08A  1900  4897  5349  3057  4546  4036  3402  2503  2978  3341  2753          
OWS08A  1910  2660  1792  1958  2704  2066  2324  3884  3565  3463  2669          
OWS08A  1920  2687  3847  3214  2834  2517  3546  2678  3362  3334  3401          
OWS08A  1930  2218  1633   873  1287  1119   891  1412     0   977   887          
OWS08A  1940  1886  1267  1534  1497  1453   706   600   513   714     0          
OWS08A  1950  1446  1950  1285   583   461   445  1625   848  1981  1111          
OWS08A  1960  1115  1224  1614  1682  1197  1123  1252  1018   679   719          
OWS08A  1970   916  1499  1478  1227   771   911   945   792   685   587          
OWS08A  1980  1111  1713   480   870   555   336  1338  2412  2876  1015          
OWS08A  1990   747  2144  1720  1588  1945  2360  1292  1468  1699  1403          
OWS08A  2000   816   883   705  1739  1063  2198  2413  3687  2598  3782          
OWS08A  2010  2788  3466  1389  1069  2959  1842  3597 -9999                      
OWS08B  1896  6781  7307  5098  5006                                              
OWS08B  1900  5418  5097  3187  5137  3945  3391  3798  3404  2605  3135          
OWS08B  1910  2943  1765  2387  1659  1222  1434  2962  2765  3008  2968          
OWS08B  1920  2973  3866  3419  3105  2960  3503  2022  2787  3331  3186          
OWS08B  1930  2277  1886  1336  1888  1333  1267  1531     0  1411   992          
OWS08B  1940  1323   943   824   977  1088  1000   598   350   645     0          
OWS08B  1950   842  1862  1610  1271   634   476   805   614  1400  1081          
OWS08B  1960  1022   775  1413  1299   720  1048   614   524   410   503          
OWS08B  1970   514   330   463   556   623   737   189  1318  1065  1143          
OWS08B  1980  2810  1595  2211  2408  1063     0  1061  2161  2070   934          
OWS08B  1990   625  1591   805  1712  2200  3155  2036  1793  3263  3460          
OWS08B  2000  1675  1808  1937  1937  2390  3965  4459  2980  2488  2872          
OWS08B  2010  1894  2902  1437   977  1895  1889  4506 -9999                      
OWS09A  1889  2269                                                                
OWS09A  1890  1823  1109  1791  1494  1296  1505  1156  1601  1270  1339          
OWS09A  1900  1932  1563   869  1937  2212  2302  1923  2215  1867  2281          
OWS09A  1910  1966  1269  1371  1912  1455  1720  4389  3243  3549  2604          
OWS09A  1920  3139  4396  3977  4615  3848  4357  2934  4192  3671  2804          
OWS09A  1930  2796  2453  2112  2800  2553  1887  1962  2159  2550  1284          
OWS09A  1940  3043  2093  2311  1802  1410  1596  1333  1259  1774  1258          
OWS09A  1950  1625  2730  1917  1916  1819  2121  2035  2023  1729  1260          
OWS09A  1960   849  1060  1465  1155   690  1041   686   287   320   358          
OWS09A  1970   483   769   759   918   896  1070  1334   476  1116  1522          
OWS09A  1980   340  1677   647  1180   977   503  1189  1002  1026  1111          
OWS09A  1990  1474  1336  1079  3016  2918  3968  2927  2970  3620  3284          
OWS09A  2000  2388  2659  2641  1598  1314  2503  2202  1641  1185  1656          
OWS09A  2010  2230  2586  1638   928  1464  1323  2446 -9999                      
OWS09B  1890  1816  1285  2067  1888  1144  1754  1845  1804  1848  1496          
OWS09B  1900  1499  1544  1399  2738  2894  2428  2074  1612  1755  1741          
OWS09B  1910  1778  1216  1484  1592  1185  1657  3308  3376  3976  2984          
OWS09B  1920  3373  4508  3001  4193  3554  3785  2474  2504  2942  2567          
OWS09B  1930  2237  2380  2176  2433  2089  1822  2191  2035  2397  1376          
OWS09B  1940  1947  2537  2651  2425  2126  1411  1800  1408  2148  1026          
OWS09B  1950  1905  2114  1974  1325  1246  1381  1847  1192  1874  1665          
OWS09B  1960  1147  2005  2640  2326  1325  1821  1351   691   742   862          
OWS09B  1970  1067   844   822   809   565   756   957   755   740  1020          
OWS09B  1980  1162  1336   821   796   580   576  1160  1190  1001  1157          
OWS09B  1990   831  1417   763  1710  1186  1807  1394  1870  2034  1749          
OWS09B  2000  1633  1772  1627  2135  1696  2567  2772  1828  2039  2570          
OWS09B  2010  2983  2780  1201  1336  2060  1837  2951 -9999                      
OWS10A  1891  1827  1802  1962  1292  1565  1407  2662  1975  2204                
OWS10A  1900  2342  1951   959  2449  1709  1361  1999  1181  1020  1165          
OWS10A  1910  1210   592   659  1742  3328  3568  4991  3050  3923  2582          
OWS10A  1920  2582  4711  3760  5550  4081  4627  3794  4823  4948  4634          
OWS10A  1930  3348  2598  2657  3046  2187  1361  1094   795  1892   625          
OWS10A  1940  1137  1423  1313  1406  1326  1109   779  1345  1141   604          
OWS10A  1950  1666  1804  1433   972   886   944  1506  1544  1510  1944          
OWS10A  1960  1702  1068  1300  1185   763   986   929   563   984  1256          
OWS10A  1970  1202  1243  1011  1189   884  1087  1381   736   961   727          
OWS10A  1980   753  1186   273   181   242     0  1200  2260  3154  1365          
OWS10A  1990  2057  2396  1315  2451  2472  2840  2837  1494  2247  2275          
OWS10A  2000  1909  1053  1105  1125  1211  2421  1893  1621  1641  1632          
OWS10A  2010  1190  1029  1095   722   993   971  1529 -9999                      
OWS10B  1890  2540  1705  1684  1910  1142  1542  1357  2320  1533  1590          
OWS10B  1900  1742  1883   797  1875  1293  1399  1974  1317   970   795          
OWS10B  1910   850   314   447  1931  3411  3557  5051  4178  5224  4389          
OWS10B  1920  4848  5904  4731  5448  4120  4742  2453  3590  3711  2587          
OWS10B  1930  2355  1932  1921  2352  1897  1181   850   652  1467   495          
OWS10B  1940  1188  1076   952   891   626   628   474   647   661   399          
OWS10B  1950   776   902  1035   794   715   759  1013   839  1131   968          
OWS10B  1960   727   967  1235  1257   776  1123   756   776   831  1048          
OWS10B  1970  1393   877   950   874   593  1102  1321   524   969  1051          
OWS10B  1980   937  1366   719   763   726   393   973  1230  1049  1201          
OWS10B  1990  1600  1020   833  1488  1414  1429  1490   695  1949  2185          
OWS10B  2000  1967   721  1787  1360  1035  2658  1833  1549  1435  1122          
OWS10B  2010  1508  1408  1245   923   949   960  2224 -9999                      
OWS11A  1909  3345                                                                
OWS11A  1910  3268  2628  2851  4976  6214  5519  7164  4682  5411  3967          
OWS11A  1920  4188  5745  3526  3874  3870  4666  2842  2900  2958  2641          
OWS11A  1930  2775  2251  1905  2993  2708  1797  1492   861  1766  1839          
OWS11A  1940  2399  1894  1827  2670  2120  1345   565   404  1199   678          
OWS11A  1950  1293  1255   826   636   636   794  1222   523  1530   638          
OWS11A  1960   638   816   627  1374   946  1401  1163   737   625   653          
OWS11A  1970  1360  1332  1727  1175  1033  1113  1163  1357  1857   874          
OWS11A  1980   894   337  2008  1521  1670   699   302   225  1131   738          
OWS11A  1990   634   452   232  1445  2145  2405  2818  1973  2621  2726          
OWS11A  2000  1978   624  1647  1212  2259  2528  2995   900  1247  2441          
OWS11A  2010  1462  2242   791   756   360   622  1336 -9999                      
OWS11B  1898  1602  3348                                                          
OWS11B  1900  3362  3388  2425  4607  3303  3961  4819  3920  3835  3393          
OWS11B  1910  3193  2753  2730  4352  4848  4211  5382  4646  4860  3125          
OWS11B  1920  3858  4322  3498  3121  2685  3734  3307  3194  3348  2745          
OWS11B  1930  2074  1992  1680  2834  2526  1620  1480  1330  2584  2296          
OWS11B  1940  3626  2585  1844  2147  2229  1576   778  1769  2094  2034          
OWS11B  1950  2769  2453  1513  1021   810   699  1833  1094  2331  1842          
OWS11B  1960  2297  1511  1243  2272  1517  1235   925  1100   801   980          
OWS11B  1970  1657  1647  1665  1406  1470  1299   841   734   801  1239          
OWS11B  1980   724  1766  1127  1026   735   656  1160  2069  2222  1203          
OWS11B  1990   515   977   764   704  2124  2773  2816  1672  1885  2101          
OWS11B  2000  1247   592  1163   990   793  1764  1521   571   988  1138          
OWS11B  2010   755   981   402   628   183   371   886 -9999                      
OWS12A  1871  1817  1004   438  1042  1336  1289  1355  1489  1681                
OWS12A  1880  1235  1469  1312  1247  1061  1102  1065  1737  2008  2747          
OWS12A  1890  3204  2601  2620  2715  2296  2055  1766  4248  2929  3504          
OWS12A  1900  3573  3707  2466  3338  3387  3235  4018  3824  3012  2929          
OWS12A  1910  2070  2094  1897  3136  2810  1633  2989  3707  3062  2347          
OWS12A  1920  3684  4213  3053  4303  2873  4587  3444  2336  3549  2922          
OWS12A  1930  1865  2107  1172  2332  2148  1307   381   391   559   994          
OWS12A  1940  1507  1427  1531  2293  1002   866  1183  1541  1170   195          
OWS12A  1950  1342  1608  1875  2154   455   591   672  1246   980  1291          
OWS12A  1960   674   536   415   517   744   450   498   410   335   382          
OWS12A  1970   371   462   456   387   318   238   447   419   158   338          
OWS12A  1980   409   571   328   204   380     0   179   251   410   407          
OWS12A  1990   520   288   327   131   253   267   225   274   450   460          
OWS12A  2000   362   356   482   552   591   959  1208   855   880   721          
OWS12A  2010   651   987   855   627   649   660  1179 -9999                      
OWS12B  1855   997  1363   365  1132  1446                                        
OWS12B  1860  1265   580  1314  1669  1441   724  1392  1803  1279  1289          
OWS12B  1870  1573   903   778  1160  1411  1250  1269  1100  1437  1512          
OWS12B  1880  1195  1254  1357  1303   919   893  1031  1412  1544  2247          
OWS12B  1890  3113  2473  2229  2600  2282  2116  2174   609  1353  3950          
OWS12B  1900  4168  4820  2524  3951  2997  2493  3764  3546  2930  2843          
OWS12B  1910  2002  1900  1935  2811  2476  2497  3672  3389  2742  2586          
OWS12B  1920  3338  3610  2835  3294  1795  3387  2368  1768  2605  2044          
OWS12B  1930  1538  1974  1028  2247  1528  1002   459   555   611   791          
OWS12B  1940   985   735   808  1105   426   329   479   457   454     0          
OWS12B  1950   329   294   505   575   318   582   485   496   833   335          
OWS12B  1960   383   252   642   887   613   544   335   210   191   269          
OWS12B  1970   406   332   320   338   494   274   229   290   273   427          
OWS12B  1980   136   291   197   277   424   349   705   377   608   353          
OWS12B  1990   369   343   259   372   720   890   650   495   666   669          
OWS12B  2000   466   979  1161   784   788   487   430   410   314   195          
OWS12B  2010   215 -9999                                                          
