OWR05A  1924  4353  5230  4860  5058  4449  5249                                  
OWR05A  1930  5260  5289  4995  4191  3301  3153  5006  3540  4731  4733          
OWR05A  1940  3537  3702  3754  4089  4827  3585  4395  3353  4407  4357          
OWR05A  1950  4806  4534  3649  2570  3302  4396  4424  4508  5204  4327          
OWR05A  1960  3150  4856  5144  3583  2760  2995  4511  4145  3904  4823          
OWR05A  1970  5147  4613  3355  2917  4411  4447  4117  2388  1994  4338          
OWR05A  1980  3838  3579  3946  5277  3958  3062  3408  4990  5074  3461          
OWR05A  1990  3889  4255  4467  4329  4090  4294  5180  4952  3799  4637          
OWR05A  2000  4333  4603  4145  3597  4182  5174  4381  4550  4161  4972          
OWR05A  2010  4113  4086  3852  3330  3903  4370  3713 -9999                      
OWR05B  1907  2419  2375  2506                                                    
OWR05B  1910  2821  2268  2817  3635  3225  3123  4146  4323  4606  3844          
OWR05B  1920  3950  4737  4155  4354  4044  3741  3347  3405  3490  3772          
OWR05B  1930  3930  3649  3028  3243  2706  2396  3351  2402  2640  3003          
OWR05B  1940  2942  3226  2982  2536  2923  3091  2968  2708  3479  3012          
OWR05B  1950  3117  2838  2550  2107  2297  2395  2481  2875  2971  2033          
OWR05B  1960  1798  2482  2561  2262  1896  1957  2194  2166  2183  2450          
OWR05B  1970  2558  2511  2273  1835  2017  2130  2027  1698   936  1689          
OWR05B  1980  2082  2288  2046  2662  2490  1930  2083  2312  2330  2255          
OWR05B  1990  2067  1833  1953  2187  1588  1648  2096  1919  1514  1678          
OWR05B  2000  2050  1749  1609  1480  1506  1714  1591  1509  1709  1708          
OWR05B  2010  1441  1083  1048  1233  1241  1192   947 -9999                      
OWR06A  1931  2823  2014  2528  1991  1573  1984  1650  1996  1970                
OWR06A  1940  1229  1677  1734  1960  1893  1834  1892  1538  1825  1659          
OWR06A  1950  2200  2285  2583  2299  2237  2237  1723  1759  2201  1568          
OWR06A  1960  1461  2045  2001  1821  1405  1767  1673  1559  1452  1391          
OWR06A  1970  1744  1809  1428  1612  1507  1482  1625  1485  1662  1883          
OWR06A  1980  1784  1838  1779  2357  2399  1543  1411  1837  1651  1492          
OWR06A  1990  1783  1980  1907  1952  1862  1539  1735  1786  1502  1690          
OWR06A  2000  2042  2050  1971  1988  1335  1910  2547  2082  1738  2146          
OWR06A  2010  1849  1887  2131  1428  2334  2437  2132 -9999                      
OWR06B  1903  4315  6087  3328  2563  2370  3245  3297                            
OWR06B  1910  3393  3584  4284  3742  2715  4081  6270  7726  6210  4565          
OWR06B  1920  4786  5524  6409  7086  6331  6253  4630  5106  4349  4758          
OWR06B  1930  4835  4406  4396  4215  3822  2450  3054  1985  3499  2446          
OWR06B  1940  1782  1833  2185  2417  2782  2427  2947  2786  3155  2577          
OWR06B  1950  2551  2318  2575  2457  2180  2340  2022  1974  2242  2236          
OWR06B  1960  2106  2543  1893  2036  2209  2082  1926  1573  1608  1786          
OWR06B  1970  1825  1552  1733  1480  1444  1353  1279  1210  1346  1476          
OWR06B  1980  1294  1253  1065  1898  1711  1352  1093  1760  1648  1345          
OWR06B  1990  1922  1788  1854  1797  1922  1970  2058  1598  1665  1925          
OWR06B  2000  1992  2344  1977  1984  2253  2658  2306  2486  1775  2415          
OWR06B  2010  1985  2194  2601  1868  2489  2309  2678 -9999                      
OWR07A  1899  2989                                                                
OWR07A  1900  2719  2046  1601  1531  2184  3096  2798  2363  2495  2414          
OWR07A  1910  2225  2460  1974  2025  2124  3158  4069  3926  5116  4369          
OWR07A  1920  4134  3855  3428  3295  3568  3329  3212  2772  3697  3247          
OWR07A  1930  3333  3092  2959  2716  2257  1947  2032  1922  2399  2131          
OWR07A  1940  1962  2433  2794  2665  3150  2880  2510  2716  3271  3023          
OWR07A  1950  3016  3128  2804  2623  2617  2208  3210  3461  3241  3292          
OWR07A  1960  3473  3722  3073  2448  2301  2629  2391  2676  2395  3197          
OWR07A  1970  3841  3010  2784  2661  2775  3224  3804  2939  3073  3693          
OWR07A  1980  2727  2627  2940  3873  3024  2957  2701  3200  3478  3096          
OWR07A  1990  3041  2663  2874  3173  2925  2375  2136  2226  1723  2545          
OWR07A  2000  2766  2804  2168  2139  2408  3057  2150  2531  3276  2623          
OWR07A  2010  2613  3021  2680  1991  2298  3090  3268 -9999                      
OWR07B  1854  1702  2380  1471   764   912   657                                  
OWR07B  1860   680   969   959  1090   897  1339   882   852   765   719          
OWR07B  1870   810   664  1481  2063  2027  1537  1399  1604  1457  1243          
OWR07B  1880  1832  1346  1696  1270   978   954   656  1331  1397  1508          
OWR07B  1890  2793  2862  3035  3649  3184  3415  4586  4027  3690  4646          
OWR07B  1900  3046  1782  1708  2268  2743  2880  2194  2306  2572  2417          
OWR07B  1910  2309  1510  1648  1464   939  1657  2627  3021  3439  4732          
OWR07B  1920  4107  4204  4090  4153  3685  4021  3435  3520  3010  4522          
OWR07B  1930  3535  3499  2911  2493  2465  1842  2668  1723  2386  2049          
OWR07B  1940  1064  1446  1713  1741  2405  1675  2491  2146  2646  2404          
OWR07B  1950  2985  2802  2047  2322  2229  1671  3037  2900  2351  2677          
OWR07B  1960  2507  2831  2960  2173  2334  2526  2511  1936  2278  3322          
OWR07B  1970  2770  1976  2034  2321  2137  1935  2104  1779  1537  2144          
OWR07B  1980  1643  1795  2279  2638  2079  1262  1822  2319  2352  2089          
OWR07B  1990  2165  1636  1657  2364  1704  1463  2056  1777  1560  2251          
OWR07B  2000  2132  2110  1598  1726  2175  2422  1824  1917  2010  1973          
OWR07B  2010  1697  1987  2249  1722  1960  2394  2223 -9999                      
OWR08A  1938  3807  5627                                                          
OWR08A  1940  4168  4205  4871  6672  6200  4638  5475  5371  6036  4883          
OWR08A  1950  6156  6493  6006  4811  4869  5817  6300  6394  7425  6653          
OWR08A  1960  5239  6276  6664  5707  4819  5870  6538  4637  5119  7036          
OWR08A  1970  7606  6341  4514  5586  6265  5622  6085  4714  5648  5552          
OWR08A  1980  5185  5552  5617  7363  4734  4384  4481  4844  4880  4866          
OWR08A  1990  4349  4473  4184  4026  3731  3296  4811  5005  4731  6287          
OWR08A  2000  6008  6239  4639  4817  5582  6454  4386  4697  4903  6072          
OWR08A  2010  4315  3766  5150  4275  6312  6056  7721 -9999                      
OWR08B  1923  8475  6546  4577  4261  5005  5538  6745                            
OWR08B  1930  6313  4956  4252  4966  4446  3233  3995  3100  3614  4747          
OWR08B  1940  3922  3550  3116  4245  6204  3690  4019  4444  5367  4261          
OWR08B  1950  5760  5112  4071  3496  3501  3642  3982  4648  5172  4147          
OWR08B  1960  4258  5925  6300  4863  3856  5178  4786  4326  3622  4853          
OWR08B  1970  5235  5363  3641  4981  4873  3480  3948  3250  4428  4669          
OWR08B  1980  4211  3386  3029  3950  2734  2375  2974  4222  3529  2612          
OWR08B  1990  3091  2856  2765  2556  2171  2423  2803  2817  2443  3205          
OWR08B  2000  3239  3311  3036  3185  2984  3535  2583  2956  2429  3135          
OWR08B  2010  2601  2352  3284  2765  4078  3101  4114 -9999                      
OWR09A  1953  2915  5293  6294  7023  5489  5969  5664                            
OWR09A  1960  3896  4735  4859  4264  4264  4724  4911  4062  3489  4790          
OWR09A  1970  4795  3884  3533  2869  3829  3862  4702  3717  3570  4316          
OWR09A  1980  3554  4475  4601  4586  3886  3183  2478  4168  2706  2804          
OWR09A  1990  2955  2326  2406  2898  2649  2184  2649  2603  2201  1873          
OWR09A  2000  2062  2611  2930  1932  2036  2968  2780  2633  2611  2746          
OWR09A  2010  2929  2393  2860  2451  3374  3016  3780 -9999                      
OWR09B  1935  2518  3489  2541  3251  4295                                        
OWR09B  1940  3803  4462  4641  4336  5296  3935  3956  3537  3572  3671          
OWR09B  1950  3985  3399  3669  3402  3579  3502  3913  3306  3635  3837          
OWR09B  1960  3215  5227  4237  3957  4124  4008  3476  3452  2954  3332          
OWR09B  1970  3843  3132  2813  2161  3709  3481  3924  2969  2562  3496          
OWR09B  1980  3373  3952  3958  5179  3873  2127  2247  4500  2861  3389          
OWR09B  1990  3111  2738  3437  3882  3279  3399  2990  3043  2601  2844          
OWR09B  2000  2772  3500  4235  2613  2362  3928  2846  2507  2563  3440          
OWR09B  2010  2532  2594  2461  1696  3236  3270  3500 -9999                      
OWR10A  1925  4594  3473  4009  4865  5215                                        
OWR10A  1930  3599  3365  2340  2805  2642  2036  3114  2723  2525  4040          
OWR10A  1940  3967  3974  4033  4760  4756  3380  4213  3403  3687  3324          
OWR10A  1950  4219  4322  3840  3775  3910  3917  4208  3833  3962  4095          
OWR10A  1960  3677  4405  5191  3606  4313  4670  4119  3527  3102  3826          
OWR10A  1970  4799  4286  3614  4315  4297  3805  4499  3504  4596  4959          
OWR10A  1980  4320  4263  3966  4436  4330  3772  3359  4665  4014  2740          
OWR10A  1990  3165  2941  3424  3453  3837  3308  4220  4053  3933  4628          
OWR10A  2000  3817  3895  4960  3350  3160  4120  3299  3302  2742  4216          
OWR10A  2010  3344  3373  3723  2491  3390  3604  3419 -9999                      
OWR10B  1919  2700                                                                
OWR10B  1920  4139  4926  4366  5229  5458  5042  3185  3567  3812  3762          
OWR10B  1930  2985  2790  2248  2344  2135  1877  2672  2324  2862  4606          
OWR10B  1940  4152  3349  3536  4184  4549  3290  4308  3458  3679  3298          
OWR10B  1950  4030  4197  4020  3284  3450  3301  3652  3034  3940  3797          
OWR10B  1960  3549  3639  5017  3298  3591  3411  3164  2760  2732  4177          
OWR10B  1970  4790  4856  3943  3869  4183  3740  4741  3473  4438  5003          
OWR10B  1980  4613  4613  4948  4917  4504  3748  3185  4567  3935  3241          
OWR10B  1990  3559  3958  3920  4774  4133  4101  5369  5009  4232  5830          
OWR10B  2000  4461  4836  5653  3815  4655  5791  4778  4342  3844  4359          
OWR10B  2010  4197  4859  5816  3559  4838  5143  5464 -9999                      
