MCOAV01A1932   783  1285   921   775  1136  1168  1603  1275                      
MCOAV01A1940  1120  1439  1931  1120  1315  2127  1713  1028  1594  1560          
MCOAV01A1950  1077  1546   935   582   737   841  1020  1261   874  1024          
MCOAV01A1960  1134  1338  1025   936  1064  1217  1142   979   936   832          
MCOAV01A1970   766   993   546  1169  1067  1247   713   814   711   885          
MCOAV01A1980   348   862   824   879   890   672   660   693   794   684          
MCOAV01A1990   544   503   985   977   742   916   609   499   616   562          
MCOAV01A2000   711   425   700   564   355   465   473   491   399   443          
MCOAV01A2010   644   727   549   675   878 -9999                                  
MCOAV01B1937   920  1427  1748                                                    
MCOAV01B1940   993  1369  1572   956  1227  1935  1150  1145  1614  1438          
MCOAV01B1950  1499  1820  1140   992   957  1359  1734  1709  1354  1453          
MCOAV01B1960  1765  1680  1734  1131  1490  1484  1256  1361  1782  1609          
MCOAV01B1970  1307  1088   625  1407  1098  1208   925   910   901  1038          
MCOAV01B1980   452   417  1249  1096   986  1156  1007   927  1199  1146          
MCOAV01B1990  1086  1041  1178  1393   823  1402   979  1477   751  1046          
MCOAV01B2000   726   786   769  1032   759   590   586   684   655   707          
MCOAV01B2010   950  1018   631   944  1197  1019 -9999                            
MCOAV02A1925  1312  1077  1275  1200  1265                                        
MCOAV02A1930  1602  1400  1802  1092  1063  1632  1034  1296  1468   938          
MCOAV02A1940  1005  1265  1796  1216  1025  1365  1053   927  1003  1332          
MCOAV02A1950  1621  1555  1215  1302  1130  1227  1672  1528  1586  1240          
MCOAV02A1960  1435  1633  1125   879  1420  1229   984  1386  1126  2049          
MCOAV02A1970  1319  1283   940  1697  2059  1418  1184  1204  1481  1187          
MCOAV02A1980   861   921  2005  1032  1060   969   893   742   829   750          
MCOAV02A1990   836   756  1146  1013   914  1358   756   694   506   887          
MCOAV02A2000   938  1030   914   804   437   515   756   584  1055   549          
MCOAV02A2010   913   566   705   839   825   904 -9999                            
MCOAV02B1931  1373  2125  1310  1316  1652  1468  1594  1890  1666                
MCOAV02B1940   995  1353  1514  1114  1148  2043  1198  1234  1741  2476          
MCOAV02B1950  1955  1476  1118  1078  1019   900  1459  1024  1342  1052          
MCOAV02B1960  1592  1555  1369   955  1120  1125  1198  1241  1398  1223          
MCOAV02B1970  1246  1159   797  1604  1613  1328  1234  1166  1368  1190          
MCOAV02B1980   497  1007  1681  1130  1087   975  1194   858   777   801          
MCOAV02B1990   891   676   806   826   745  1005   935   795   821   623          
MCOAV02B2000  1066   637  1385  1034  1463   637   660   421   407   585          
MCOAV02B2010   863   553   766   821   400   634 -9999                            
MCOAV03A1958  2553  1062                                                          
MCOAV03A1960  1721  2136   799   561  1266  1077   722   809   985  1304          
MCOAV03A1970  1188  1078   755  1119  1084   989   765   629   733   762          
MCOAV03A1980   454   646  1240   679   971   679   908   773   751   874          
MCOAV03A1990   786   623   798   395   781  1008   809   930   656   697          
MCOAV03A2000   956   627   686   440   830   618   388   524   401   341          
MCOAV03A2010   639   836   733   550   584   504 -9999                            
MCOAV03B1941  1283  4557  2474  1177  2678  1105  1357  2024  2140                
MCOAV03B1950  1719  2676  1241  1305  1296  1741  1626  2971  2622  1996          
MCOAV03B1960  2979  2279  1344  1204  1987  2349  1261  1434  1690  2169          
MCOAV03B1970  1635  1480  1002  1388  1100  1194   724   832  1048   819          
MCOAV03B1980   604   587  1547   895   642   890  1043   724   747   805          
MCOAV03B1990   703   586   530   669   737   923   775   866   853   913          
MCOAV03B2000   610   880   606   991   766   596   468   525   393   641          
MCOAV03B2010   603   449   820   682   543   758 -9999                            
MCOAV04A1915  2274  1498  1636  1775   673                                        
MCOAV04A1920  2005  3292  2074  2029  2003   641   856  1068  1220  1323          
MCOAV04A1930  1089  1321  1670  1455  1036  2094   768   671  1128  1028          
MCOAV04A1940  1040   986  1805  1343  1395  1738  1720  2044  1555  2088          
MCOAV04A1950  1840  2083  1367  1231  1037  1359  1015  1073  1164  1064          
MCOAV04A1960  1289  1435  1229  1013  1972  1531  1396  1295  1197  1981          
MCOAV04A1970  1552  1263   878  1289  1684  1816  1346  1266  1124  1228          
MCOAV04A1980   705   557  1475   938  1282   979  1206  1194  1037  1074          
MCOAV04A1990  1598   892  1308  2090  1013  2092  1610  1564  1550  1338          
MCOAV04A2000  1007  1835  1223  1475  1894  1591  1533  1108  2254  1874          
MCOAV04A2010  1723  2014   972   995  1342 -9999                                  
MCOAV04B1908  1368  2010                                                          
MCOAV04B1910  2628   709  2289  1146   698  1350   890  1139   957  1635          
MCOAV04B1920  1283  2145  2534  3405  3327   855   989  1236  1390  1315          
MCOAV04B1930   963  1208  1627  1627  1395  2296   739   748  1054  1148          
MCOAV04B1940  1078  1011  1765  1340  1023  1534  1223  1694  1210  1911          
MCOAV04B1950  1400  1879  1164   830   998  1452   909  1035   959  1422          
MCOAV04B1960  1767  1411   925   895  1396  1289  1052  1390  1211  1635          
MCOAV04B1970  1383   782   903  1100  1497  1817  1973  1414  1123   762          
MCOAV04B1980   454   447   960   895   891   962   869   944   938  1291          
MCOAV04B1990  1552  1210  1523  1759  1148  1671  1520  1200  1513  1185          
MCOAV04B2000   940  1426  1350  1956  2672  1159  1296  1040  1357  1861          
MCOAV04B2010  2186  2309  1504   870  1333   847 -9999                            
MCAOV5A 1920  2009  2305  1566  2199  1927  1301  1846  3320  4235  3421          
MCAOV5A 1930  2621  2591  3495  2507  2014  4783  1623  1804  3049  2848          
MCAOV5A 1940  2844  2266  2613  1555  1401  1965  1776  2456  2479  3204          
MCAOV5A 1950  3020  3540  1956  1593  1834  1610  1094  1446  1255  1302          
MCAOV5A 1960  1752  1973  1739  1278  1715  2062  1636  1532  1605  1318          
MCAOV5A 1970  1309  1112   902  1648  1465  1860   917  1163   915  1078          
MCAOV5A 1980   962   433   491  2338   980  1149   989  1011  1214  1064          
MCAOV5A 1990  1045  1051   820  1461   921  1358  1097  1251  1439   931          
MCAOV5A 2000  1464  1538  1146  1751   796  1046   821   730   928  1073          
MCAOV5A 2010  1342   993   948   962  1155  1620  1136 -9999                      
MCOAV5B 1925   693  1723  2887  3690  2745                                        
MCOAV5B 1930  2208  2620  3176  2659  2087  4969  2368   711  2745  2926          
MCOAV5B 1940  2349  2459  3010  1890  1650  2045  1769  2589  2697  2978          
MCOAV5B 1950  2615  3234  1898  1661  1878  1580  1088  1464  1279  1251          
MCOAV5B 1960  1510  1497  1491  1062  1501  1893  1504  1365  1310  1356          
MCOAV5B 1970  1321  1209   989  1814  1665  1790   952  1048  1039  1086          
MCOAV5B 1980   874   394  1942  1138  1108  1147   964  1180  1216  1227          
MCOAV5B 1990  1157   810  1076  1467   965  1322   874  1192  1491  1132          
MCOAV5B 2000  1626  1418  1313  1812  1043   944   719   973   895  1238          
MCOAV5B 2010  1195  1307  1019   802   641  1422   959 -9999                      
MCOAV6A 1959  3204                                                                
MCOAV6A 1960  3950  2554  2584  1893  3345  3418  3474  2506  2193  2130          
MCOAV6A 1970  1542  1504  1523  2656  2901  1599  1883  2122  2194  1757          
MCOAV6A 1980   971  1492  2664  1777  1495  1564  1516  1276  1292  1958          
MCOAV6A 1990  1407  1050  1491  1988  1682  1980  1666  2735  2004  1448          
MCOAV6A 2000  1488  1559  1334  1883  1604  1832   919  1052  1315  1449          
MCOAV6A 2010  1070   847   862   594   976  1081 -9999                            
MCOAV6B 1944  1069  1910  1747  1145  3659  2201                                  
MCOAV6B 1950  2211  2711  1425  1418  1943  2584  3406  2957  3178  2440          
MCOAV6B 1960  3495  2393  2677  1825  2341  2029  1901  1968  1965  2774          
MCOAV6B 1970  2070  2047  1511  2775  2383  1740  1381  1483  1672  1574          
MCOAV6B 1980   681  1124  2109  1515  1365  1404  1311  1419  1341  1920          
MCOAV6B 1990  1222   969  1138  1107  1338  1746  1199  1752  1570  1646          
MCOAV6B 2000  1371  1588  1405  1352  1105  1156   750  1011   824  1486          
MCOAV6B 2010  1116   747   857   698   935  1224 -9999                            
MCOAV7A 1916  1588  1563  1388  2377                                              
MCOAV7A 1920   884  1844  1374  1610  2327  1559  1480  2071  1657  1663          
MCOAV7A 1930   920   813  1503   828   551  1677   889   475  1156   868          
MCOAV7A 1940   655   566  1006   694   702   941   915   878   977  1355          
MCOAV7A 1950  1326  1357   925   770   671  1119  1373  1440  1221  1113          
MCOAV7A 1960  1251  1444  1271   933  1279  1079  1206  1229  1291  1734          
MCOAV7A 1970  1229  1006   778  1150  1256   973   888   645  1112  1073          
MCOAV7A 1980   891  1258  1322  1117   773  1227  1392  1321  1005  1263          
MCOAV7A 1990  1258   866   995  1759  1067  1838  1269  1267  1189   974          
MCOAV7A 2000   954  1542  1218  1316   998  1134   786   869   726  1071          
MCOAV7A 2010  1045   793   578   610   793   981 -9999                            
MCOAV7B 1912  1149   507   569  2017  1368  1442  1335  1598                      
MCOAV7B 1920   818  1419   977   856  1348  1109  1240  1651  1333  1450          
MCOAV7B 1930   985   705  1125   809  1703   678   408  1037  1048   822          
MCOAV7B 1940   786  1154   916   737  1061   954  1194   880   739   714          
MCOAV7B 1950  1159  1464   982   717   724  1000  1216   933   908   831          
MCOAV7B 1960  1119  1321  1203   893  1307  1176  1036  1331  1196  1786          
MCOAV7B 1970  1120  1008   759  1208  1241  1408  1027   981  1342  1175          
MCOAV7B 1980  1101  1640  1681  1270  1203  1385  1241   907   895   978          
MCOAV7B 1990   843   816   971  1721  1071  1796  1527  1448  1330  1401          
MCOAV7B 2000  1236  1263  1274  1009  1425  1202  1024  1180  1018  1381          
MCOAV7B 2010  1091  1163   827   835  1112  1407 -9999                            
MCAOV8A 1935  4587  2338  3617  3692  2994                                        
MCAOV8A 1940  2876  3559  5455  2737  2014  4612  2743  2116  3338  3402          
MCAOV8A 1950  2588  4756  2487  2047  2030  2470  2623  2470  2103  2256          
MCAOV8A 1960  1746  1605  1204   782  1000  1440  1165   969  1325  1617          
MCAOV8A 1970  1276  1001   776   830  1139  1162   520   925   918   688          
MCAOV8A 1980   458   453   475   601   506   527   669   951   655   680          
MCAOV8A 1990   718   611   747   737   750   671   757   802   696   663          
MCAOV8A 2000   692   728   668   655   623   587   601   395   619   735          
MCAOV8A 2010   722   500   478   585   545   491 -9999                            
MCOAV08B1941  2006  2230  3434  3176  3989  2505  2708  3437  3590                
MCOAV08B1950  3137  3441  1643  1765  1575  3266  2771  2266  2861  1795          
MCOAV08B1960  1701  2122  2514  1075  1343  1948   978   805  1239  1014          
MCOAV08B1970   913   868   820   931   983  1417   695   869  1262  1022          
MCOAV08B1980   769   598  1007  1038   775  1000   846   945   704   946          
MCOAV08B1990   903   753   950   995  1038   802   874   859   787   877          
MCOAV08B2000   812   925   752   938   846   778   835   773   832   853          
MCOAV08B2010  1013   979   719   927  1101  1033 -9999                                                           
MCAOV09A1941  2287  3545  2485  1503  2954  2328  2000  3803  3170                
MCAOV09A1950  2098  2045  1234  1163  1752  2807  2825  2674  2456  1643          
MCAOV09A1960  2220  1541  1241   719  1229   980   909   761   766   942          
MCAOV09A1970   611   547   407   468   440   480   430   438   406   378          
MCAOV09A1980   372   310   324   380   351   342   301   296   349   430          
MCAOV09A1990   335   327   350   448   500   578   585   553   514   498          
MCAOV09A2000   535   430   524   671   471   509   446   388   313   379          
MCAOV09A2010   517   436   416   361   592   465 -9999                            
MCAOV09B1942  3218  2017  1623  3666  1864  1771  2912  2083                      
MCAOV09B1950  1712  2395  1745  1294  1567  1802  1302  1662  1182   758          
MCAOV09B1960   652   615   505   341   474   418   595   448   584   548          
MCAOV09B1970   466   268   378   481   601   365   289   281   394   398          
MCAOV09B1980   256   298   341   428   410   477   486   595   526   616          
MCAOV09B1990   538   457   578   995   845   830   793   902   975   534          
MCAOV09B2000   523   508   616   811   605   589   515   523   656   427          
MCAOV09B2010   426   491   484   540   534   502 -9999                            
MCAOV10A1940  1321  1831  2691  1458  1372  2282  1905  2056  2007  2425          
MCAOV10A1950  3252  3416  2740  2023  1739  1649  1088  1558  1601  1572          
MCAOV10A1960  1840  1471  1549  1375  2212  2331  1368  1690  1630  2271          
MCAOV10A1970  1911  1364  1064  1583  1705  1375  1483  1217  1555  1270          
MCAOV10A1980   975   948  2147  1665   963  1365  1286  1219  1180  1307          
MCAOV10A1990  1552   698  1603  2481  1591  1550   996  1084  1266   916          
MCAOV10A2000   975  1135  1015   878  1418  1050   922   815   549   420          
MCAOV10A2010   275   303   353   450   535   507 -9999 
MCOAV10B1942  2697  1782  3774  4597  2482  2883  1935  3559                      
MCOAV10B1950  2974  3893  2694  1961  1553  1474  1337  1585  1547  1985          
MCOAV10B1960  2826  2332  2893  1781  1896  1511  1299  1357  1441  2466          
MCOAV10B1970  2253  1570  1511  1999  2608  2141  1607  1356  2306  1378          
MCOAV10B1980   846  1182  2100  1647  1353  1657  1671  1431  1381  1532          
MCOAV10B1990  1884  1005  1410  2677  1677  1668  1299  1025  1663   990          
MCOAV10B2000  1070   932  1082  1129  1054   862   815   619   848   750          
MCOAV10B2010   466   466   404   515   552 -9999    