MOQUVE10A1950  6527  7767  3637  3192  3036  3900  4411  3437  5040  2453     
MOQUVE10A1950  6527  7767  3637  3192  3036  3900  4411  3437  5040  2453     
MOQUVE10A1950 6527  7767  3637  3192  3036  3900  4411  3437  5040  2453      
MOQUVE1A1917   825   816  1986                                                    
MOQUVE1A1920  1065  1738  2242  2005  2539  2778  1688  2110  2041  1599          
MOQUVE1A1930  1170  1309  1716  1296  1370  2175  1333  1865  1180   905          
MOQUVE1A1940   849   609  1210  1347   990  1249  1125  1675  1283  1701          
MOQUVE1A1950  1451  1967  1457  1285  1030  1278  1262  1247  1070  1375          
MOQUVE1A1960  1275  1269  1288  1144  1202  1341  1455  1303  1520  2205          
MOQUVE1A1970  1661  1257  1048  1385  1376  1556  1365  1244  1395  1557          
MOQUVE1A1980   988   910  1963  1793  1696  1783  1566  1532  1290  1067          
MOQUVE1A1990  1155   976  1410  1489  1100  1226  1238  1272  1174  1544          
MOQUVE1A2000   915  1544  1444  1307  1639  1381  1130  1373  1444  1628          
MOQUVE1A2010  1727  1522  1007  1270  1596  1404 -9999                            
MOQUVE1B1911   863  1736  1306  1054  1920  1980  1833  1508  2453                
MOQUVE1B1920  2036  2023  3216  2515  2284  1941  1924  2180  2189  1938          
MOQUVE1B1930  1234  1099  1603  1311  1488  2217  1319  1908  1390  1115          
MOQUVE1B1940   908   655  1191   997  1045  1275  1094  1411  1117  1826          
MOQUVE1B1950  1556  2080  1381  1354   990  1324  1271  1245  1210  1398          
MOQUVE1B1960  1497  1258  1445  1061  1103  1366  1562  1301  1551  1661          
MOQUVE1B1970  1470  1188  1158  1411  1457  1780  1462  1032  1467  1439          
MOQUVE1B1980   933   772  1513  1799  1592  1849  1592  1301  1308   937          
MOQUVE1B1990  1020   927  1425  1505  1236  1132  1212  1229  1160  2287          
MOQUVE1B2000  1513  2249  1616  1861  1591  2086  1896  1663  1718  2477          
MOQUVE1B2010  2381  1835  1433  1826  1709  1586 -9999                            
MOQUVE2A1907  1610  1190  1289                                                    
MOQUVE2A1910  1227   539   789  1083   866  1453  1859  1508  1375  2243          
MOQUVE2A1920  1775  1449  1943  1932  2474  1351  1177  1075  1186  1248          
MOQUVE2A1930  1574   972  1126  1078   929  1428  1144  1347  1129  1110          
MOQUVE2A1940   896   808   903   940   894   993  1006  1203  1050   864          
MOQUVE2A1950   963  1050  1219   872   811   740   714   873   773   924          
MOQUVE2A1960  1027   955  1099   890  1161  1333  1193  1336  1749  2245          
MOQUVE2A1970  1615  1496  1004  1563  1629  1692  1394  1779  1554  1283          
MOQUVE2A1980   930   685  1197  1352  1264  1376  1015  1714  1411  1221          
MOQUVE2A1990  1018   899  1153  1702  1441  1461  1418  1423  1404  1459          
MOQUVE2A2000  1427  1682  1852  1803  5643  2832  2061  1430  1604  1792          
MOQUVE2A2010  1249  2086  1132  1540  1288  1135 -9999                                                        
MOQUVE3A1919  1182                                                                
MOQUVE3A1920  1342  2151  2101  2905  2247  1657  1863  1540  2069  1778          
MOQUVE3A1930  1682  1375  1310  1204  1065  2261  1286  1614  1541  1404          
MOQUVE3A1940  1001   737  1282  1179  1021  1372  1074  1695  1168  1335          
MOQUVE3A1950  1202  1527  1235   891   837   753   670   659   629   790          
MOQUVE3A1960   718   742   756   555   658   794   778   703   552  1456          
MOQUVE3A1970   978   849   755  1104  1140  1323   665   842   860   730          
MOQUVE3A1980   776   672  1023  1077  1003   972   706   732   629   663          
MOQUVE3A1990   621   614   698   792   792   800   945   727   772   895          
MOQUVE3A2000   614  1040  1112   974   614   727   711   718   781   798          
MOQUVE3A2010   644   707   662   845   743   692 -9999                            
MOQUVE3B1907  1380  1248  1577                                                    
MOQUVE3B1910  1043   555  1007   640  1045  2261  1375  1401   981  1362          
MOQUVE3B1920  1322  2163  1923  2809  2017  1457  1437  1238  1422  1202          
MOQUVE3B1930  1073   858  1049  1034  1024  1808  1319  1546  1620  1314          
MOQUVE3B1940  1042   700   888   984   891   989   996  1786  1302  1381          
MOQUVE3B1950  1423  1699  1377  1136  1082   945   891   819   877   979          
MOQUVE3B1960   882   910   882   699   703   822   899   800   776  1507          
MOQUVE3B1970  1045   859   733  1042   894  1019   727   735   763   774          
MOQUVE3B1980   694   558   825   997   977   880   612   620   616   647          
MOQUVE3B1990   650   670   751   815   713   784  1029   800   771   835          
MOQUVE3B2000   778  1125  1253  1080   927   915   900   955   824  1066          
MOQUVE3B2010   958   994   701   818   980   905 -9999                                                      
MOQUVE5A1951  4636  3323  2240  2020  1645  1805  1516  1164  1477                
MOQUVE5A1960  2561  2121  2058  1973  2132  2507  2415  2515  3006  4160          
MOQUVE5A1970  3121  2118  1432  1772  2242  2351  2061  1701  1913  1637          
MOQUVE5A1980  1082  1123  2204  1904  1913  2403  1838  1868  1685  1669          
MOQUVE5A1990  1904  1493  1829  2558  2193  2383  2332  1901  1978  2038          
MOQUVE5A2000  2142  3483  2420  2599  2315  2085  2179  1647  1454  1865          
MOQUVE5A2010  2208  2949  2089  1748  1497  1091 -9999                            
MOQUVE5B1939  1473                                                                
MOQUVE5B1940  1822  1093  1992  1627  1261  1928  1308  2206  1517  2055          
MOQUVE5B1950  1677  2149  1634  1589  1371  1283  1338  1322   920   998          
MOQUVE5B1960  1673  1388  1476  1253  1646  1783  1667  1785  1641  2653          
MOQUVE5B1970  2082  1586  1083  1232  1384  1800  1324  1248  1312  1136          
MOQUVE5B1980  1047  1096  2129  1399  1766  1725  1060  1216  1110  1162          
MOQUVE5B1990  1541  1256  1473  1237  1621  2216  2128  1564  1779  1982          
MOQUVE5B2000  1631  2121  2403  2324  1583  1473  1580  1407  1467  1580          
MOQUVE5B2010  1583  2167  1253  1367  1665  1093 -9999                            
MOQUVE6B1913  1370  1315  2327  2482  2003  1952  2330                            
MOQUVE6B1920  1779  1754  1946  2839  3578  2688  2208  3032  2878  3035          
MOQUVE6B1930  2911  2744  3064  2567  1964  3469  1851  2361  1910  1743          
MOQUVE6B1940  1390  1002  1488  1493  1456  2341  1148  2304  1781  1699          
MOQUVE6B1950  1579  2326  1867  1600  1627   959  1417  1528  1063  1449          
MOQUVE6B1960  1477  1387  1612  1707  2119  2032  2194  2499  2027  3061          
MOQUVE6B1970  2162  2917  1552  1698  1982  1521  1168  1565   983   460          
MOQUVE6B1980   980   770  1357  1169  1523  1129  1137  1115  1043   864          
MOQUVE6B1990   945   798   904  1009   922  1087   890   969   956  1160          
MOQUVE6B2000  1209  1603  1649  1584  1240  1105  1095  1068  1448  1511          
MOQUVE6B2010  1491  1404  1142  1197  1548  1081 -9999                            
MOQUVE7A1894  1642  1704  1086  1142  1253  1442                                  
MOQUVE7A1900   895   815  1078  2412  2146  1752  2429  2191  2297  2326          
MOQUVE7A1910  2132  1522  1785  1680  1100   897   914   821   825  1858          
MOQUVE7A1920  1754  1578  1752  2000  2444  1659  1782  1975  1958  1948          
MOQUVE7A1930  1470  1647  2108  1669  1550  2762  1409  1847  1653  1200          
MOQUVE7A1940  1589  1011  1825  1416  1342  1607  1439  2218  1673  1509          
MOQUVE7A1950  1358  1353  1367   973   958  1142  1046  1473  1180  2128          
MOQUVE7A1960  1368  1524  1276  1333  1400  1691  1983  1621  1329  2161          
MOQUVE7A1970  1324  1424  1199  1803  1359  1902  1298  1456  1587  1419          
MOQUVE7A1980  1146  1107  1239  1004  1500  1538  1240  1204  1162   975          
MOQUVE7A1990  1093  1106  1125  1010  1077  1060  1227  1269  1067  1777          
MOQUVE7A2000  1103  1606  1217  1396  1053  1217  1091  1253  1265  1292          
MOQUVE7A2010  1347  1258  1108  1039  1311   940 -9999                            
MOQUVE7B1904  3478  2516  3063  3196  2798  3091                                  
MOQUVE7B1910  2651  1481  2231  1772   934   877   798  1033   892  2237          
MOQUVE7B1920  2253  2015  2226  2961  2970  2242  2206  2213  2445  1971          
MOQUVE7B1930  1651  1938  2206  2114  1294  2383  1383  1905  1915  1406          
MOQUVE7B1940  1541  1244  2376  1916  1451  1814  1841  2322  1914  1272          
MOQUVE7B1950   964  1301  1462  1080   951   959  1287  1799  1150  1440          
MOQUVE7B1960  1577  1528  1381  1441  1727  2042  1754  1846  1784  2527          
MOQUVE7B1970  1807  1468  1173  1246  1709  1606  1345  1449  1555  1498          
MOQUVE7B1980  1020  1067  1836  1411  1523  1531  1342  1327  1126   915          
MOQUVE7B1990  1148   858  1064   994  1094  1217  1236  1311  1246  1566          
MOQUVE7B2000  1222  1581  1544  1612  1307  1342  1450  1538  1691  1371          
MOQUVE7B2010  1246  1346  1125  1223  1278  1087 -9999                            
MOQUVE8A1962  1186  1250  1426  1755  1402  1588  2239  2985                      
MOQUVE8A1970  2491  2100  1199  2440  2125  2411  1318  1238  1591  1129          
MOQUVE8A1980  1015  1250  2661  1952  2104  2323  1594  1917  1238  1643          
MOQUVE8A1990  2270  1864  1855  2941  2041  2471  2143  1868  2903  2259          
MOQUVE8A2000  1694  2741  2281  1925  2036  1645  1969  1458  1329  1929          
MOQUVE8A2010  1864  1647  1031  1452  1558  1437 -9999                            
MOQUVE8B1954  4296  3573  3224  3008  2584  2251                                  
MOQUVE8B1960  2906  2701  2284  2147  2516  2440  2219  2120  3398  3000          
MOQUVE8B1970  2331  2383  2103  4073  3361  3555  2251  2243  2271  1658          
MOQUVE8B1980  1620  2061  4230  2642  2650  2887  2215  2360  1709  1811          
MOQUVE8B1990  1958  1776  2202  3054  2284  2848  2076  1989  2831  2440          
MOQUVE8B2000  2645  6661  3930  2872  2469  2279  2655  2595  2439  2782          
MOQUVE8B2010  1760  1632  1218  1148  1211  1299 -9999                            
MOQUVE9B1948  7707  6467                                                          
MOQUVE9B1950  5829  7827  6019  3874  4849  7279  6648  7252  9919  6562          
MOQUVE9B1960  6448  5046  5150  3244  3521  3525  2653  2032  3140  3829          
MOQUVE9B1970  2356  2315  1327  2438  2224  2167  1247  1676  2633  1871          
MOQUVE9B1980  1397  1818  2315  1942  2006  2082  1521  2087  1285  1607          
MOQUVE9B1990  1880  1341  1528  2048  1719  2410  1515  1537  1591  1822          
MOQUVE9B2000  1750  2382  1931  2055  1726  1673  1550  1462  2711  2528          
MOQUVE9B2010  2420  2201  1393  1534  1636  1112 -9999                            
MOQUVE9A1945  3300  3548  3655  3507  4234                                        
MOQUVE9A1950  5089  6385  3796  2346  2801  4182  4233  3810  4361  2534          
MOQUVE9A1960  3590  3508  3188  1775  2407  3530  3193  3098  4180  5531          
MOQUVE9A1970  4648  3866  2398  3152  3337  2750  1779  1524  2805  1800          
MOQUVE9A1980  1426  1960  3403  2496  2481  2632  1693  1850  1442  1845          
MOQUVE9A1990  1979  1645  1558  2394  1675  2387  1487  1467  1931  1741          
MOQUVE9A2000  1505  1770  1489  1583  1325  1247  1328   879  1959  2728          
MOQUVE9A2010  2138  1685  1122  1306  1107  1094 -9999                            
MOQUV10A1950  6527  7767  3637  3192  3036  3900  4411  3437  5040  2453          
MOQUV10A1960  4071  3941  2857  2472  3126  3238  2569  2800  2859  3641          
MOQUV10A1970  2040  2065  1638  2857  2623  2275  1661  1953  2379  1925          
MOQUV10A1980  1702  2389  3722  2335  2483  3521  2360  2355  1679  2112          
MOQUV10A1990  2388  2106  2696  3095  2640  2843  2148  1896  2194  1968          
MOQUV10A2000  1962  2786  2026  2159  2147  2095  2029  1641  2076  2715          
MOQUV10A2010  2790  2312  1086  1213  1458  1406 -9999                            
MOQUV10B1955  9529  8310  5415  7113  3460                                        
MOQUV10B1960  4554  3909  3285  2965  2811  2654  2058  3290  3473  4018          
MOQUV10B1970  2321  2306  1911  3194  2612  2379  1727  1606  1828  1413          
MOQUV10B1980  1375  1877  3112  2305  2160  2724  2106  2687  1870  2380          
MOQUV10B1990  2661  2308  2878  3561  2815  3173  2556  2007  3058  2553          
MOQUV10B2000  2360  3004  2433  2500  2486  2483  2567  1881  2090  1936          
MOQUV10B2010  2029  2395  1456  1794  1931  2229 -9999                            
MOQUVE111919  3024                                                                
MOQUVE111920  2612  2358  3963  2873  2230  1816  2338  2487  2367  2249          
MOQUVE111930  1377  1268  1796  1562  1457  2279  1480  2156  1721  1197          
MOQUVE111940  1082   912  1203  1229  1073  1392  1190  1427  1151  1614          
MOQUVE111950  1584  1791  1412  1320  1101  1544  1316  1372  1161  1433          
MOQUVE111960  1515  1454  1476  1219  1386  1599  1554  1439  1711  2028          
MOQUVE111970  1618  1164  1120  1468  1531  2469  1645  1121  1345  1485          
MOQUVE111980   838   836  1741  1890  1527  1902  1621  1687  1350  1073          
MOQUVE111990  1474  1251  1946  1518  1254   967  1377  1223  1255  1590          
MOQUVE112000  1110  1710  1507  1618  1673  1587  1397  1408  1775  2050          
MOQUVE112010  2140  1716  1286  1344  1798  1188 -9999                            
