LO01a    1876    4952    4499    4656    4584
LO01a    1880    4838    4996    3354    2517    4057    3893    3531    3341    2270    3586
LO01a    1890    4845    5069    5130    4304    4388    3209    3698    4997    6530    5835
LO01a    1900    5579    4574    4268    4313    5341    4077    4022    3812    4180    4690
LO01a    1910    4343    3263    3054    3430    2591    2808    2810    3351    2904    3776
LO01a    1920    2884    2542    2022    1787    1641    1723    2067    2518    2656    2279
LO01a    1930    2054    2832    2181    2167    2242    1932    1473    2134    2171    2100
LO01a    1940    2319    2085    2316    2418    1608    1591    1671    2035    2110    2380
LO01a    1950    1943    2098    1464     985    1149    1761    1614    1625    1995    1810
LO01a    1960    1463    1514    1573    2154    2009    1964    1944    2479    1907    1580
LO01a    1970    2153    2244    2031    1688    1602    2640    1864    1744    1962    1796
LO01a    1980    2023    1108    1092    1328    1985    1997    1427    1761    1516    1761
LO01a    1990    1906    2000    1774    1684    1873    2023    1730    1737    2253    1625
LO01a    2000    1847    1791   -9999
LO01b    1890    4025    4738    5213    5747    6473    4998    5199    6152    6709    5907
LO01b    1900    5341    4701    4708    5246    6535    4269    4732    3642    4923    4024
LO01b    1910    4140    3333    3897    5078    4976    4234    3987    3110    2842    3324
LO01b    1920    2985    2698    2466    2126    2779    2541    2697    2958    2692    2261
LO01b    1930    2380    2763    2792    2355    2240    1998    1708    2140    2024    2092
LO01b    1940    1980    1776    1606    1794    1137    1394    1619    1820    2070    2336
LO01b    1950    1764    1921    1781    1025    1394    2107    1753    1541    2152    1930
LO01b    1960    1863    1932    2044    2141    2027    1798    2117    2438    1722    1480
LO01b    1970    1940    1994    1671    1598    1647    2211    1428    1906    1764    1673
LO01b    1980    1920    1050    1065    1346    1584    1986    1830    1851    1317    1605
LO01b    1990    1692    1983    1528    1567    1787    2034    1880    1640    2111    1485
LO01b    2000    1786    1994   -9999
LO02a    1900    4386    3960    3776    2866    4336    3037    3889    2639    3359    3694
LO02a    1910    3904    3689    3908    4306    3814    3840    3854    3277    3014    3412
LO02a    1920    3481    3050    2620    2177    2464    2747    2808    3027    3438    3342
LO02a    1930    3347    4013    3680    3688    4379    4040    4031    4484    3623    2932
LO02a    1940    3464    3774    3343    4001    2805    2800    3391    4164    2759    3990
LO02a    1950    3305    2561    2292    1507    2367    4070    2168    2216    3343    3570
LO02a    1960    3469    3370    2870    3128    2389    1942    2386    2875    2555    2988
LO02a    1970    3300    2574    2309    1986    2692    3251    1727    2103    2214    2513
LO02a    1980    2774    1253    2102    1822    2419    1805    1843    2175    1919    2572
LO02a    1990    1687    1627    1671    1993    1535    2246    2312    2025    2778    2143
LO02a    2000    2538    3004   -9999
LO02b    1885    1735    1633    2070    3067    3696
LO02b    1890    3541    3856    4413    4121    5046    3683    3861    3633    3540    3243
LO02b    1900    2605    2517    2574    1821    2126    1342    1615    1188    1607    2050
LO02b    1910    2693    2472    2534    2625    2521    2539    2418    1837    1550    1862
LO02b    1920    1735    2087    1237    1250    1534    1810    1993    2253    2295    1838
LO02b    1930    1885    2373    2397    2433    2503    1792    1740    1853    2326    1880
LO02b    1940    1769    2070    2354    2373    1884    1955    2426    2756    2693    3630
LO02b    1950    2873    2200    1722     957    2082    2543    1688    2401    2438    2233
LO02b    1960    2212    2330    2062    2490    2496    2005    1938    2164    1985    1811
LO02b    1970    1814    1627    1402    1180    1347    1492    1034    1057    1312    1089
LO02b    1980    1289     684    1128    1339    1639    1235    1455    1433    1508    1732
LO02b    1990    1135    1472    1373    1617    1267    1559    1613    1468    1942    1472
LO02b    2000    1458    2188   -9999
LO03a    1907    5052    5633    5203
LO03a    1910    5669    4396    4533    5354    5114    5457    6115    6262    5251    4973
LO03a    1920    4640    4342    4252    4770    4794    4273    3768    3922    3835    3672
LO03a    1930    3413    3947    4597    3961    4449    4542    4927    4720    3641    2876
LO03a    1940    2382    3161    2875    2957    3029    3128    3494    4438    2521    2850
LO03a    1950    3132    3391    2846    1955    3195    3429    2675    2324    1968    2639
LO03a    1960    3179    3098    3277    3152    2475    2022    2199    3437    2918    2723
LO03a    1970    3130    3037    2676    2078    2871    3305    2178    1473    2110    2739
LO03a    1980    3200    1920    1404    1769    1934    2117    1808    2430    1869    2397
LO03a    1990    1652    1346    1453    1795    1640    2032    2218    2213    2324    1557
LO03a    2000    1915    1847   -9999
LO03b    1895    4132    4389    4462    6260    5516
LO03b    1900    5375    4861    4770    4299    5399    3932    4038    3490    4089    3470
LO03b    1910    3537    3856    3566    3930    3713    3492    3842    3779    3482    3811
LO03b    1920    3494    3690    2986    3807    4372    4009    3947    4259    4020    3460
LO03b    1930    3052    3278    3569    2996    3501    3544    3180    3727    2886    2386
LO03b    1940    2059    2241    2529    2632    2759    2157    2434    3824    2058    2292
LO03b    1950    2518    2953    2309    1923    2671    3281    2388    1805    1725    2597
LO03b    1960    2371    2686    2700    2642    2223    1873    2240    3300    2623    2197
LO03b    1970    2844    2795    2059    1514    2385    2826    1903    1519    1867    2399
LO03b    1980    2850    1705    1466    1453    1531    1773    1388    1929    1895    2096
LO03b    1990    1221    1093    1375    1689    1572    1972    2045    2234    2230    1795
LO03b    2000    2052    2457   -9999
LO04a    1895    3762    4073    4763    5608    4750
LO04a    1900    5351    5572    4960    4623    5985    4951    5951    5716    5790    4794
LO04a    1910    5258    4975    4871    4986    4835    4827    4496    4624    4535    4425
LO04a    1920    4178    4565    3595    3279    3587    3967    4220    4404    4083    3576
LO04a    1930    3596    3422    3603    3472    3419    3210    2708    3500    3553    3416
LO04a    1940    2703    2570    2251    2860    2205    2666    2688    2882    2453    2953
LO04a    1950    2968    2729    2427    1941    2141    2805    2307    2266    2207    2891
LO04a    1960    2164    2673    2030    2149    2055    1629    1713    2092    2161    2212
LO04a    1970    2464    2355    1943    1828    2154    2587    1884    2054    1735    1746
LO04a    1980    1963    1567     995    1297    1392    1654    1428    1651    1354    1639
LO04a    1990    1190    1513    1460    1550    1208    1261    1156    1306    1187     988
LO04a    2000    1522    1509   -9999
LO04b    1890    3963    4307    5024    4916    4033    3888    4298    4600    5933    5129
LO04b    1900    5854    5531    4734    4430    6054    5333    6287    5208    5195    4277
LO04b    1910    4923    5073    4958    5220    4698    4736    5167    4606    4186    4210
LO04b    1920    3726    3674    2873    3254    3921    3833    3608    4073    3382    2957
LO04b    1930    3248    3611    3763    3365    3419    2923    2775    3751    3444    3317
LO04b    1940    3026    2636    2546    2744    2041    2628    2447    2775    2495    2424
LO04b    1950    2429    2207    2038    1687    1807    2199    1781    1716    1676    2595
LO04b    1960    2435    2717    2016    2270    1785    1500    1570    1973    2343    2515
LO04b    1970    2446    2367    2010    2005    2324    2557    1628    1510    1561    1544
LO04b    1980    2148    1377     837    1194    1284    1544    1546    1666    1524    1708
LO04b    1990    1195    1648    1776    1752    1769    1944    1665    1953    1751    1342
LO04b    2000    1520    1701   -9999
LO05a    1874    1819    1512    1365    2019    1605    2236
LO05a    1880    1783    1321    1086    1090     894     940    1006     833    1091     988
LO05a    1890    1236    1119    1442    1409    1434    1220    1580    1802    2315    1992
LO05a    1900    2500    2360    2580    2477    2991    2130    2587    2095    2394    2072
LO05a    1910    2096    1835    2166    2276    2429    2245    2480    2390    2109    2030
LO05a    1920    2209    2470    1997    1957    2715    2559    2635    2442    2614    2508
LO05a    1930    2319    2409    2713    2211    2283    2240    2046    2108    2485    2351
LO05a    1940    2080    2014    1759    1964    1723    1628    1649    1714    1386    1615
LO05a    1950    1477    1493    1264    1125    1270    1399    1171    1462    1417    1378
LO05a    1960    1615    2035    1845    1852    1706    1328    1458    1759    1916    1583
LO05a    1970    1783    1884    1343    1223    1662    1783    1467     972    1097    1292
LO05a    1980    1643    1360    1190    1184    1371    1417    1113    1464    1255    1283
LO05a    1990    1171    1401    1250    1268    1175    1188    1219    1111    1196     847
LO05a    2000     874     946   -9999
LO05b    1881    2720    2641    2064    1788    1944    1791    1611    1627    1724
LO05b    1890    1812    1577    1707    1496    2048    1895    1818    2554    3114    3332
LO05b    1900    3595    3134    2597    2380    3561    2182    3470    2375    2844    2226
LO05b    1910    2055    1996    2416    3161    3319    3622    3131    3079    2954    3166
LO05b    1920    3561    2867    2847    2733    3354    3379    3248    3196    2881    2965
LO05b    1930    2710    2881    2937    2732    2785    2697    2349    2852    3615    2772
LO05b    1940    2399    2315    2091    2498    2134    2434    2384    1889    1737    2072
LO05b    1950    1878    1968    1861    1606    1674    2070    1647    2195    2669    2647
LO05b    1960    2735    3208    3052    3236    2848    1978    2104    2538    2706    2486
LO05b    1970    2539    2289    2096    2089    2656    3192    2237    1708    1777    1693
LO05b    1980    2179    1863    1656    1794    1914    1967    1423    1703    1558    1772
LO05b    1990    1843    2027    1743    1726    1298    1319    1444    1572    2013    1391
LO05b    2000    1661    1901   -9999
LO06a    1901    5070    4448    3859    4714    3583    3121    2395    3114    2948
LO06a    1910    3452    3347    3058    3094    3011    2722    3057    2555    3118    3424
LO06a    1920    3217    2939    3247    2700    3305    2840    2620    2887    3013    3289
LO06a    1930    3564    3525    3340    3327    3513    3121    2347    3017    2676    2879
LO06a    1940    2103    2555    2298    3026    2326    2386    2156    3024    2680    4162
LO06a    1950    3973    3572    2802    2029    2797    3111    1854    1956    2618    2610
LO06a    1960    2027    2105    2644    2758    2129    2169    2916    2708    1680    1533
LO06a    1970    2130    1597    1315    1131    1639    1600    1005     938    1184    1151
LO06a    1980    1791     910     592    1106    1462    1471    1438    1832    1807    1473
LO06a    1990    2218    1867    1715    1934    1701    1736    1686    1580    1455    1757
LO06a    2000    1380    1260   -9999
LO06b    1894    4643    3101    3310    4238    5307    5177
LO06b    1900    5881    5749    4574    4441    4770    4199    4050    3698    4134    3954
LO06b    1910    4233    3807    4228    4475    4869    3838    3716    3165    3604    4179
LO06b    1920    3662    3777    3656    3501    4554    4430    4210    4111    4365    4303
LO06b    1930    4384    4723    4384    3729    4340    3764    3458    4084    3580    3253
LO06b    1940    3097    3992    3748    4200    3099    3304    3621    4500    3333    4192
LO06b    1950    3897    3486    2984    2048    2757    3319    2544    2533    3272    3416
LO06b    1960    2240    2420    2494    2938    2291    1993    2541    2639    2134    1869
LO06b    1970    2262    1853    1831    1552    1622    1930    1069    1088    1354    1135
LO06b    1980    2196    1022     730    1338    1858    1744    1718    2174    1937    2308
LO06b    1990    2416    2045    1906    2209    2268    2596    2550    2160    2512    2285
LO06b    2000    1997    1946   -9999
LO07a    1902    2364    2436    3435    3286    3408    2847    2794    2972
LO07a    1910    3333    2575    2836    2993    2941    3187    3036    2633    2993    3478
LO07a    1920    3701    3412    2734    2583    3012    2991    2727    2588    3068    2857
LO07a    1930    3501    3509    3607    3307    3413    2949    2384    3091    3941    3314
LO07a    1940    3213    3507    3366    3287    3477    3742    3656    4130    3335    4199
LO07a    1950    3947    3358    3033    2692    3162    4733    3819    4332    4991    5470
LO07a    1960    4502    4194    3236    4251    5146    4434    2934    2906    3807    3798
LO07a    1970    4374    3772    3951    3260    4082    4380    2660    2600    4031    3701
LO07a    1980    4735    3289    3480    3389    4539    4076    3305    3401    4424    4085
LO07a    1990    4410    3619    3191    3682    3197    4133    3795    3859    4832    3572
LO07a    2000    3376    3045   -9999
LO08a    1907    3167    4189    4478
LO08a    1910    5270    4813    4315    4845    5219    4444    4234    4305    4445    4088
LO08a    1920    4598    3624    2776    2919    3919    3896    3686    4193    4553    3950
LO08a    1930    3888    3810    4256    3964    4361    3607    2999    4541    5004    4116
LO08a    1940    3907    4307    3889    4311    4886    4320    4535    4758    4189    4658
LO08a    1950    4902    3768    4054    3080    4164    5132    3956    3606    3315    3483
LO08a    1960    3244    3279    3289    3364    2839    2994    3295    3102    2712    2255
LO08a    1970    3462    3250    2756    2364    3287    3562    2494    2276    3084    3102
LO08a    1980    3304    2210    1347    2161    2839    2588    2157    2505    2934    3171
LO08a    1990    3076    2704    2633    2945    2867    3251    3027    3092    3364    3195
LO08a    2000    3506    3498   -9999
LO08b    1921    4005    3017    3031    3609    3817    3255    3738    3576    3319
LO08b    1930    3031    3348    3968    3715    3643    3289    3018    3935    3777    3408
LO08b    1940    3267    3508    3436    3763    3557    3673    4096    4282    3947    4548
LO08b    1950    4396    3403    3768    2700    3510    3557    2882    2645    2652    3029
LO08b    1960    2824    2977    2845    2938    2283    2873    2727    2701    2511    2021
LO08b    1970    2585    2528    2615    2210    2565    2557    1861    1609    2368    2654
LO08b    1980    3110    2011     891    1570    2104    1951    1308    1476    2178    2333
LO08b    1990    2242    2156    1945    2565    2244    2567    2491    2580    2602    2445
LO08b    2000    3089    2692   -9999
LO09a    1929    3006
LO09a    1930    4289    4598    4819    4430    4898    4111    3669    5183    5504    4047
LO09a    1940    4240    5222    5853    5882    6127    5841    5788    6570    5253    6262
LO09a    1950    6502    6511    5614    3222    5208    6176    3973    4560    5129    5808
LO09a    1960    5373    5240    5298    5179    4994    4565    3860    3765    3513    4040
LO09a    1970    4944    4769    2471    2554    3177    3841    2517    3130    3330    3319
LO09a    1980    4217    2019    2194    2413    3496    2979    2906    2201    1841    2490
LO09a    1990    3444    3049    2803    3979    2704    2977    3226    2380    3645    2618
LO09a    2000    3498    3748   -9999
LO09b    1909    2121
LO09b    1910    2599    2410    2194    2120    2491    2603    3021    2281    2795    2928
LO09b    1920    3192    2667    2590    2863    2639    3098    2779    2529    2817    2548
LO09b    1930    3370    3506    3370    3149    3479    3016    2578    3506    3037    2203
LO09b    1940    2572    2351    3181    2815    2961    2600    2778    2738    2316    2570
LO09b    1950    2581    2468    1913    1510    2190    2256    1833    2613    3539    3395
LO09b    1960    2725    2391    2694    2851    2617    2168    2254    1975    1597    1468
LO09b    1970    2171    2118    1800    1761    2582    3042    2300    2395    2803    2856
LO09b    1980    3387    1840    1561    1595    2003    2069    2031    1910    1557    2473
LO09b    1990    2447    2397    2153    2860    2593    2705    2792    2289    2608    2037
LO09b    2000    2889    2585   -9999
LO10a    1901    2664    2534    2571    1971    1830    1793    1593    1968    1871
LO10a    1910    2343    2579    2236    1879    1870    2069    2318    1860    1566    1468
LO10a    1920    1898    1909    1479    1387    1180    1224    1215    1083     887     775
LO10a    1930     993    1324    1445    1035    1299     957     882    1270    1726    2110
LO10a    1940    1990    2838    2995    3222    3768    3551    3858    4458    2438    3165
LO10a    1950    4536    4440    3800    2399    2822    4597    2421    3407    3228    5283
LO10a    1960    5776    5051    4244    2654    3348    3464    3518    3757    4246    3484
LO10a    1970    2886    3798    4314    4848    6007    4544    3225    4338    4345    3337
LO10a    1980    4559    1977    2470    3044    4514    3850    3192    3395    3448    3260
LO10a    1990    3925    2570    2904    3920    4341    5015    6200    3343    3408    3292
LO10a    2000    4631    3536   -9999
LO10b    1913    2835    2960    2535    2806    2735    2581    1976
LO10b    1920    2528    1980    1414    1443    1344    1663    2000    1776    1366    1109
LO10b    1930    1538    1631    1659    1162    1683    1507    1063    1237    1720    1518
LO10b    1940    2083    2503    3531    3361    4091    3135    3180    3477    3505    3499
LO10b    1950    4276    4565    3783    2196    3135    4716    2923    4591    4084    4851
LO10b    1960    4078    5247    5347    3901    3479    3406    3913    2916    3219    3414
LO10b    1970    3445    2784    3029    4034    5420    4029    2098    2606    2630    1979
LO10b    1980    3576    1699    2514    3550    4391    3264    2207    2627    2936    3087
LO10b    1990    2899    2203    2018    3533    3589    3027    4063    2653    2143    2263
LO10b    2000    3570    3663   -9999
LO11a    1910    2721    1982    1926    1835    2611    2410    2626    2126    1603    1732
LO11a    1920    2349    1756    1833    1530    2072    2048    1847    2097    2087    1862
LO11a    1930    2228    1888    2240    2270    1937    1568    1196    1451    1504    1516
LO11a    1940    1412    1590    1743    2079    2070    2116    2114    2086    2100    1886
LO11a    1950    1849    1791    1793    1340    1646    1759    1327    1480    2275    2070
LO11a    1960    2084    2470    2587    2539    1839    1442    2122    2080    2292    2534
LO11a    1970    2585    2505    2245    2102    2401    2955    1787    1757    2139    2134
LO11a    1980    3303    1613    1673    2067    2516    2774    3121    2742    2319    3003
LO11a    1990    3634    3641    3210    3265    2981    3932    3321    3174    3796    3013
LO11a    2000    4147    4419   -9999
LO11b    1905    4056    4165    3420    3085    2536
LO11b    1910    2990    2463    2010    1944    2438    2263    2047    1871    2473    2413
LO11b    1920    2880    2888    2457    2476    3043    2987    3020    3173    2877    2662
LO11b    1930    2275    2628    3178    2997    2957    2391    1835    2061    2373    2336
LO11b    1940    2000    2125    2190    1895    2142    2456    2654    2695    2761    2792
LO11b    1950    2904    2020    1704    1197    1868    2174    1397    1718    2371    1918
LO11b    1960    1746    1843    1671    1778    1621    1395    1654    1526    1722    1681
LO11b    1970    2094    2229    1925    2014    2380    2994    1884    1745    2205    2085
LO11b    1980    2777    1421    1539    2187    2833    2923    2548    2184    2013    2904
LO11b    1990    2668    2794    2695    2907    2427    3318    3179    3075    4364    3804
LO11b    2000    5637    5829   -9999
LO12a    1920    4197    3796    3327    3283    4023    4479    4063    4030    4140    3965
LO12a    1930    3970    3922    4013    3844    3761    2854    2643    3402    3114    2799
LO12a    1940    2621    2819    2800    3068    2860    2729    3233    3069    2833    3708
LO12a    1950    3482    3222    2404    1283    2021    3761    2381    2133    1901    2201
LO12a    1960    1779    1964    1999    2026    2091    1669    2429    2559    1916    1910
LO12a    1970    2255    2014    2207    1716    2375    2570    1244    1639    2208    1442
LO12a    1980    1927     990    1209    1279    1917    1743    1274    1477     912    1647
LO12a    1990    1268    1120    1282    1397    1352    1675    1495    1544    1746    1065
LO12a    2000    1399    1331   -9999
LO12b    1930    5434    5668    5744    5297    4951    4239    3493    4402    4791    4609
LO12b    1940    3888    4599    4105    4141    2404    2986    3805    4608    3101    4673
LO12b    1950    4785    4555    3682    2077    3815    4980    2378    3456    3155    3479
LO12b    1960    2799    3431    2872    3367    3416    2897    3412    3779    3014    3309
LO12b    1970    3424    2926    2936    2380    3404    3662    1839    2339    2673    2054
LO12b    1980    2638    2169    1296    1498    2453    2022    1472    1942    1529    1980
LO12b    1990    1769    1463    1609    2043    1826    2111    1819    1429    1929    1388
LO12b    2000    1937    1723   -9999
LO13a    1900    3180    2687    2250    2906    3340    3039    2962    2444    2703    2763
LO13a    1910    3245    3826    3224    3581    3323    2538    2659    2647    2671    2592
LO13a    1920    2681    2166    1883    1962    2378    2331    1716    1458    1513    1622
LO13a    1930    1901    2342    3006    2926    2808    2152    1529    2076    1686    1612
LO13a    1940    1610    1946    2200    2296    2889    2911    2803    3005    2508    3317
LO13a    1950    2796    3098    2648    1608    2333    3231    2981    3701    3658    3595
LO13a    1960    3376    3576    3510    3476    4110    3076    2664    3246    3386    2879
LO13a    1970    2835    2940    3142    2833    3065    4492    2705    2596    3395    2738
LO13a    1980    3433    1550     798    1814    2779    2972    2729    2692    2233    2727
LO13a    1990    1370    2073    2774    3225    2615    3106    2917    2673    4191    2313
LO13a    2000    2650    3572   -9999
LO13b    1916    2723    2611    2302    2504
LO13b    1920    2203    1881    1362    1737    2364    2815    2208    1773    1645    1836
LO13b    1930    2293    2251    2923    3247    2770    2715    2506    2961    3125    3277
LO13b    1940    2897    3318    3388    3089    4139    3492    4079    4665    3817    4115
LO13b    1950    4621    4714    4202    2800    4102    4917    4407    5245    5098    5757
LO13b    1960    5059    5891    4968    4644    5307    4669    4218    4039    3582    3367
LO13b    1970    4121    3662    3975    3128    4402    5914    3328    2227    4016    3569
LO13b    1980    5373    1662    1177    2087    3405    4169    3627    3929    3003    3811
LO13b    1990    1855    1533    2802    4502    3863    4518    4419    3661    4812    2815
LO13b    2000    3175    4537   -9999
LO14a    1918    5907    6039
LO14a    1920    6193    5413    5060    5330    5416    5626    5520    5059    5708    5409
LO14a    1930    6095    5666    5669    5083    5090    4297    4239    5014    4070    3933
LO14a    1940    3473    4148    4513    4144    4128    4597    4186    5305    4345    5723
LO14a    1950    4858    4031    4074    2451    3020    3731    3656    5012    5108    4429
LO14a    1960    4669    4983    4224    4264    4614    3848    4354    4464    4167    3313
LO14a    1970    3654    3410    3544    3628    3544    3912    3191    3417    3222    3425
LO14a    1980    3274    1883    2114    2057    1997    2281    2208    2219    1978    1962
LO14a    1990    1425    1258    1440    1305    1148    1222    1044    1261    1477    1276
LO14a    2000    1096    1164   -9999
LO14b    1927    4335    4585    4409
LO14b    1930    5538    5156    5277    4727    4938    4482    3811    4767    4854    4086
LO14b    1940    3413    3773    3790    3794    4178    4667    4274    5152    4244    5380
LO14b    1950    5382    5152    4764    2762    3416    4611    3899    5018    5978    6146
LO14b    1960    5054    4922    4722    5075    5604    5582    5963    6373    5537    5112
LO14b    1970    5524    4839    4988    4488    4785    5125    4802    5070    5441    5726
LO14b    1980    5067    2661    3513    3410    4546    4222    4458    4546    3912    3922
LO14b    1990    3516    3316    2928    3334    3119    3902    3670    3085    4556    3526
LO14b    2000    3515    3725   -9999
LO15a    1901    2849    2125    2085    1939    1987    2595    1231    2019    2022
LO15a    1910    1638    1256     875     982    1195     948     977     890     628     944
LO15a    1920    1493    1082    1180     965    1194    1038     965    1274     864     695
LO15a    1930     924    2036    3267    3324    3919    2876    2228    3012    2555    2503
LO15a    1940    2410    2943    3324    2736    2681    2431    2669    2983    2888    3395
LO15a    1950    3891    3517    3345    2556    3254    4568    2638    3055    3645    3928
LO15a    1960    3069    3736    3520    3454    2950    2718    2395    2813    3016    3080
LO15a    1970    3134    3376    3125    2779    3031    3234    2405    2632    2865    3423
LO15a    1980    3485    1812    1501    2216    2906    2514    2420    2464    3203    2506
LO15a    1990    2528    2259    1938    2352    2683    2918    2411    2080    2702    2340
LO15a    2000    2191    2391   -9999
LO15b    1933    3921    4623    3532    3262    5227    4278    4645
LO15b    1940    4458    5234    6531    5711    4750    4084    4816    5981    4977    5084
LO15b    1950    5694    6126    4491    3518    3915    5513    3558    4003    4774    4222
LO15b    1960    3765    3998    3347    3679    3336    3843    3186    3305    3203    3623
LO15b    1970    4163    3532    3956    2940    3347    4016    3001    3535    3589    3708
LO15b    1980    3929    2050    2163    2325    2979    3065    3319    3212    3949    2805
LO15b    1990    3050    2675    2264    2645    3201    3710    4123    3291    5187    3562
LO15b    2000    3605    3410   -9999
LO16a    1900    3983    3334    3177    3241    3588    2909    3606    3201    3097    3816
LO16a    1910    3625    3430    3291    3307    3446    3039    2521    2454    2504    2869
LO16a    1920    3219    2656    2110    2098    2666    2879    2439    2671    2222    2012
LO16a    1930    2411    3336    3333    3166    3537    3199    3245    3475    3818    3152
LO16a    1940    3360    4076    4180    3975    3652    3272    3643    3837    3308    4404
LO16a    1950    4071    4319    4117    3070    3393    4004    3628    3763    3470    3393
LO16a    1960    3376    3389    3461    3560    2825    2480    2727    3183    3421    2869
LO16a    1970    3402    3460    3160    2735    3346    4085    3057    2272    2466    2847
LO16a    1980    3212    1864    2358    2575    3289    2920    2699    2888    2696    2471
LO16a    1990    1660    2028    2627    2964    2710    2877    2548    2429    3010    2544
LO16a    2000    2102    2209   -9999
LO16b    1897    4079    4526    4522
LO16b    1900    4579    3520    2465    2701    2790    2153    2505    1702    1644    2229
LO16b    1910    2437    2146    1977    2018    2272    1908    1648    1718    1742    2028
LO16b    1920    2178    1450    1107    1339    2093    2165    1702    1548    1623    1583
LO16b    1930    1828    2459    2759    2644    2455    2069    2067    2898    3152    2974
LO16b    1940    2385    3194    3416    3382    3007    2936    2722    2495    2382    3607
LO16b    1950    3322    3487    3803    2785    3360    3977    3155    3475    3307    3323
LO16b    1960    3352    3652    3731    3632    2921    2865    3011    3197    3219    3164
LO16b    1970    4166    3722    3541    2927    3764    4122    3867    2902    2983    3261
LO16b    1980    4451    2302    2906    3187    3961    3868    3257    3376    3442    3022
LO16b    1990    1609    2869    3311    3839    3129    4142    3560    3368    3619    3635
LO16b    2000    3272    3156   -9999
LO17a    1886     782     609     281     263
LO17a    1890     592     422    1725    1907    3172    2050    1797    2070    3178    3100
LO17a    1900    2503    2236    1842    1706    1959    1129    1394     892     966    1631
LO17a    1910    1876    1485    1314    1513    1384    1492    1496    1544    1372    1458
LO17a    1920    1652    1840    1423    1238    1710    1531    1179    1180    1421    1231
LO17a    1930    1436    1792    1469    1275    1726    1730    1907    2493    2079    2433
LO17a    1940    2605    2434    2607    2708    2016    1427    2146    2970    1774    2196
LO17a    1950    1947    2016    1777    1847    1845    2564    1968    2222    1769    1941
LO17a    1960    2065    2417    1782    1941    2115    1729    1608    1710    1916    1712
LO17a    1970    2073    2699    2393    1513    2285    3024    1606    1173    1759    2537
LO17a    1980    2485    1091    1766    1626    2188    2447    1712    1753    1790    1958
LO17a    1990    1754    1401    1913    2361    2106    2496    2684    2512    2660    2263
LO17a    2000    2048    2819   -9999
LO17b    1897    2108    3642    4533
LO17b    1900    4763    5164    3782    3998    5194    4327    4460    3453    4052    4009
LO17b    1910    4235    3193    3707    3749    3439    2863    2941    2451    2142    2206
LO17b    1920    2609    3060    2687    2469    2587    2432    1912    1805    1953    2352
LO17b    1930    3895    3760    3147    2816    3236    3251    4026    5379    4056    3798
LO17b    1940    3386    3613    3627    4605    3800    3085    3749    4687    4054    4888
LO17b    1950    4260    3892    3509    2828    3255    4781    3104    3505    3095    4393
LO17b    1960    3832    4544    3625    3904    3876    3352    2802    3208    3476    3182
LO17b    1970    3622    4582    3794    2891    4004    4269    2617    2373    3295    4063
LO17b    1980    4403    2089    2550    2251    3091    3782    2759    2975    2325    3024
LO17b    1990    3165    2861    2319    3360    3199    3499    4014    2605    3600    2426
LO17b    2000    3013    3515   -9999
LO18a    1905    2698    3004    2225    1949    2751
LO18a    1910    3336    2494    2469    2721    3133    2447    2120    2443    2240    2293
LO18a    1920    2834    2726    2119    1879    2502    2688    2924    3387    3334    2650
LO18a    1930    2899    2956    3143    2946    3356    2757    2428    3057    2881    3063
LO18a    1940    2495    2741    2726    3182    2659    2762    2826    3543    3105    3624
LO18a    1950    3900    3850    4212    3009    3735    5686    2757    3650    4071    4199
LO18a    1960    3442    4076    4139    4528    4147    4063    4244    4521    4323    4112
LO18a    1970    4776    4406    4681    4264    5261    5895    3498    3613    4270    3895
LO18a    1980    4065    1830    2830    3373    4037    4107    3582    3865    4399    4369
LO18a    1990    4299    4021    3750    3766    4175    4591    4226    4216    5033    4266
LO18a    2000    3824    4652   -9999
LO18b    1918    3586    3926
LO18b    1920    4742    3793    2604    2711    3921    4274    3777    3983    4082    3852
LO18b    1930    4414    5201    4910    3509    3437    3785    3708    4782    5444    5137
LO18b    1940    4282    4683    4368    4187    3446    3991    4207    5345    4324    4408
LO18b    1950    5242    5152    4781    3291    3647    4671    2720    3925    4759    4042
LO18b    1960    3549    4307    4132    4125    3945    3912    4229    5003    4136    4391
LO18b    1970    4992    3916    4777    3819    5291    5801    4294    4322    4514    3769
LO18b    1980    5264    2088    2576    3037    4058    4277    4045    4699    5178    5080
LO18b    1990    4442    4336    4189    4606    4881    6022    5839    4420    5833    4805
LO18b    2000    5087    5252   -9999
LO19a    1913    3553    3761    3075    2888    2747    2573    3353
LO19a    1920    3180    2534    2018    2062    2615    3225    3240    2974    2574    2217
LO19a    1930    2762    2944    2718    2499    2741    3092    2476    2901    2769    3042
LO19a    1940    3038    3271    3607    3211    2629    3051    4057    4688    3771    3641
LO19a    1950    3952    4250    4052    2753    3083    5300    3572    3395    3121    3595
LO19a    1960    3200    3463    3143    3401    3059    2757    3093    3171    3705    2844
LO19a    1970    3753    3162    3119    2979    3483    3190    1955    2602    2694    2882
LO19a    1980    2717    1356    1796    2044    2504    2419    2302    2706    3093    2827
LO19a    1990    2327    2133    2074    2731    2444    2695    2587    2212    3392    2963
LO19a    2000    2932    2855   -9999
LO19b    1911    4390    4185    4637    4354    2922    2805    2357    2262    3373
LO19b    1920    3449    2192    1716    1746    2222    2606    2569    2643    2220    1990
LO19b    1930    1763    2456    3001    2921    3130    2417    2010    3218    3920    4520
LO19b    1940    4033    4398    5079    5449    3788    4512    6101    7109    5697    5669
LO19b    1950    6078    6020    4575    3583    5256    6220    3972    2967    3470    4351
LO19b    1960    3695    4652    3399    3527    2722    2594    2819    3116    3480    2690
LO19b    1970    3757    2708    3073    2646    3311    2863    1871    2673    2490    2472
LO19b    1980    2682    1384    1726    2059    3054    2921    2820    2613    3601    2949
LO19b    1990    2688    2446    2251    3153    2984    3225    3589    3483    4634    3567
LO19b    2000    3293    3453   -9999
LO20a    1904    2420    3197    3738    3189    2737    3481
LO20a    1910    3304    3156    3358    3340    4175    3520    3356    3269    3945    3648
LO20a    1920    4169    2934    2243    2488    3341    3550    2835    2663    2679    2258
LO20a    1930    2272    3009    3013    3108    3551    3224    2629    3319    4107    3535
LO20a    1940    2931    3293    3688    3313    3177    2766    2916    3731    3722    4233
LO20a    1950    4165    4472    4287    3365    3654    5824    3391    4067    5216    4384
LO20a    1960    4095    5794    4594    5031    4160    3070    3695    3888    3223    3948
LO20a    1970    4805    3595    2777    3095    4020    5086    2616    3887    4165    3588
LO20a    1980    3915    1686    1941    2440    3720    3781    3485    3464    3557    3736
LO20a    1990    4070    3997    3213    2992    3216    4268    4592    2945    4976    3692
LO20a    2000    4183    3824   -9999
LO20b    1911    3273    3595    3444    4225    3143    2826    2706    2929    2674
LO20b    1920    2912    2061    1724    2021    2799    2591    2118    1889    1959    1753
LO20b    1930    2097    2444    2409    2201    2398    2180    1930    2453    2641    2274
LO20b    1940    2147    2512    2590    2336    2253    2180    2208    2406    2043    2254
LO20b    1950    2309    2529    2392    2197    2348    3142    2337    2209    2731    2399
LO20b    1960    2375    2699    2603    2794    2154    1626    1938    2492    2159    2194
LO20b    1970    2400    1899    1951    1936    2635    3201    1552    1705    2473    1990
LO20b    1980    2226    1191    1395    1796    2337    2442    2027    2002    2219    2402
LO20b    1990    2531    2282    2133    2063    2302    2600    2509    2085    2897    2475
LO20b    2000    2417    2235   -9999
LO21a    1909    3980
LO21a    1910    4777    5055    4477    4607    5112    4160    3493    3138    3351    4390
LO21a    1920    4937    3952    3765    4349    5584    5544    5378    5175    5334    5018
LO21a    1930    4495    5458    5057    4234    4871    4278    3195    3329    3110    2871
LO21a    1940    2617    2667    3322    3347    2100    2304    1757    2121    1624    1804
LO21a    1950    2384    2929    2384    2180    2330    2880    2004    2711    2911    2741
LO21a    1960    2582    3070    2003    2106    2597    2207    2160    2566    2591    2768
LO21a    1970    3126    2766    2156    1890    2594    3523    2298    1839    2462    1791
LO21a    1980    2408    1171    1390    1534    1736    2203    1449    1968    2239    2242
LO21a    1990    2397    2296    2016    2553    2460    2463    2569    2399    2575    1846
LO21a    2000    1910    1782   -9999
LO21b    1927    3358    3661    4072
LO21b    1930    4341    4829    5018    5180    5800    4441    4434    5416    4909    3642
LO21b    1940    3653    4287    4143    3959    2876    2542    2504    2240    1940    2825
LO21b    1950    3405    3689    2958    2462    2916    4879    2880    2978    3213    3384
LO21b    1960    3726    4077    3355    3462    3757    3360    2615    2992    3735    3681
LO21b    1970    4038    3375    2891    2654    3657    4615    2502    2521    3121    2816
LO21b    1980    3426    1567    2197    2099    2850    3026    2320    2514    3029    2875
LO21b    1990    3514    2602    2356    3107    2982    2990    2945    2727    3328    2320
LO21b    2000    2178    2022   -9999
