JKR01A  1905   210   216   227   174   181
JKR01A  1910   166   140   224   259   197   264   298   298   322   323
JKR01A  1920   313   285   308   321   290   210   256   339   351   261
JKR01A  1930   265   311   421   383   557   535   465   500   397   487
JKR01A  1940   387   415   330   352   311   291   334   338   338   316
JKR01A  1950   311   344   340   287   292   320   332   363   314   252
JKR01A  1960   279   213   171   221   180   207   312   198   233   231
JKR01A  1970   234   165   163   141   157   144   177   148   181   178
JKR01A  1980   198   157   162   133   109   107   128   137   129   161
JKR01A  1990   130   129   128   119   146   157   147   149   147   114
JKR01A  2000   128   190   163   155   169   133   140   106   131   157
JKR01A  2010   152   133   161   175   174   181   213   240   189   999
JKR01B  1961   109    76    92    92    72    75   117   116   110
JKR01B  1970   143    92   156   153   135   111    91    94   111   138
JKR01B  1980   144   131   194   149   155   144   140   111    87   200
JKR01B  1990   178   182   185   145   178   150   181   287   149   115
JKR01B  2000   108   121    80    99   151   189   117   170   174   140
JKR01B  2010   301   364   999
JKR02A  1936   590   688   618   581
JKR02A  1940   423   465   591   686   633   671   547   586   513   540
JKR02A  1950   563   581   571   581   566   485   476   451   432   385
JKR02A  1960   310   253   167   223   242   292   451   369   466   469
JKR02A  1970   390   415   414   363   369   303   294   326   322   347
JKR02A  1980   329   310   353   284   241   273   271   305   213   292
JKR02A  1990   320   310   273   226   284   271   327   266   202   169
JKR02A  2000   173   168   197   273   275   250   179   218   209   219
JKR02A  2010   274   248   237   222   282   253   205   214   202   999
JKR02B  1946   408   399   641   604
JKR02B  1950   537   457   470   543   492   446   403   459   486   435
JKR02B  1960   421   335   300   237   539   688   668   626   439   436
JKR02B  1970   356   364   444   551   587   552   377   308   322   313
JKR02B  1980   303   332   404   371   309   384   564   685   500   522
JKR02B  1990   563   434   407   380   346   305   379   315   281   221
JKR02B  2000   281   296   609   843   834   692   477   385   272   281
JKR02B  2010   325   397   313   302   292   352   309   276   249   999
JKR03A  1941   308   321   414   383   405   342   336   377   333
JKR03A  1950   345   340   237   300   342   274   288   272   315   265
JKR03A  1960   264   248   123   118   146   180   210   228   349   262
JKR03A  1970   267   255   245   267   273   255   185   215   212   154
JKR03A  1980   188   189   211   230   184   186   207   176   179   225
JKR03A  1990   285   268   314   222   271   257   277   290   239   200
JKR03A  2000   215   228   206   237   240   290   236   205   227   290
JKR03A  2010   544   986   719   471   327   284   213   215   146   999
JKR03B  1935   221   130   286   294   237
JKR03B  1940   245   253   227   195   272   287   303   310   298   299
JKR03B  1950   281   316   267   241   239   202   191   255   207   202
JKR03B  1960   172   157   111   114   147   208   327   369   434   311
JKR03B  1970   321   331   308   276   262   262   213   213   256   240
JKR03B  1980   290   320   312   324   229   236   225   292   225   271
JKR03B  1990   320   302   334   275   324   330   298   354   342   410
JKR03B  2000   349   345   414   356   308   323   332   268   268   371
JKR03B  2010   353   366   294   384   385   469   384   335   263   999
JKR04A  1936   308   303   411   374
JKR04A  1940   289   315   325   236   177   210   258   145    64   237
JKR04A  1950   185   245   257   248   238   255   305   247   290   265
JKR04A  1960   257   273   191   308   293   324   373   348   363   294
JKR04A  1970   983   331   285   271   273   241   189   344   417   253
JKR04A  1980   214   208   205   154   106   170   180   196   205   225
JKR04A  1990   275   235   217   195   168   139   164   169   149   187
JKR04A  2000   180   184   217   144   170   105   103   119   134   156
JKR04A  2010   192   259   223   180   206   194   147   103    98   999
JKR04B  1941   323   410   451   349   337   290   400   470   355
JKR04B  1950   286   308   343   398   374   364   463   398   337   276
JKR04B  1960   269   244   165   205   282   312   332   339   311   343
JKR04B  1970   369   321   349   314   346   307   250   328   372   371
JKR04B  1980   342   339   384   313   291   289   262   294   275   313
JKR04B  1990   384   341   275   257   327   310   362   363   346   375
JKR04B  2000   380   470   508   502   384   226   260   258   247   219
JKR04B  2010   218   338   338   280   362   423   369   221   164   999
JKR05A  1943   407   375   343   274   306   372   425
JKR05A  1950   359   379   393   287   343   301   391   345   378   373
JKR05A  1960   403   358   362   389   425   423   366   309   364   412
JKR05A  1970   359   301   342   268   282   286   274   298   299   262
JKR05A  1980   234   309   248   237   167   199   168   196   141   205
JKR05A  1990   229   180   181   153   192   155   193   167   136   159
JKR05A  2000   120   120   104   140   136   114   148   192   127   114
JKR05A  2010   132   141   136   169   164   176   162   154   167   999
JKR05B  1940   378   405   459   369   319   380   285   379   342   351
JKR05B  1950   359   401   409   279   269   228   333   318   362   353
JKR05B  1960   436   357   355   380   330   388   421   309   319   360
JKR05B  1970   330   364   361   316   244   223   221   197   206   233
JKR05B  1980   204   241   292   213   222   266   186   223   175   210
JKR05B  1990   252   210   212   213   255   225   323   239   178   223
JKR05B  2000   254   207   216   241   240   144   239   310   221   238
JKR05B  2010   232   298   286   221   243   262   272   273   256   999
JKR06A  1905   168   149   190    81    77
JKR06A  1910    66    44    90    73    67    79    74    81   122   214
JKR06A  1920   217   301   329   288   272   190   182   326   351   333
JKR06A  1930   292   314   363   295   464   492   419   517   516   616
JKR06A  1940   606   568   528   596   412   380   371   477   322   333
JKR06A  1950   291   347   276   185   220   313   346   266   252   379
JKR06A  1960   286   250   195   345   275   252   276   295   358   252
JKR06A  1970   277   278   288   259   241   255   230   253   281   240
JKR06A  1980   239   257   218   226   186   188   224   140   160   156
JKR06A  1990   227   147   195   191   177   228   238   190   166   181
JKR06A  2000   191   155   199   193   225   126   121   110   171   152
JKR06A  2010   199   261   265   188   178   201   220   179   139   999
JKR06B  1939   401
JKR06B  1940   362   387   429   319   304   390   519   416   220   258
JKR06B  1950   312   243   164   231   286   184   285   182   201   271
JKR06B  1960   242   198   126   278   273   263   269   246   338   281
JKR06B  1970   301   234   272   257   237   216   189   276   262   262
JKR06B  1980   263   280   216   248   196   262   274   190   201   206
JKR06B  1990   308   233   216   209   237   270   298   223   218   276
JKR06B  2000   176   156   205   239   255   129   167   174   279   226
JKR06B  2010   277   317   325   279   226   239   291   216   182   999
JKR07A  1953   552   576   541   568   506   443   540
JKR07A  1960   618   547   311   392   460   603   652   469   455   609
JKR07A  1970   611   549   411   446   513   493   375   376   422   362
JKR07A  1980   413   297   357   308   264   319   298   358   277   335
JKR07A  1990   469   342   304   259   299   264   338   353   304   307
JKR07A  2000   295   315   316   303   393   326   278   292   233   303
JKR07A  2010   284   367   352   379   298   376   436   309   237   999
JKR07B  1938   512   467
JKR07B  1940   375   359   400   496   539   467   469   383   354   380
JKR07B  1950   455   427   467   379   375   303   272   353   390   395
JKR07B  1960   424   371   300   449   369   416   366   391   447   430
JKR07B  1970   408   425   350   443   451   481   294   261   390   257
JKR07B  1980   332   321   433   456   351   352   297   411   347   335
JKR07B  1990   498   419   458   480   475   472   514   425   342   440
JKR07B  2000   417   363   330   274   358   379   412   538   354   366
JKR07B  2010   406   425   408   400   321   342   323   274   192   999
JKR08A  1869   336
JKR08A  1870   258   279   262   278   306   416   402   262   249   197
JKR08A  1880   241   227   248   256   307   268   247   238   291   305
JKR08A  1890   270   261   333   347   324   288   217   217   155    80
JKR08A  1900    90    68    86    69    81   107    96   101   125   157
JKR08A  1910    95   120   119   124   109   135   159   132   144   150
JKR08A  1920   132   145   155   124   152   123   108   111   124    98
JKR08A  1930   114   126   225   221   348   223   189   213   248   293
JKR08A  1940   242   236   258   371   303   255   292   322   297   293
JKR08A  1950   293   293   271   241   237   282   244   227   185   214
JKR08A  1960   172   166   157   198   224   286   284   210   255   207
JKR08A  1970   226   135   161   183   285   247   233   199   234   227
JKR08A  1980   259   229   281   215   165   241   263   267   220   228
JKR08A  1990   268   163   242   224   185   130   158   154   167   174
JKR08A  2000   184   160   197   213   233   158   169   160   158   174
JKR08A  2010   156   228   177   193   169   181   148   128   144   999
JKR08B  1921   138   144   110   126   121   125   112   129   113
JKR08B  1930   113   143   208   218   394   266   198   310   321   362
JKR08B  1940   250   221   246   307   231   203   232   273   293   293
JKR08B  1950   288   263   249   223   186   230   192   224   153   208
JKR08B  1960   166   181   169   178   203   242   232   181   275   233
JKR08B  1970   248   162   151   170   235   231   179   193   205   174
JKR08B  1980   216   246   258   162   138   208   260   249   255   243
JKR08B  1990   261   180   234   224   185   113   132   108   132   128
JKR08B  2000   154   155   203   165   209   125   159   130   174   161
JKR08B  2010   149   270   193   151   202   172   176    98   146   999
JKR09A  1936   298   361   296   253
JKR09A  1940   204   217   291   418   431   476   418   461   443   457
JKR09A  1950   363   449   475   535   603   520   585   462   393   455
JKR09A  1960   472   388   236   335   419   522   567   417   497   542
JKR09A  1970   488   352   380   407   369   321   212   209   286   316
JKR09A  1980   240   235   281   209   177   251   212   232   178   233
JKR09A  1990   348   308   292   251   246   178   248   208   145   179
JKR09A  2000   211   107   184   208   250   133   132   138   129   120
JKR09A  2010   164   191   178   169   999
JKR09B  1945   584   569   569   518   478
JKR09B  1950   464   546   614   625   671   619   687   495   544   615
JKR09B  1960   593   588   361   411   549   612   645   488   636   633
JKR09B  1970   636   429   482   511   527   407   269   219   308   333
JKR09B  1980   298   391   453   374   239   356   284   291   210   282
JKR09B  1990   371   301   292   233   193   174   219   210   136   116
JKR09B  2000   169   123   151   233   242   151   174   175   211   172
JKR09B  2010   178   254   238   276   290   338   359   252   226   999
JKR10A  1949   506
JKR10A  1950   495   393   385   359   345   296   326   418   380   301
JKR10A  1960   251   278   155   237   272   338   335   390   580   469
JKR10A  1970   407   237   225   177   252   232   185   281   232   240
JKR10A  1980   217   270   229   212   176   221   184   201   152   177
JKR10A  1990   223   183   172   155   158   122   148   117   114   113
JKR10A  2000   145   113   131   157   168    98   166   147   129   123
JKR10A  2010   150   176   155   115   135   116    92   105   111   999
JKR10B  1938   605   608
JKR10B  1940   513   608   450   486   454   496   414   374   374   312
JKR10B  1950   251   250   229   190   180   182   244   252   180   183
JKR10B  1960   180   180   164   233   215   286   273   341   348   221
JKR10B  1970   268   219   185   214   202   166   168   229   202   248
JKR10B  1980   170   258   210   219   189   230   163   183   177   155
JKR10B  1990   227   164   184   172   153   136   184   139   122   108
JKR10B  2000   142    96   151   152   187    95   136   137   122   131
JKR10B  2010   133   162   152   132   126   159   138   135    98   999
