LSW01A_v1957  1147   871  1018
LSW01A_v1960  1336  1114  1395  1432  1135  1605  2015  1621  1954  1780
LSW01A_v1970  2026  2175  2069  1898  1506  1978  1516  2110  2486  1510
LSW01A_v1980  2029  2238  2520  1888  1222  1683  1353  1891  1961  2074
LSW01A_v1990  1676  1392  1361  1728   550   976  1637  1748  1933  1951
LSW01A_v2000  1676  1641  1506  1658  2206  1839  1997  2022  2056  1971
LSW01A_v2010  2177  2642  1951  1779  1301  2157  1515  1995   876 -9999
LSW01B_v1849   518
LSW01B_v1850   891   906   773   590   772   661   774   996   847   764
LSW01B_v1860   701   764   745   859   915   915   759   772   823   623
LSW01B_v1870   764   845   745   632   732   814   611   611   712   561
LSW01B_v1880   575   631   720   731   798   693   662   760   698   695
LSW01B_v1890   763   609   702   791   614   816   812   644   496   747
LSW01B_v1900   750   820   760   832   897  1065   905   858  1041   977
LSW01B_v1910   906   700   821   741   657   701   887   538   920   772
LSW01B_v1920   762   899   959  1100   922   606   537   919  1405  1284
LSW01B_v1930  1108  1024  1079   873   946   956   779  1106  1377  1090
LSW01B_v1940   632   651   647   741   549   776   825   736   701   952
LSW01B_v1950   641  1077   834   955   629   835   773   833   661   833
LSW01B_v1960   976   884   753   580   589   864  1087   772  1303  1230
LSW01B_v1970  1089  1046  1230   996   977  1190  1006  1017  1037  1037
LSW01B_v1980  1041  1488  1098  1040   874   995   840  1150  1005  1169
LSW01B_v1990   955   945   926   906  1321  1291  1728  1231  1372   897
LSW01B_v2000  1168  1033   964  1110  1265  1134  1151  1272  1715  1921
LSW01B_v2010  1404  1507  1799  1700  1028  1124   927  1173   895 -9999
LSW02A  1743   764   744   834  1021   620   757   569
LSW02A  1750   656   438   493   567  1085   651   809   696   507   542
LSW02A  1760   306   522   559   611   521   646   691   697  1000   722
LSW02A  1770   838   719   570   640   827   632   693   727   592   488
LSW02A  1780   756   574   623   681   456   486   553   483   620   597
LSW02A  1790   797   482   560   559   755   686   765   865   836   750
LSW02A  1800   663   904   536   809   708   433   372   513   614   479
LSW02A  1810   634   451   569   520   764   387   471   326   508   459
LSW02A  1820   601   458   596   797   764   401   498   642   764   734
LSW02A  1830   592  1078   671   711   845   589   468   355   347   489
LSW02A  1840   519   458   227   269   451   518   401   449   393   343
LSW02A  1850   283   247   347   403   374   638   306   540   431   322
LSW02A  1860   325   206   325   292   424   358   383   438   349   392
LSW02A  1870   427   635   434   486   495   654   391   419   436   286
LSW02A  1880   304   421   516   359   566   344   348   313   416   351
LSW02A  1890   267   329   393   345   266   225   351   299   247   358
LSW02A  1900   364   341   255   355   497   245   282   273   482   199
LSW02A  1910   264   383   170   560   150   267   166   246   300   282
LSW02A  1920   327   392   350   247   233   138   281   331   328   378
LSW02A  1930   350   255   157   324   109    62   264   136   457   305
LSW02A  1940   150   274   351   295   424   306   204   264   377   428
LSW02A  1950   296   492   267   329   383   242   145   397   209   267
LSW02A  1960   803   824   713   752   319   444   598   492   499   530
LSW02A  1970   499   363   391   422   357   284   288   544   296   301
LSW02A  1980 -9999
LSW03A_v1715  1207   734   841   454  1080
LSW03A_v1720  1341   650   897   808  1010   825   959   703   725   758
LSW03A_v1730   556   457   239   311   328   239   296   215   216   338
LSW03A_v1740   310   238   438   316   427   377   317   296   340   224
LSW03A_v1750   200   194   276   224   165   194   235   206   165   217
LSW03A_v1760   406   512   621   466  1070  1529  1176  1195   933  1277
LSW03A_v1770   913   855  1184   394  1007  1368  1892  1153  1203  1117
LSW03A_v1780  1356  1133   862   959   618   764   708   723   897   884
LSW03A_v1790  1159  1067   786  1382  1127  1189   996   853   897  1058
LSW03A_v1800  1118   959   772  1067   976   589   447   681   763   297
LSW03A_v1810   500   427   407   650   640   528   559   437   539   437
LSW03A_v1820   482   458   756   979   715   461   480   546   552   834
LSW03A_v1830   673   641   756   789   609   484   710   461   287   364
LSW03A_v1840   429   535   371   525   339   449   526   463   460   439
LSW03A_v1850   423   374   325   303   335   259   255   273   264   331
LSW03A_v1860   421   272   345   435   359   418   468   321   602   553
LSW03A_v1870   679   621   458   592   666   919   695   561   663   530
LSW03A_v1880   450   510   462   532   613   586   394   513   471   469
LSW03A_v1890   521   501   787   787   503   782   703   660   409   694
LSW03A_v1900   870   894  1156   900   742   779   669   538   580   640
LSW03A_v1910   569   469   823   863   661   945   812   519   572   430
LSW03A_v1920   793   835   762   754   790   396   376   773   864   621
LSW03A_v1930   589   457   632   447   447   427   378   396   621   580
LSW03A_v1940   498   549   478   539   529   406   457   396   366   468
LSW03A_v1950   477   490   437   447   345   366   488   508   407   447
LSW03A_v1960   407   427   498   345   346   345   447   427   333   295
LSW03A_v1970   416   315   295   376   326   402   295   274   264   275
LSW03A_v1980   326   283   447   376   285   355   407   448   548   417
LSW03A_v1990   599   488   762   630   589   742   752   873   834   701
LSW03A_v2000   752   581   610   600   772   731   732   681   599   752
LSW03A_v2010   695   660   589   998   701   876   651   782   640 -9999
LSW03B_v1776  1520   967  1062  1099
LSW03B_v1780  1127  1064   838   744   647   721   824   580  1001   815
LSW03B_v1790  1257   898   722  1301  1269  1119  1043  1494  1393  1321
LSW03B_v1800  1342  1230   825  1423  1729   803   916  1078  1251   596
LSW03B_v1810   569   609   681   559   670   478   549   304   400   416
LSW03B_v1820   356   336   366   936   985   482   843   681   365   703
LSW03B_v1830   642   764   894  1127  1129   743   488   316   381   417
LSW03B_v1840   488   498   376   519   497   459   490   489   467   480
LSW03B_v1850   386   457   428   326   397   396   378   500   407   335
LSW03B_v1860   488   538   519   682   816   855   935   670  1337  1118
LSW03B_v1870  1098  1087  1209  1413  1087  1575  1301  1402  1423   924
LSW03B_v1880   773   833   844   691   895   904  1069   793   742   744
LSW03B_v1890   713   622  1009  1129   735  1087   782   774   540   926
LSW03B_v1900   949  1180  1119  1119  1058  1248  1092   875   694   670
LSW03B_v1910   635   590   631   856   570   691   670   522   427   539
LSW03B_v1920   581   650   721   733   823   429   880   916   914   754
LSW03B_v1930   631   579   662   397   569   509   467   488   580   498
LSW03B_v1940   426   458   528   519   530   447   590   487   399   499
LSW03B_v1950   539   539   417   499   428   336   580   498   487   549
LSW03B_v1960   551   457   599   350   427   497   530   447   397   467
LSW03B_v1970   407   397   417   528   548   498   376   560   417   233
LSW03B_v1980   366   377   246   416   272   314   338   346   389   350
LSW03B_v1990   346   265   311   326   287   375   337   402   376   265
LSW03B_v2000   468   458   437   426   396   451 -9999
LSW03C_v1797  1678  1719  1186
LSW03C_v1800  1291  1202  1116  1232  1392  1050   736   674   579   373
LSW03C_v1810   524   660   412   563   672   591   678   164   257   265
LSW03C_v1820   292   325   522   658   550   346   477   705   714  1025
LSW03C_v1830   704   255   398   411   297   571   614   458   490   273
LSW03C_v1840   461   658   333   579   524   462   702   659   637   789
LSW03C_v1850   817  1019   986   845   891  1015   790   695   893   685
LSW03C_v1860   749   576   707   684   824   681   806   589   990   636
LSW03C_v1870   846   775   400   514   643   964   629   471   759   707
LSW03C_v1880   593   470   386   511   425   534   795   522   491   470
LSW03C_v1890   520   546   532   478   379   656   653   377   411   563
LSW03C_v1900   500   500   698   428   665   729   573   585   449   752
LSW03C_v1910   655   533   697   697   522   723   658   562   808   562
LSW03C_v1920   661   833   580   577   616   386   267   533   769   690
LSW03C_v1930   447   277   542   471   727   542   546   511   690   529
LSW03C_v1940   451   309   443   633   524   509   367   471   377   539
LSW03C_v1950   461   522   433   549   357   383   392   430   394   492
LSW03C_v1960   435   418   659   489   503   617   496   516   341   643
LSW03C_v1970   496   487   567   675   551   615   379   627   464   391
LSW03C_v1980   542   480   589   613   409   385   560   501   543   427
LSW03C_v1990   559   568   354   261   512   498   450   494   428   371
LSW03C_v2000   519   346   427   408   510   434   537   418   420   311
LSW03C_v2010   234   277   417   375   454   508   414   449   481 -9999
LSW04A_v1856   731   855  1056  1199
LSW04A_v1860   884   803  1189  1484  1168  1486  1270  1280  1494  1128
LSW04A_v1870  1271  1038  1038  1163  1068  1522  1252   926  1132   841
LSW04A_v1880   564   972   824   876   729  1000   848  1061   743   821
LSW04A_v1890   742   683   690   754   581   656   650   753   581   766
LSW04A_v1900   766   861   974   743   853   793   780   744   685   535
LSW04A_v1910   845   901  1096  1008   653   632   706   449   432   531
LSW04A_v1920   513   622   624   641   412   316   319   670   723   635
LSW04A_v1930   486   591   551   481  1182  1098   522  1226  1622  2057
LSW04A_v1940  2103  1427  1504  1464  1514  1565  1280  1351  1284  1179
LSW04A_v1950  1291  1545   985  1059   947  1240  1109  1097   418   386
LSW04A_v1960   328   295   437   213   378   417   436   428   356   529
LSW04A_v1970   509   782   469   753   600   569   591   762   589   498
LSW04A_v1980   541   559   823   579   580   538   315   545   580   305
LSW04A_v1990   376   264   265   143   203   203   244   193   173    94
LSW04A_v2000   162   290   269   346   480   376   265   213   249   276
LSW04A_v2010   132   224   138   299   420   356   255   345   236 -9999
LSW04B_v1871   915   745   884   831  1458   918  1036  1022   700
LSW04B_v1880   702  1038  1282   919  1046  1092  1003  1101   634   863
LSW04B_v1890   672   701   707   686   538   583   677   603   439   756
LSW04B_v1900   872  1151  1078   893   707   895   810   851   592   523
LSW04B_v1910   564   539   556   615   461   478   520   437   453   427
LSW04B_v1920   460   571   492   501   420   319   306   450   782   550
LSW04B_v1930   492   529   610   274   503   711   427   731  1220  1474
LSW04B_v1940  1686  1047  1209  1160  1087  1424  1300  1290  1291   955
LSW04B_v1950  1220  1407   905  1119  1274   965   846  1026   805   610
LSW04B_v1960   601   461   509   419   477   478   528   488   396   621
LSW04B_v1970   589   530   407   510   498   579   620   753   548   439
LSW04B_v1980   326   174   430   457   443   294   346   440   478   341
LSW04B_v1990   415   314   234   154   256   259   244   204   288   176
LSW04B_v2000   145   155   193   176   285   276   287   255   316   235
LSW04B_v2010   234   235   146   406   438   367   276   389   326 -9999
LSW05A  1798  3036  2366
LSW05A  1800  3416  2122  2472  2303  2768  2172  2045  2105  1061  1005
LSW05A  1810  1619  1186  1014   830  1613  1182  1032   494   408   348
LSW05A  1820   540   726   971  1172  1279   788   876  1108  1254  1671
LSW05A  1830   914   324   476   533   845   618   674   619   739   724
LSW05A  1840   889   944   621   984   975   618  1050   942  1155  1226
LSW05A  1850  1413  1272  1308  1125  1267  1221   832  1105  1166   968
LSW05A  1860   920   807   863   764   924   862   973   834  1050   903
LSW05A  1870  1200  1060   617   850   813  1340   761   614   819   848
LSW05A  1880   619   562   499   673   659   659   958   684   537   551
LSW05A  1890   527   655   659   647   542   859   750   727   498   520
LSW05A  1900   783   808   837   765   826   896   624   548   720   998
LSW05A  1910   795   778   975   936   742  1201   832   736   915   813
LSW05A  1920   757   971   813   744   710   606   402   548   584   624
LSW05A  1930   476   678   463   483   730   707   401   565   702   594
LSW05A  1940   561   432   767   573   604   702   336   445   351   357
LSW05A  1950   526   515   362   408   431   402   416   566   599   600
LSW05A  1960   633   875   762   548   691   876   975   763   692   884
LSW05A  1970   711   633   904   915   905   914   458   670   711   743
LSW05A  1980   727   840   570   892   773   407   513   803   653   599
LSW05A  1990   617   854   549   447   439   551   620   518   427   477
LSW05A  2000   456   460   420   420   459   489   501   539   244   377
LSW05A  2010   341   325   397   275   305   343   213   541   351 -9999
LSW05B_v1860   563   426   479   402   427   559   572   468   645   518
LSW05B_v1870   691   560   417   548   671   924   549   368   635   584
LSW05B_v1880   316   387   426   431   549   368   602   459   390   467
LSW05B_v1890   428   548   370   376   551   590   509   417   327   568
LSW05B_v1900   630   601   670   569   601   682   523   620   642   671
LSW05B_v1910   599   458   934   569   489   845   681   579   732   661
LSW05B_v1920   502   784   682   609   530   427   357   488   715   572
LSW05B_v1930   520   437   359   601   783   611   416   560   580   600
LSW05B_v1940   365   447   561   522   458   416   469   548   427   530
LSW05B_v1950   541   457   406   315   376   193   266   288   306   624
LSW05B_v1960   267   437   538   346   284   570   617   387   499   447
LSW05B_v1970   619   478   579   683   599   531   386   583   538   589
LSW05B_v1980   508   508   607   357   285   499   528   606   552   549
LSW05B_v1990   569   388   498   518   386   549   531   540   600   561
LSW05B_v2000   572   398   418   540   570   518   437   406   286   296
LSW05B_v2010   325   340   284   279   377   447   396   274   287 -9999
LSW06A  1727  1267  1499  1158
LSW06A  1730  1229  1012   803  1264  1186  1050  1175  1234   817  1274
LSW06A  1740  1192  1293  1189   752   884   944   732   823   488   794
LSW06A  1750   855   477   397   539   479   479   530   461   691   417
LSW06A  1760   331   582   671   629   570  1356   853   773   877   685
LSW06A  1770   877   691   655   797   795   707   804   766   569   685
LSW06A  1780   752   644   489   558   327   406   276   478   294   340
LSW06A  1790   275   326   274   315   245   225   203   295   254   325
LSW06A  1800   193   214   225   305   336   285   224   274   335   264
LSW06A  1810   336   235   296   294   437   265   347   255   254   346
LSW06A  1820   285   284   430   337   396   295   224   285   264   224
LSW06A  1830   317   300   246   224   305   379   451   432   124   266
LSW06A  1840   275   336   265   304   297   298   305   348   416   356
LSW06A  1850   386   437   406   311   377   339   299   377   297   279
LSW06A  1860   325   249   217   267   326   255   277   162   285   371
LSW06A  1870   294   346   247   248   296   309   227   244   299   307
LSW06A  1880   193   215   316   325   193   345   358   274   238   386
LSW06A  1890   336   358   396   335   274   389   256   367   275   341
LSW06A  1900 -9999
LSW07A  1791   660   827  1241   967   745   833  1274  1781  1141
LSW07A  1800  1383   940  1161  1144  1421   798   902   716   775   650
LSW07A  1810  1010  1015   797   805  1235  1162  1164  1154   791  1107
LSW07A  1820   608   673  1103  1178  1009   414   730   649   757   924
LSW07A  1830   733  1017  1233   938  1358  1073   779   506   276   252
LSW07A  1840   482   683   236   266   331   252   444   755   747   764
LSW07A  1850   870   794   976   919  1041   995   691   861   984  1135
LSW07A  1860   868   722   658   426   547   682   767   603  1301   835
LSW07A  1870  1115   787   511   647   607   853   648   743   894   640
LSW07A  1880   603   976   868   711  1095   773  1110   735   846   546
LSW07A  1890   511   698   936   828   612   967   780   795   591   868
LSW07A  1900   733   900   961  1107  1108  1007   530   516   738   631
LSW07A  1910   645   479   625   664   685   835   707   620   637   739
LSW07A  1920   828   741   576   472   582   361   289   549  1325  1052
LSW07A  1930   684   465   744   571  1113   989   660   945  1206  1010
LSW07A  1940  1160   955   905   986   794  1049   721   631   814   854
LSW07A  1950   885   609   661   772   619   529   579   437   520   467
LSW07A  1960  1209   885  1353  1161   983  1148  1597  1140  1017  1181
LSW07A  1970  1778  1321  2184  1413  1474  1404   660   793  1212  1202
LSW07A  1980  1355   934   894   906   732   805   868   834  1036  1017
LSW07A  1990  1148   675   714   518   935   965   742   754   742   630
LSW07A  2000   530   570   671   652   712   326   418   691   538   470
LSW07A  2010   612   671   550   601   612   560   579   579   347 -9999
LSW07C  1764   687   537   691   702   922  1266
LSW07C  1770   741   461   553   923   800   720   693   326   363   326
LSW07C  1780   242   205   275   215   271   360   275   451   733   834
LSW07C  1790  1260   987  1230  1107  1219   702   692   752  1109  1027
LSW07C  1800  1006   772  1047  1241  1097   711   742   561   700   416
LSW07C  1810   813   579   701   600  1100   793   947   744   651   815
LSW07C  1820   763   508   679  1069   792   416   508   770   965   793
LSW07C  1830   696   609   817   671   799   717   549   235   265   222
LSW07C  1840   315   515   152   209   187   235   411   458   702   926
LSW07C  1850   945   957   926   856   757  1027   666   671   712   715
LSW07C  1860   467   642   501   498   499   409   722   429   773   701
LSW07C  1870  1037   853   590   671   562   752   477   468   853   731
LSW07C  1880   752   640   804   671   641   558   651   569   365   438
LSW07C  1890   458   569   682   904   570   915   965   753   427   721
LSW07C  1900   765   806   944  1270  1281  1088   732  1221   763   824
LSW07C  1910   429   488   609   662   510   863   732   569   610   732
LSW07C  1920   589   621   498   347   437   287   611  1109  1084  1162
LSW07C  1930   665  1414  1189   837  1523  1540  1746  1358  1601  1545
LSW07C  1940  1256   885  1087   976   884  1056   887   987   946   814
LSW07C  1950   853  1058   741   917   722   608   702   660   582   745
LSW07C  1960  1048  1199  1210  1108   701  1046  1422   915   924   996
LSW07C  1970  1341   772  1067  1181  1089  1404   610   843   762   813
LSW07C  1980  1037   927   782   814   599   671   772   691   742   653
LSW07C  1990   753   610   540   420   580   762   696   430   440   397
LSW07C  2000   356   305   530   316   498   336   366   460   468   447
LSW07C  2010   474   508   478   500   611   600   416   518   427 -9999
LSW08A  1731   683   766   814   577   746   814  1317   790  1008
LSW08A  1740   832  1022   232   749  1009   896   981  1124  1192  1172
LSW08A  1750   939   927   926  1223   866   915   711  1235   784   510
LSW08A  1760   555   733   661   724   489  1158  1331  1427  1193  1260
LSW08A  1770   978  1037  1130  1231  1834  1599  1694  1221  1342  1110
LSW08A  1780  1006  1006   985   996   620   589   620   643   762   844
LSW08A  1790   885   711   692   824   874   683   590   416   447   330
LSW08A  1800   650   744   551   772  1098   590   538   743   752   377
LSW08A  1810   378   569   621   641   652   366   541   605   559   559
LSW08A  1820   501   449   569   548   613   365   622   498   630   600
LSW08A  1830   752   733   813   824   774   642   661   377   315   407
LSW08A  1840   468   548   348   554   560   396   529   430   366   357
LSW08A  1850   254   376   205   256   284   433   508   264   236   195
LSW08A  1860   275   163   143   184   183   234   204   256   336   197
LSW08A  1870   205   335   336   316   358   336   238   254   356   224
LSW08A  1880   254   266   326   257   356   336   195   346   387   306
LSW08A  1890   234   315   275   145   234   277   194   235   167   246
LSW08A  1900   245   345   309   326   346   274   325   317   286   246
LSW08A  1910   326   234   467   386   519   458   381   305   265   518
LSW08A  1920   448   467   522   287   319   194   315   329   417   472
LSW08A  1930   347   295   408   366   388   255   307   286   295   303
LSW08A  1940   259   223   370   386   235   184   366   346   294   203
LSW08A  1950   346   325   345   367   408   397   428   398   386   335
LSW08A  1960   417   427   398   399   437   502   459   397   458   696
LSW08A  1970  1245   925  1251   995   856   744   682   640   570   297
LSW08A  1980   589   722   702   772   573   786   753   907   782   478
LSW08A  1990   508   457   723   803  1290  1280  1303   955   864   977
LSW08A  2000   863  1118  1180  1240  1166  1159  1221  1115   764   671
LSW08A  2010   603   895   746  1127   835  1007   864  1097   394 -9999
LSW08B_v1745   640   812   562   675   776
LSW08B_v1750   804   739   683   722   510   637   674   710   497   719
LSW08B_v1760   544   545   423   591   595   582   479   937   898   998
LSW08B_v1770   866   960  1044   853   926   966  1121   818   673   808
LSW08B_v1780   855  1042   757   650   498   417   383   488   543   470
LSW08B_v1790   441   580   337   574   371   589   392   580   510   461
LSW08B_v1800   566   532   540   676   890   941   453   463   924   286
LSW08B_v1810   200   321   451   579   409   404   381   416   394   381
LSW08B_v1820   439   441   414   467   412   328   437   350   451   515
LSW08B_v1830   497   444   416   468   550   341   402   349   363   476
LSW08B_v1840   402   514   317   477   451   206   187   431   439   371
LSW08B_v1850   290   368   420   313   444   295   198   283   287   230
LSW08B_v1860   271   183   238   228   103   213   180   157   228   345
LSW08B_v1870   265   329   287   244   443   536   370   306   335   371
LSW08B_v1880   348   357   318   311   464   224   309   420   370   389
LSW08B_v1890   331   366   440   360   274   467   562   492   436   561
LSW08B_v1900   580   531   600   570   600   579   559   459   422   518
LSW08B_v1910   458   467   599   490   457   518   534   530   449   503
LSW08B_v1920   447   591   500   461   357   335   203   370   294   407
LSW08B_v1930   287   367   406   315   387   660   538   447   447   511
LSW08B_v1940   417   458   569   387   487   468   447   518   487   488
LSW08B_v1950   437   599   480   528   540   508   484   641   458   640
LSW08B_v1960   670   610   752   589   673   782   843   549   662  1128
LSW08B_v1970  1737  1314  1697  1280  1229  1189   935   864   722   548
LSW08B_v1980   651   652   783   660   662   792   752   762   691   671
LSW08B_v1990   477   620   650   705   894  1220  1240   722   794   904
LSW08B_v2000   488   662   540   650   752   559   559   550   458   589
LSW08B_v2010   590   684   782   814   802   945   926  1046   500 -9999
LSW09A  1823  1169   965   342   871  1348  1136  1182
LSW09A  1830   772  1542  1166  1260  1945  2376  1063  1049   480   541
LSW09A  1840   894  1200   421   605   803   546   892  1584  1248  1329
LSW09A  1850  1161  1790  1917  1841  1599  1851  1106  1774  1503  1249
LSW09A  1860   626  1091   577   314   355   244   219   183   366   268
LSW09A  1870   269   377   306   183   169   241   212   218   225   210
LSW09A  1880   274   400   186   320   353   323   441   208   210   225
LSW09A  1890   148   169   222   207   245   441   309   163   251   250
LSW09A  1900   207   328   204   265   261   341   267   148   300   244
LSW09A  1910   277   238   338   284   210   300   278   227   218   215
LSW09A  1920   119   309   222   399   136   264   182   475   578   885
LSW09A  1930   455   741   572   605   722  1105   444   755   982   932
LSW09A  1940   913   778  1132   900   696  1054   718   652   878   706
LSW09A  1950   921  1036   803   769   586   625   760   630   444   513
LSW09A  1960   747   915  1957  2349   837  1560  2498  1318  1684  1415
LSW09A  1970  1950  1592  2682  1911  2760  2343   804  1604  1906  1677
LSW09A  1980  1942  1332  1737  1677  1372  2328  1711  1577  1454   975
LSW09A  1990  1077  1040  1341  1049   749  1114   974   722   875   802
LSW09A  2000   713   873  1742   796  1253   798   985  1056   728   864
LSW09A  2010  1009  1118   934  1131  1028   955   857  1169   469 -9999
LSW09B_b1822  1008  1316   927   551   913   808   923   994
LSW09B_b1830   815  1346  1096  1174   894  1400   600   767   360   461
LSW09B_b1840   522  1213   377   500   488   387   728  1298  1015  1211
LSW09B_b1850  1064  1026  1117   720   858  1135   620   944   787   584
LSW09B_b1860   503   633   642   381   511   516   554   364   620   316
LSW09B_b1870   498   359   242   300   353   350   303   311   341   397
LSW09B_b1880   331   427   228   341   332   243   261   266   136   189
LSW09B_b1890   305   248   342   329   357   379   323   398   377   387
LSW09B_b1900   379   432   230   418   392   366   301   264   326   252
LSW09B_b1910   349   242   276   237   329   338   247   266   215   291
LSW09B_b1920   207   297   259   239   200   165   277   463   720   660
LSW09B_b1930   465   525   478   711   705   919   468   742  1083   941
LSW09B_b1940  1029   967   839   520   797   697   689   586   638   524
LSW09B_b1950   621   624   601   745   592   531   706   447   656   747
LSW09B_b1960   808  1205  1373  1002   722   834  1152   897   963   981
LSW09B_b1970  1269  1144  1606  1230  1642  1731   644  1269  1488  1466
LSW09B_b1980  1688  1200  1362  1656  1390  1862  1466  1453  1138   961
LSW09B_b1990   924   939  1075   910  1079  1574  1279   959  1383   957
LSW09B_b2000   848   900  1565   891   920   631   798   971   706   923
LSW09B_b2010  1162  1112  1127  1443  1092  1205  1017  1488   530 -9999
LSW10A  1875   844   642   496   513   424
LSW10A  1880   358   479   341   388   429   655   818   982  1098  1046
LSW10A  1890  1361  1493  1171  1036   708   876  1059   819   947   735
LSW10A  1900   884  1294  1203  1415  1675  1552  1624  1117  1310  1446
LSW10A  1910  1135   740  1312  1135   721  1310   953   842   906   791
LSW10A  1920   725   934   941   815   980   373   446  1046  1395  1845
LSW10A  1930  1168  1257  1420  1658  1322  1815   941  1404  1340  1481
LSW10A  1940  1368  1052  1311  1628   993  1353  1449  1326  1565  1626
LSW10A  1950  2024  2042  1436  1324  1859  1117  1515  1368  1497  1467
LSW10A  1960  2239  2028  1924  1425  1494  2461  2266  2097  2013  1672
LSW10A  1970  1550  1252  1232  1385  1300  1138  1200  1192  1280  1249
LSW10A  1980  1384  1463  1354  1119   775  1096  1251  1758  1504  1763
LSW10A  1990  1229  1304   865  1068  1119  1321   965  1160  1058   843
LSW10A  2000   610   894  1056   848   946  1131  1138  1123   892  1376
LSW10A  2010   966   966   873   998   965  1271  1016  1619   672 -9999
LSW10B  1889  1735
LSW10B  1890  1173  1303  1100   782   682   848   948   611   411   491
LSW10B  1900   574  1141   907  1166  1150  1305  1362   895  1018  1039
LSW10B  1910   870   565   905  1520   532  1125   947   582   728  1012
LSW10B  1920   718   914  1020   961   814   402   391   948  1020  1274
LSW10B  1930  1033  1127  1014   922  1074  1557   851  1217  1910  1652
LSW10B  1940  1411   991   915   859   621   983   925   827  1059   794
LSW10B  1950  1230   814   842   836   789   749   791   885   748   863
LSW10B  1960  1067  1153  1068  1166   928  1213  1282  1123  1321   823
LSW10B  1970  1125  1098   660   868  1124   995   960  1087  1038   903
LSW10B  1980  1363  1350  1333  1375   677  1176  1601  2042  1659  1817
LSW10B  1990  1286  1303  1252  1510  1486  1814  1457  1423  1319   943
LSW10B  2000   779  1166  1311  1191  1279  1595  1277  1348   764  1135
LSW10B  2010   938   924  1221   985  1140  1433   798   953   376 -9999
UMD    1 Lil Scaly Mountain                                  QUAL               
UMD    2 N. Carolina  White Oak         1280M  3502-08316    __    1599 2003    
UMD    3 N. Pederson   H.M. Hopton   N. Cook                                    
UMD01a  1697   957   938  1071
UMD01a  1700   944  1239  1078   938  1265  1274  1336  1610  1474  1780
UMD01a  1710  1715  1155  1467   985  1256   934  1421  1630  1464  1289
UMD01a  1720  1319  1297  1380  1161  1393  1224  1411  1216  1732  1246
UMD01a  1730  1232   896   806  1240  1079  1048  1164  1148   863  1520
UMD01a  1740  1280  1189  1242   840   920   918  1080   891  1017   881
UMD01a  1750   934   795   740   574   675   784   600   846   904   765
UMD01a  1760   677   793   797   686   754   913   803  1009  1025   902
UMD01a  1770   681   655   940  1124  1436  1234  1265  1134  1321  1425
UMD01a  1780  1343  1090   945   905   793   779   837   870   799   910
UMD01a  1790  1038   898   794   959   833   722   807   798   757   671
UMD01a  1800   715   692   802   753   790   807   550   702   837   810
UMD01a  1810   808   700   865   733   786   734   802   637   806   782
UMD01a  1820 -9999
UMD01a  1840   583   649   504   533   465   548   535   508   686   585
UMD01a  1850   456   566   588   674   802   794   682   646   767   752
UMD01a  1860   575   592   611   523   625   534   618   586   421   517
UMD01a  1870   448   523   507   558   649   708   520   528   483   468
UMD01a  1880   511   491   498   533   465   484   539   626   620   551
UMD01a  1890   479   666   641   693   536   709   629   579   549   556
UMD01a  1900   551   633   668   728   751   734   829   848   711   860
UMD01a  1910   773   711  1038  1183  1120  1252  1293  1032  1118   960
UMD01a  1920  1189  1242  1197  1225  1096  1160   979  1712  1890  1195
UMD01a  1930  1031  1260  1536  1114  1231  1247  1140  1140  1084  1052
UMD01a  1940  1115   893   855  1001   785   921   913   858   836   831
UMD01a  1950   729   831   839   848   832  1386  1169  1215  1074  1165
UMD01a  1960  1183   979   947   785   707   809   980   940   760   822
UMD01a  1970  1026   849   902   891   805   861   727   853   900   747
UMD01a  1980   739   645   820   899   741   867   821   889   991  1247
UMD01a  1990   797   929   907   773   862   942  1160  1008   961   828
UMD01a  2000   695   680   849   748 -9999
UMD01b  1697  1266  1013  1338
UMD01b  1700  1247  1112  1353  1220  1338  1258  1187  1173  1118  1474
UMD01b  1710  1562  1212  1286   844   701   592   895  1073  1021   781
UMD01b  1720   661   757   765   693   970   717   813   967   932   691
UMD01b  1730   709   677   483   732   580   554   756   660   549   886
UMD01b  1740   654   617   714   555   668   527   749   651   631   609
UMD01b  1750   715   539   260   594   597   552   519   592   445   572
UMD01b  1760   337   549   644   585   626   784   677   697   746   784
UMD01b  1770   621   618   781   825  1570  1212  1137   989   993  1367
UMD01b  1780  1000   837   890   926   778   928  1003   859   796   895
UMD01b  1790   952   900   819   938   656   700   813   719   869   754
UMD01b  1800   787   734   735   800   829   694   607   626   740   756
UMD01b  1810   768   688   778   617   663   650   667   541   588   628
UMD01b  1820   676   605   472   528   646   450   566   497   647   685
UMD01b  1830   613   731   630   586   618   578   589   498   459   488
UMD01b  1840   528   496   499   616   487   481   583   468   476   551
UMD01b  1850   497   445   505   584   718   572   486   508   564   595
UMD01b  1860   324   407   406   450   457   523   438   454   485   431
UMD01b  1870   427   375   469   558   608   671   412   539   471   550
UMD01b  1880 -9999
UMD01b  1900   651   660   623   583   622   613   658   747   603   861
UMD01b  1910   703   808   891  1168  1009  1071   887   872  1097  1012
UMD01b  1920   984  1249  1036   891   882   743   559  1013   886   839
UMD01b  1930   890   902   893   758   846   883   759   974   994  1073
UMD01b  1940   823   895   959  1062   745  1025   894   955   873   770
UMD01b  1950   826   719   650   658   853   661   993  1010   738   783
UMD01b  1960   941   865   822   848   871   867  1020   776   985   762
UMD01b  1970   975   757   752   761   810   780   771  1016   835   842
UMD01b  1980   703   742   880   949   762  1063  1016  1084  1042  1147
UMD01b  1990   840   993   923   889  1007  1090  1115  1150   963   799
UMD01b  2000   698   782   895   718 -9999
UMD02a  1873   557   515   695   574   939   410   264
UMD02a  1880   459   423   734   781   558  1258  1021   706  1160  1101
UMD02a  1890   781  1134  1276   977  1014  1357  1551  1235   947  1216
UMD02a  1900  1021  1284  1049  1141   997  1343  1409  1092  1535  1623
UMD02a  1910  1221   964  1336  1126   917  1298  1531   653  1221  1434
UMD02a  1920  1235  1466  1490  1822  1536   968   720  1108  2303  3789
UMD02a  1930  2231  2375  2248  2374  1716  1353  1057  1634  1423  1698
UMD02a  1940  1398  1052  1057  1271   941  1441  1609  1893  1265  1443
UMD02a  1950  1677  1614  1145  1180  1585   876   898  1250   892   965
UMD02a  1960  1309  1309  1417  1055   865  1319  1330   998  1886  1270
UMD02a  1970  1430  1198  1214  2140  1709  1517  1317  1292  1374   826
UMD02a  1980  1252   998  1497  1624   890  1540  1721  1471   977   596
UMD02a  1990   766   796  1090   932  1036  1377  1079   856   800   629
UMD02a  2000   691 -9999
UMD02b  1898  1558  2051
UMD02b  1900  1788  2298  2001  1985  2074  2383  2257  1542  2420  2813
UMD02b  1910  1750   919  1745  1580  1179  1747  1686  1035  1446  1619
UMD02b  1920  1728  2283  1764  2368  1667  1062  1062  1044  2714  2811
UMD02b  1930  1972  2468  2597  2734  2644  2272  1391  2641  2656  2639
UMD02b  1940  2389  2199  2166  2341   985  1279  1873  2006  1726  1825
UMD02b  1950  2257  2576  1673  1453  1819  1152  1435  1764  1533  1566
UMD02b  1960  2202  2125  2281  2093  1552  1873  1758  1562  2589  2443
UMD02b  1970  2354  2187  1537  2610  2098  1626  1736  2493  2128  1284
UMD02b  1980  2317  1605  3112  3361  1322  3190  3206  3307  3065  2554
UMD02b  1990  1436  1413  1525  1729  1889  2939  2264  1946  1739  1111
UMD02b  2000  1305  1130  1836  1926 -9999
UMD03a  1850   719   816   549   721   825  1180   831   972   792   629
UMD03a  1860   766   832  1230  1273  1000  1135   900   777  1221   957
UMD03a  1870  1192  1736  1165  1428   909  1268   833   822   548   696
UMD03a  1880   557   529   638   749   934   699   950   968   992   833
UMD03a  1890   672   588   719   772   686  1015   753   655   639   819
UMD03a  1900   826  1194  1023   902   744   949   942   657   965   875
UMD03a  1910   857   702   846  1002   657  1028   871   625   726   704
UMD03a  1920   785   988  1177   940   854   568   698   867  1189  1222
UMD03a  1930   822   829   912   600  1144   751   646   740   924   939
UMD03a  1940  1193   602   927   745   795   748   663   927   633   723
UMD03a  1950   836  1041   772   796   645   651   629   946   547  1009
UMD03a  1960   858   655   878   535   508   673   779   587   770   730
UMD03a  1970   615   629   648   812   805   983   786   885   728   525
UMD03a  1980   946   729  1026   980   640  1023   978  1364  1028   809
UMD03a  1990   785   954  1040   871  1151  1400  1497  1156  1258   873
UMD03a  2000   714   898   884   787 -9999
UMD03b  1864  1069  1371  1426  1577  2239  1560
UMD03b  1870  2163  2165  2089  1772  1272  2066  1198  1287  1159  1027
UMD03b  1880   713   914  1102   956   935  1024  1217  1621  1661  1326
UMD03b  1890  1103  1121  1179  1354   885  1573  1292   998  1008   952
UMD03b  1900   940  1397  1261  1148  1188  1208   998   968  1062  1127
UMD03b  1910  1037   666  1019   890   915  1144  1014   761   857  1113
UMD03b  1920  1315  1612  1687  1516  1193   920   647   682  1080  1004
UMD03b  1930   808  1034   950   877   940  1176   780   890  1180  1174
UMD03b  1940  1230   827  1088  1140   923   991  1143  1139   992   979
UMD03b  1950  1187  1239   803   741   834   737   791  1017   664   871
UMD03b  1960   990   893   821   559   625   952   744   705   811   699
UMD03b  1970   711   773   651   850   581  1048   825   809   866   589
UMD03b  1980   838   648  1077   949   705   898  1028  1350  1313  1055
UMD03b  1990   925   905  1128  1095  1101  1770  1511  1326  1239   884
UMD03b  2000   846   994  1045   744 -9999
UMD04a  1802   717   948  1076   682  1383  1148  1466  1279
UMD04a  1810  1756  1773  1451  1231  1622  1326  1269  1285  1031  1303
UMD04a  1820   633   744  1294  1195  1082   845   998   743   650   801
UMD04a  1830   893   911   804   730   581   788   679   454   429   641
UMD04a  1840   866  1038   759  1038   814   799   864  1585  1296  1227
UMD04a  1850  1032  1074   993  1193  1373  1195  1047   952   473   682
UMD04a  1860   499   614   403   421   465   616   647   579   716   714
UMD04a  1870   751   623   608   745   516   850   548   702   822   658
UMD04a  1880   634   873   783   631   608   702   578   711   725   731
UMD04a  1890   664   615   605   792   586   951   847   595   645   758
UMD04a  1900   766   958   788   836   782   877   776   661   506   821
UMD04a  1910   746   542   588   700   594   949   657   501   686   657
UMD04a  1920   863   856   943   768   784   586   495   702   988   761
UMD04a  1930   672   819   704   595   851   990   646   857   897   842
UMD04a  1940   896   764   731   795   752   943  1058  1022   870   953
UMD04a  1950   827  1008   727   745   783   754   540   729   644   829
UMD04a  1960   791   790   782   583   591   670   876   659   905   654
UMD04a  1970   855  1023   849   967   937  1035   939  1092   638   647
UMD04a  1980   992   724   982   878   703  1057   923  1419  1128  1193
UMD04a  1990  1167   547   642   550   645   770   751   688   781   834
UMD04a  2000   557   785   873   774 -9999
UMD04b  1826  1190  1400  2144  2192
UMD04b  1830  2267  2707  3122  2607  2790  2807  2573  1890  1829  1698
UMD04b  1840  2228  2407  2265  1928  1651  1437  1195  1942  1661  1467
UMD04b  1850  1137  1170   956  1067  1267  1247  1004  1042   724   665
UMD04b  1860   728   636   405   488   638   495   449   519   549   669
UMD04b  1870   824   874   771   941   670  1006   745   589   766   720
UMD04b  1880   609   750   921   735   835   868   756   920   872   907
UMD04b  1890   899   696  1051  1152   624  1003   842   760   639   719
UMD04b  1900   779   970  1095   985   910   936   847   742   856   798
UMD04b  1910   750   662   917   858   569   860   465   345   522   543
UMD04b  1920   705   761   862   830   857   537   469   494   847   783
UMD04b  1930   683   679   821   444   474   500   398   490   594   575
UMD04b  1940   716   472   602   554   517   793   845   831   629   686
UMD04b  1950   781   805   619   663   803   565   563   749   537   734
UMD04b  1960   750   511   706   554   527   614   816   605   790   688
UMD04b  1970   747   849   768   858  1051   827   680   759   840   738
UMD04b  1980   850   763   790   921   622   975   782  1327  1058  1013
UMD04b  1990  1098   580   678   553   751   868   834   830   828   797
UMD04b  2000   727   976   967  1006 -9999
UMD05a  1826   241   408   446   486
UMD05a  1830   518   549   819   801   896   851   864   525   393   603
UMD05a  1840   683   846   903   807   551   844  1059  1210   987  1145
UMD05a  1850  1078  1015  1222  1099   963  1284  1042  1193   982   975
UMD05a  1860   773   792   781   879   884   826   770   699   759   724
UMD05a  1870   852   901  1265  1218  1122  1362  1245   925  1189   627
UMD05a  1880   615   561   714   520   838   836   970   841   789   709
UMD05a  1890   889   697   703   905   551   774   813   643   506   756
UMD05a  1900   933   925   997   968  1006  1030  1032   659   889   726
UMD05a  1910   644   650   776   555   359   870   649   386   500   357
UMD05a  1920   644   864   829   861   916   631   444  1037   802   845
UMD05a  1930   579   563   455   493   573   561   494   250   805   611
UMD05a  1940   565   466   561   470   678   648   764   726   613   727
UMD05a  1950   613   891   569   799   594   644   551   630   457   695
UMD05a  1960   782   614   934   666   645   690   747   797   815   817
UMD05a  1970   791   753   783   995   925   923   875  1049  1086   973
UMD05a  1980  1081   921  1164  1028   797   726   807  1092   973  1278
UMD05a  1990  1085  1166  1350  1264  1041  1323  1264   856  1195   911
UMD05a  2000   708   764   728   748 -9999
UMD06a  1768   763  1069
UMD06a  1770   956   845  1030  1666  1264  1503  2121  1585  1947  1302
UMD06a  1780  1965  1888  1054  1246   707  1268  1411  1222  1126  1259
UMD06a  1790  1303  1219  1207  1519  1217   814  1005   893   842   854
UMD06a  1800  1089   904   885   991  1078  1096  1176  1025   699   575
UMD06a  1810   956   838   839   690   672   725   744   709   506   666
UMD06a  1820   724   699  1097  1122  1099   952   875   817   708   741
UMD06a  1830  1080  1119   984  1423  1230  1314  1226   895   647   719
UMD06a  1840   973  1018  1080   948   776   981   879   842   723   834
UMD06a  1850   924   871   799   757   727   462   448   536   447   309
UMD06a  1860   468   462   422   455   518   497   455   629   660   432
UMD06a  1870   639   563   540   648   477   921   636   646   642   481
UMD06a  1880   580   857   597   417   628   645   734   636   561   746
UMD06a  1890   529   702   552   833   368   367   591   730   649   772
UMD06a  1900   455   627   582   703   625   646   858   472   591   674
UMD06a  1910   478   476   595   530   436   584   575   825   628   545
UMD06a  1920   670   600   681   554   508   387   382   395   569   451
UMD06a  1930   422   488   590   453   540   493   335   540   554   473
UMD06a  1940   601   522   661   458   642   608   785   641   717   706
UMD06a  1950   496   661   662   608   556   501   635   647   452   831
UMD06a  1960  1030   617   612   588   790   631   511   720   995   784
UMD06a  1970   844   758  1067   765   884   649   476   868   659   633
UMD06a  1980   994   805   943   848   608   611   640   703   515   618
UMD06a  1990   686   525   580   582   674   687   785   625   617   380
UMD06a  2000   475   504   583   477 -9999
UMD06b  1792  1347  1430  1029   977   866   712   586   667
UMD06b  1800   821   876   936  1036  1175  1121  1132   965   658   737
UMDO6b  1810  1203   851   894   782   831   661   661   454   538   427
UMDO6b  1820   656   575   810   675   831   601   505   604   541   623 
UMDO6b  1830   643   797   586   643   597   472   578   453   342   385 
UMDO6b  1840   690   624   594   534   440   707   594   492   496   451 
UMDO6b  1850   701   638   559   434   553   459   388   513   422   400 
UMDO6b  1860   347   543   438   562   546   500   615   592   640   673 
UMD06b  1870   550   806   674   667   558  1318   838   623   891   670
UMD06b  1880   496   742   784   573   637   519   712   630   675   520
UMD06b  1890   614   629   655   636   444   458   469   550   448   569
UMD06b  1900   323   542   491   469   367   506   485   372   454   371
UMD06b  1910   273   350   498   483   402   348   432   395   368   188
UMD06b  1920   355   423   329   332   348   280   408   386   541   377
UMD06b  1930   219   447   405   257   346   462   277   200   317   379
UMD06b  1940   404   359   391   348   334   434   268   224   331   362
UMD06b  1950   317   390   221   472   472   345   566   371   291   631
UMD06b  1960   674   598   676   396   481   400   433   267   527   342
UMD06b  1970 -9999                                         
UMD06c  1792  1549  2004  2070  1581  1252  1046  1333  1131
UMD06c  1800  1402  1119  1241  1195  1508  1263  1597  1488   988   723 
UMD06c  1810  1010   822   840   826   746   826   640   629   641   602 
UMD06c  1820   687   768  1081  1348  1389  1082   872  1097   832  1100 
UMD06c  1830  1200   973   993  1388  1326  1397  1262   747   469   624 
UMD06c  1840   706   867   827   894   631   835   756   646   694   784 
UMD06c  1850   824   871   735   521   585   493   465   435   468   492 
UMD06c  1860   456   445   457   412   538   499   588   600   620   576 
UMD06c  1870   607   493   495   641   569  1023   758   650   763   568 
UMD06c  1880 -9999                                           
UMD07b  1818   637   904
UMD07b  1820   761   777   903  1157  1185   624   940  1078   966  1355
UMD07b  1830  1085  1242  1184  1374   951  1421  1275   904   791  1053
UMD07b  1840  1353  1337  1158  1424   969  1103  1397  1230   983  1006
UMD07b  1850  1329  1232  1401  1558  1829  1764  1183  1255  1311  1266
UMD07b  1860  1135  1065  1012  1045  1099  1029  1148  1039  1075  1013
UMD07b  1870  1467  1186  1458  1314  1405  1015  1009  1043  1058   790
UMD07b  1880   945   998   821  1052   607   753   794   709   679   716
UMD07b  1890   648   850   763   798   726   751   751   965   933  1036
UMD07b  1900   993  1003   918   922   891   977  1191  1011   831   915
UMD07b  1910   958   637   963   926   780   933   839   679   998   807
UMD07b  1920   871   861   977   823   750   659   428   708   994   935
UMD07b  1930   675   687   748   845   982   814   581   534   716   659
UMD07b  1940   601   658   593   553   487   570   649   655   541   526
UMD07b  1950   501   603   645   493   412   654   573   615   930   617
UMD07b  1960 -9999
UMD08a  1783   680   683   536  1162   942   741  1078
UMD08a  1790   915  1093   934  1027  1156  1129  1280  1240  1082  1257
UMD08a  1800  1270  1218   868   948  1239   683   523   805   916   944
UMD08a  1810  1084   953   919   983   950   647   784   637   513   596
UMD08a  1820   697   501   817   959   880   457   583   590   720   622
UMD08a  1830   708   699   676   815   811   686   703   345   465   462
UMD08a  1840   583   712   419   443   405   482   520   626   584   770
UMD08a  1850   682   637   672   532   908   704   575   686   708   762
UMD08a  1860   809   700   666   951   705   759   852   622   776   768
UMD08a  1870   948   944   846  1082  1019  1376   973   958   958   908
UMD08a  1880   909   838   972   959   985   925   889   856   784   908
UMD08a  1890   894   788   772   814   648   744   731   807   659   783
UMD08a  1900   985   974   887   856   961  1093  1016  1365   951   922
UMD08a  1910   876   737   998   882   745   843   950   698   735   735
UMD08a  1920   761   967   651   687   633   638   617   887  1182   703
UMD08a  1930   651   589   584   607   697   645   669   808  1035   805
UMD08a  1940   723   601   751   715   731   805   651   677   800   552
UMD08a  1950   674   651   546   564   515   494   572   514   416   492
UMD08a  1960   541   445   587   412   320   407   258   421   340   333
UMD08a  1970   324   249   158   383   294   253   216   122   279   244
UMD08a  1980   154   296   227   305   268   279   219   208   278   229
UMD08a  1990   304   220   299   183   387   309   401   362   290   585
UMD08a  2000   415   483   474   713 -9999
UMD08b  1795   816  1067   871   854   722
UMD08b  1800  1005  1023   748   976  1218   825   747   823   782   509
UMD08b  1810   765   508   853   844  1109   676   738   902   630   584
UMD08b  1820   827   782  1159  1088   694   365   393   624   601   627
UMD08b  1830   741   723   662   634   601   609   463   427   355   479
UMD08b  1840   548   684   413   425   324   322   427   646   726   640
UMD08b  1850   602   681   420   331   904   754   427   441   406   435
UMD08b  1860   393   434   239   486   300   428   462   313   667   654
UMD08b  1870   669   597   615   725   901  1144   736   736   859   648
UMD08b  1880   736   698   656   686   665   645   641   555   467   502
UMD08b  1890   384   509   532   668   542   638   623   596   583  1023
UMD08b  1900   904   813   793   967   904  1094  1314  1100   829   929
UMD08b  1910   958   722  1036   880   843   912  1043   770   892   841
UMD08b  1920   833  1154  1135   888   845   606   741  1222  1303   964
UMD08b  1930   951   921   965   814  1030  1021   798   767  1297   991
UMD08b  1940   893   739  1126  1039   772  1023   834  1008   877   809
UMD08b  1950   852   768   944   744   672   479   835   788   528   724
UMD08b  1960   723   668   600   348   426   560   419   389   252   336
UMD08b  1970   292   303   180   228   218   372   140   363   306   140
UMD08b  1980   328   248   177   338   304   229   217   331   171   291
UMD08b  1990   263   223   204   158   256   189   253   149   288   264
UMD08b  2000   288   183   266   126 -9999
UMD09a  1720  1886  1480  1648  1349  1149  1127  1365  1515  1686  1523
UMD09a  1730  1226  1034   705  1051   748  1025  1031  1371   849  1509
UMD09a  1740  1338  1543  1301   792   857   928   934   934   730  1017
UMD09a  1750  1050   964   860   887   870   895   657   913  1073   467
UMD09a  1760   581   579   685   487   451   544   657   702   967   775
UMD09a  1770   727   878   527   561   502   533   597   570   540   608
UMD09a  1780   715   608   596   323   375   329   398   326   309   328
UMD09a  1790   236   235   301   305   285   235   266   295   223   280
UMD09a  1800   274   299   174   243   356   311   289   302   318   356
UMD09a  1810   229   277   278   208   288   268   222   225   240   275
UMD09a  1820   179   168   290   237   287   162   255   309   285   278
UMD09a  1830   202   310   225   323   274   287   271   177   291   231
UMD09a  1840   274   336   264   224   227   181   319   342   212   275
UMD09a  1850   294   220   190   223   271   195   245   308   255   177
UMD09a  1860   202   274   281   196   239   267   248   197   289   315
UMD09a  1870   277   315   244   259   244   239   167   297   283   336
UMD09a  1880 -9999
UMD09a  1900   296   388   262   430   354   403   379   527   425   503
UMD09a  1910   331   375   410   511   448   499   586   569   365   527
UMD09a  1920   468   430   481   474   504   350   353   726   546   551
UMD09a  1930   396   365   445   463   557   722   388   470   811   613
UMD09a  1940   626   505   608   594   732   746   799   608   573   781
UMD09a  1950   841   892   655   676   760   647   783   917   669   846
UMD09a  1960   969   701   793   522   636   545   755   525   669   454
UMD09a  1970   561   507   404   567   514   327   416   508   408   345
UMD09a  1980   425   376   383   365   217   385   370   248   359   295
UMD09a  1990   290   376   414   281   357   455   484   399   503   396
UMD09a  2000   393   569   582   509 -9999
UMD09b  1729  1457
UMD09b  1730  1512  1319  1108  1375  1390  1147  1591  1574  1279  1735
UMD09b  1740  1695  1513  1501   966  1097  1324  1448  1339  1251  1274
UMD09b  1750  1477  1203  1256  1047   891   940   875  1220  1276   920
UMD09b  1760   785   885   809   832   939   884  1041  1180  1170  1146
UMD09b  1770   889   745  1064   775   861   512   806   704   639   712
UMD09b  1780   800   714   695   411   460   307   386   338   166   313
UMD09b  1790   261   207   286   258   282   149   306   279   237   246
UMD09b  1800   151   171   346   241   281   179   131   234   324   176
UMD09b  1810   228   266   203   233   215   229   156   183   232   344
UMD09b  1820   240   257   221   390   262   232   315   304   360   236
UMD09b  1830 -9999
UMD09b  1850   123   189   284   144   362   296   287   312   256   224
UMD09b  1860   289   271   238   170   231   215   337   176   216   420
UMD09b  1870   308   282   284   401   409   594   310   324   439   405
UMD09b  1880   263   394   397   347   351   393   391   360   370   405
UMD09b  1890   510   445   174   232   241   319   441   379   270   407
UMD09b  1900   371   472   428   539   577   666   739   604   573   530
UMD09b  1910   465   501   562   567   489   745   660   564   410   420
UMD09b  1920   537   580   600   820   684   449   403   735   845   690
UMD09b  1930   715   756   757   620   831   982   592   991  1000  1057
UMD09b  1940   870   732   930   782   629  1057   880   740   566   920
UMD09b  1950   797  1102   849   991   819   728  1005   976   823  1089
UMD09b  1960  1150   558   829   696   653   654   787   735   672   571
UMD09b  1970   634   635   581   618   544   456   417   420   463   340
UMD09b  1980   472   493   501   455   385   378   393   516   439   345
UMD09b  1990   416   487   400   413   471   517   660   488   513   489
UMD09b  2000   501   542   409   397 -9999
UMD10a  1774   624   543   541   505   612   661
UMD10a  1780   707   823   585   557   456   529   736   535   542   606
UMD10a  1790   662   654   486   832   730   694   759   544   499   427
UMD10a  1800   577   531   483   530   634   559   677   538   506   446
UMD10a  1810   813   552   457   408   683   352   641   533   370   408
UMD10a  1820   496  1024   667   789   638   691   622   764   674  1190
UMD10a  1830   625   696   488   852   797   935   740   365   599   485
UMD10a  1840   695   867   580   737   716   418   696   836   742  1032
UMD10a  1850  1172   680   709   638  1201   782   630   600   725   596
UMD10a  1860   387   569   591   700   674   600   712   591   649   536
UMD10a  1870   684   740   571   815   700   858   764   681   662   523
UMD10a  1880   823   577   728   598   678   787   720   872   668   636
UMD10a  1890   715   708   927   873   618   735   752   567   592   602
UMD10a  1900  1072   648   608   708   704   576   663   573   577   653
UMD10a  1910   618   479   698   630   567   570   844   410   511   491
UMD10a  1920   612   642   825   635   459   373   454   317   822   838
UMD10a  1930   647   498   627   485   556   710   656   777   694   710
UMD10a  1940   793   687   715   704   750   757   738   822   688   704
UMD10a  1950   831  1143   974   786   823   988   838   905   850  1291
UMD10a  1960  1214  1306  1546  1218  1055  1431  1721  1347  1323  1358
UMD10a  1970  1257   997   950   969   932  1065   856   982   989   920
UMD10a  1980   890  1078  1220  1163   808  1026   962  1100  1186  1101
UMD10a  1990   994   899  1041  1003  1229  1442  1989  1446  1425  1191
UMD10a  2000  1029   958  1081  1056 -9999
UMD14a  1753   707   725   732   797   862   830   476
UMD14a  1760  1356  1348  1062   923   837   994  1083   563  1030   723
UMD14a  1770   609   783   825   916   994   775  1298   892   974  1131
UMD14a  1780   948   692   782   648   447   811   866   792   682   693
UMD14a  1790   900   836   597   953   802   579   942   910   954   622
UMD14a  1800  1111  1214   953   900  1085   728  1144  1064   760   692
UMD14a  1810   807  1107   744   606  1160   855   939   732  1004   772
UMD14a  1820   912   923   458   838   873   611   694   843   526   570
UMD14a  1830   581   690   688   714   702   917   756   579   732   420
UMD14a  1840   855   821   376   824   867   773   789   619   655   965
UMD14a  1850   918   769   980   723   900   988   746   963   913   608
UMD14a  1860   488   736   927   700   912   689   903   540   611   796
UMD14a  1870  1075   985   872   914   776  1096   843   778   831   643
UMD14a  1880   728   816   775   691   743   678   770   703   876   874
UMD14a  1890   752   907   721   972   480   772   686   715   377   777
UMD14a  1900   630   620   913   844   740   707   714   783   588   756
UMD14a  1910   611   633   523   542   474   749   582   395   668   569
UMD14a  1920   596   717   642   671   772   404   337   538   735   583
UMD14a  1930   577   602   584   502   529   713   698   421   530   636
UMD14a  1940   549   552   668   709   528   641   466   386   269   311
UMD14a  1950   236   348   268   201   191   258   290   263   276   302
UMD14a  1960   272   258   395   173   431   244   332   260   370   279
UMD14a  1970   266   260   207   213   360   200   140   404   263   262
UMD14a  1980 -9999
UMD15a  1771  1261  1271  1215   875   680   924   874  1044  1087
UMD15a  1780  1178   868   689   934   546   564   709   692   762   443
UMD15a  1790   385   455   444   459   534   505   478   517   717   573
UMD15a  1800   406   596   469   645   666   590   503   572   758   498
UMD15a  1810   634   451   403   527   690   462   479   389   415   412
UMD15a  1820   518   361   480   698   688   340   528   592   461   471
UMD15a  1830   424   448   449   544   573   642   507   362   351   387
UMD15a  1840   495   564   235   472   392   324   523   447   413   475
UMD15a  1850   407   356   510   388   525   488   316   368   341   334
UMD15a  1860   401   343   339   419   427   362   414   394   337   487 
UMD15a  1870   512   423   402   545   435   553   442   460   493   435 
UMD15a  1880   598   491   513   586   552   624   625   510   507   486 
UMD15a  1890   466   435   543   569   545   537   595   479   427   506 
UMD15a  1900   433   569   480   531   568   579   629   623   507   475 
UMD15a  1910   579   399   392   355   397   350   453   330   506   493 
UMD15a  1920 -9999                               
UMD16a  1707  1314   993  2165
UMD16a  1710  2140  1922  1668  1189  1166  1450  2119  1646  1103  1665
UMD16a  1720  1071  1552  1363  1106  1168  1540  1210  1204  1664  1371
UMD16a  1730  1001  1047  1316  1803  1042  1044  1021  1270   893  1136
UMD16a  1740   850   921   994   578   656   719   693   761   565   592
UMD16a  1750   666   615   843   725   807   562   768   783   886   453
UMD16a  1760   684  1225   617   802   561   626   783   844   929   727
UMD16a  1770   576  1008   965   779   846   892   831   753   704   981
UMD16a  1780   746   590   633   556   455   567   698   508   462   570
UMD16a  1790   904   683   618   759   863   602   610   585   735   426
UMD16a  1800   529   653   437   461   538   379   554   540   596   507
UMD16a  1810   648   581   488   568   573   512   499   389   470   458
UMD16a  1820   483   508   469   579   520   374   715   637   428   706
UMD16a  1830   596   557   551   636   488   458   635   519   562   406
UMD16a  1840   635   495   534   311   216   431   472   352   306   316
UMD16a  1850 -9999
UMD16a  1870   431   484   335   501   468   618   396   317   431   453
UMD16a  1880   380   470   298   456   387   423   303   322   457   284
UMD16a  1890   259   418   390   375   352   463   559   274   363   345
UMD16a  1900   441   517   646   585   644   414   553   544   594   637
UMD16a  1910   479   678   664   641   549   608   725   482   456   322
UMD16a  1920   547   498   440   579   534   479   352   676   748   747
UMD16a  1930   786   672   589   601   772   936   631   828   875   651
UMD16a  1940   776   739   796   676   569   820   613   627   768   728
UMD16a  1950   486   711   549   484   544   471   571   470   422   501
UMD16a  1960   701   843   631   608   561   755   768   632   493   646
UMD16a  1970   729   675   746   627   772   513   590   712   515   581
UMD16a  1980   746   477   716   660   469   571   659   481   470   574
UMD16a  1990   739   535   537   342   475   549   461   331   320   317
UMD16a  2000   402   368   306   273 -9999
UMD16b  1707  1796  1137  2352
UMD16b  1710  2015  1753  1487  1109   989  1306  1518  1780  1159  1381
UMD16b  1720  1040  1640  1396  1433  1452  1604  1527  1287  1854  1443
UMD16b  1730  1112  1323  1063  1615  1226  1233  1217  1359   970  1437
UMD16b  1740   953  1069   977   757  1145  1040   988  1180  1241   938
UMD16b  1750  1123   910  1294   740  1091   687   883   719   805   577
UMD16b  1760   922  1099   858  1119   770   860  1052  1123  1385  1263
UMD16b  1770   945  1114  1238  1026   960   831  1054   800   737  1007
UMD16b  1780   881   739   465   617   615   550   703   516   457   460
UMD16b  1790   868   517   507   740   734   617   598   803   692   516
UMD16b  1800   612   581   607   855   603   579   754   704   986   549
UMD16b  1810   727   791   641   560   759   462   930   545   577   687
UMD16b  1820   695   641   490   728   661   372   608   532   541   410
UMD16b  1830   537   667   576   410   587   603   430   471   460   462
UMD16b  1840   477   599   404   353   409   458   338   384   499   501
UMD16b  1850   405   422   413   316   445   483   312   333   333   411
UMD16b  1860   318   315   353   285   297   254   312   310   360   275
UMD16b  1870   243   362   308   342   309   398   395   345   279   356
UMD16b  1880 -9999
UMD16b  1900   512   559   427   632   630   560   541   736   554   534
UMD16b  1910   650   633   595   622   641   808   754   599   410   634
UMD16b  1920   604   640   722   681   669   431   475   676   905   956
UMD16b  1930   896   768   748   614   916  1008   939   614  1003   968
UMD16b  1940   910   835   734   753   752   720   782   915   867   787
UMD16b  1950   853   952   756   715   760   701   880   792   570  1120
UMD16b  1960   991  1195   996   830   866  1116  1117   862   871   990
UMD16b  1970  1177  1196  1067  1117  1178  1057   748   904   920   989
UMD16b  1980   900  1000  1001   817   713   788   944   978   917  1036
UMD16b  1990   783   843   850   647   695   871   714   740   690   552
UMD16b  2000   510   489   572   469 -9999
UMD18a  1693   447   612   427   355   405   148   171
UMD18a  1700   215   438   351   389   645   775   376   330   412   501
UMD18a  1710   453   336   453   380   223   209   411   406   166   355
UMD18a  1720   270   369   320   188   353   262   284   953   847   691
UMD18a  1730   681   233   248   332   241   316   265   398   288   439
UMD18a  1740   327   483   546   373   478   421   440   599   413   621
UMD18a  1750   633   668   253   325   349   383   355   557   535   618
UMD18a  1760   303   825   732   816   545   572   806   560  1417   969
UMD18a  1770   427   739  1263   850  1147  1395  2185  1743  1309  1374
UMD18a  1780  1240  1081  1102  1175   793  1427  1478   823   740   932
UMD18a  1790   948  1137  1026   782   869   792   903  1015  1066   980
UMD18a  1800  1230  1051   751   742  1323   663   751   871   937   870
UMD18a  1810   713   735   856   913  1168  1296  1139   755   549   689
UMD18a  1820   518   652   971  1211  1102   477   649   857   653   708
UMD18a  1830   640   885   708   751   921  1024   848   525   658   524
UMD18a  1840   617   572   476   795   523   584   822   734   901  1079
UMD18a  1850  1001   976  1065   870  1222   983   683   812   358   251
UMD18a  1860   347   576   488   397   358   367   444   401   433   395
UMD18a  1870   460   610   424   760   582   829   433   416   623   532
UMD18a  1880   523   508   591   499   700   468   312   629   351   656
UMD18a  1890   600   608   417   643   583   835   753   791   538   767
UMD18a  1900   704   769   949   856   629   765   536   573   693   560
UMD18a  1910   509   549   853   821   667   882   707   511   873   790
UMD18a  1920   991   914  1093   941   916   639   767   706  1013  1044
UMD18a  1930   948   994   863   597   712   761   599   483   779   753
UMD18a  1940   737   694   795   710   762   732   642   763   628   539
UMD18a  1950   613   705   833   736   622   746   705   750   599   886
UMD18a  1960  1063   822   958   687   646   698   942   661   734   995
UMD18a  1970   788   794   891  1012  1076   902   437   737   829   587
UMD18a  1980   492   698  1180   948   783  1060   880  1419  1043  1029
UMD18a  1990   994   852  1063   878  1184  1005  1279   909  1269  1080
UMD18a  2000   902   898  1006   719 -9999
UMD18b  1707   898   709   391
UMD18b  1710   978   736   906   860   592   291   386   445   646   328
UMD18b  1720   497   429   530   620   412   463   394   542   528   373
UMD18b  1730   281   357   455   664   533   897  1015   900   386   990
UMD18b  1740   768   974  1124   734   821   549   739   584  1063   716
UMD18b  1750   761   919   478   650   621   718   390   620   810   559
UMD18b  1760   711  1150   611   718   704  1062  1736  1642  1105  1133
UMD18b  1770   516   756  1206  1646  1687  1555  1743  1359  1307   837
UMD18b  1780  1148  1110  1109  1289  1460  1099   994   541   798   742
UMD18b  1790   794   915   642  1096   903   945  1268  1578  1117  1067
UMD18b  1800  1395   848   818   835  1299   732   736   836   929   652
UMD18b  1810   940   604   880   715  1090  1133   801   828   664   552
UMD18b  1820   659   529  1184  1209   952   706   947  1011   747   937
UMD18b  1830   744   945   693   563   782   887   616   754   917   827
UMD18b  1840   953   980   700   840  1004   879   718   657   726   807
UMD18b  1850   722  1031  1056  1000  1338  1302   728  1145  1151  1195
UMD18b  1860   873   827  1001   529  1047   957   990   521   694   917
UMD18b  1870  1141  1004   651  1118   776  1199   860   687  1086   979
UMD18b  1880   913  1112   807   769   936   868   725   756   935  1216
UMD18b  1890   883  1205   677   877   738  1015   931   778   794   946
UMD18b  1900   908  1105  1013  1056   930  1094   998  1194  1110  1091
UMD18b  1910  1061   711  1490  1160   761   747   820   689   910   927
UMD18b  1920  1051  1415  1145  1173   765   581   570   855  1075  1124
UMD18b  1930   809   698   608   868  1024  1008   581   864  1000  1019
UMD18b  1940  1042   651   861  1019   931  1282  1201  1127  1027   872
UMD18b  1950   905  1101   775   868   563   608   691   807   557   822
UMD18b  1960   924   981  1090   797   641   801   887   649   616   779
UMD18b  1970   935   746   923  1144   998   989   679   610   737   769
UMD18b  1980   692   625   698   611   472   617   745  1138   851   628
UMD18b  1990   554   551   651   576   614   675   676   501   737   565
UMD18b  2000   483   482   763   516 -9999
UMD20a  1789   540
UMD20a  1790   462   740   885   817   724   583   816   850   736   784
UMD20a  1800   753   701   637  1051  1333   710   583   723   744   678
UMD20a  1810  1138   700   647   724  1098   807   940   807   703   843
UMD20a  1820   754   617   989   910   815   659   437   572   593   840
UMD20a  1830   805   804   799  1255  1441  1361  1174   662   563   463
UMD20a  1840   435   608   422   462   396   481   559   647   677   664
UMD20a  1850   600   620   614   708   853   950   692   862   916   887 
UMD20a  1860   854   880   807  1269  1185  1213  1190  1274  1517  1260 
UMD20a  1870  2070  1863  1918  1611  1620  2385  1553  1927  1884  1232 
UMD20a  1880  1305  1443  1455  1536  1409  1386  1301  1128  1236  1181 
UMD20a  1890  1129  1116  1288  1234   875  1136   920   818   711   734 
UMD20a  1900   798  1027   871  1067  1341  1176  1027   859   811  1001 
UMD20a  1910   863   688  1097   915   813  1302   964   847   917   876 
UMD20a  1920  1057  1143  1185  1255  1033   565  1535  1796  6166  3005 
UMD20a  1930  3001  2689  1626  1078  1207  1165   990   897   839  1059 
UMD20a  1940   840   737   803   904   697   914   691   743   722   765 
UMD20a  1950 -9999                               
UMD20b  1771   643   779  1044   993   950  1024   616   618   533
UMD20b  1780   981   814  1006   972   562  1112  1273   850   917   786 
UMD20b  1790   843   361   960   998   826   715   669   540   573   549 
UMD20b  1800   595   616   753   944  1100   617   600   698   798   639 
UMD20b  1810   918   636   693   599   696   458   474   534   545   703 
UMD20b  1820   708   604  1127  1349  1275   551   618   736   722   965 
UMD20b  1830   750   686   833  1125  1534  1505   938   536   451   310 
UMD20b  1840   270   348   340   328   292   514   396   550   561   513 
UMD20b  1850   665   599   497   647   805   901   749   964   773   883 
UMD20b  1860   638   763   481  1010  1017  1019   845  1041  1560  1012 
UMD20b  1870  1282  1183  1107  1150   978  1388  1095  1060  1196   788 
UMD20b  1880   788   850   953   770   795   985   817   777   768   894 
UMD20b  1890   746   663   899   829   722  1099  1317  1067   978   841 
UMD20b  1900  1086  1183  1234  1139  1026  1044   897   642   507   646 
UMD20b  1910   585   564   739   617   625   784   701   684   467   598 
UMD20b  1920   609   694   793   808   760   706   542   846   903   680 
UMD20b  1930   691   744   600   615   944   677   872   986  1004  1024 
UMD20b  1940  1128   901  1080  1049  1014  1076  1188  1489  1323  1111 
UMD20b  1950  1055  1395  1130  1352  1397  1390  1225  1139  1079  1354 
UMD20b  1960  1397  1320  1085   878   926  1152  1054   858   873   837 
UMD20b  1970   690   756   677   787   656   600   610   532   592   534 
UMD20b  1980   677   593   701   740   630   606   735   746   857   676 
UMD20b  1990   619   750   822   763   819   930   877   980   888   992 
UMD20b  2000   699   945  1078  1095 -9999                               
UMD21a  1599   231
UMD21a  1600   214   298   247   231   332   327   394   439   856   840
UMD21a  1610   588   357   527   722   724   772   478   331   372   348
UMD21a  1620   565   530   715   503   521   487   608   535   529   507
UMD21a  1630   467   621   539   680   697   705   817   754   713   895
UMD21a  1640   882   772   692   573   696   584   567   719   732   599
UMD21a  1650   596   544   686   576   764   661   522   504   747   684
UMD21a  1660   811   953   765   871   678   668   645   624   755  1112
UMD21a  1670  1198  1058   907  1539  1096  1232  1134  1349  1195  1249
UMD21a  1680  1269  1361  1482  1563  1514  1376  1694  1491  1615  1325
UMD21a  1690  1546  1514  1307  1079  1534  1386  1571  1594  1174  1377
UMD21a  1700  1227  1525  1243  1109  1141  1222  1045  1168  1227  1355
UMD21a  1710  1151  1217  1204   853   912  1127   971  1590  1060  1049
UMD21a  1720   799   948   929   739   836  1095   946  1006   881   935
UMD21a  1730   550   823   675   725   559   673   780   859   592   814
UMD21a  1740   729   792   747   686  1000   868   824   867   793   910
UMD21a  1750   825   812   807   589   715   612   537   634   706   626
UMD21a  1760   380   511   643   456   516   672   647   781   743   723
UMD21a  1770   713   718   867   794   938   890   886   697   905   924
UMD21a  1780   779   865   590   664   516   521   606   498   595   558
UMD21a  1790   540   518   483   543   477   485   526   465   589   546
UMD21a  1800   522   514   501   583   582   517   377   556   397   478
UMD21a  1810   464   574   584   452   531   625   497   519   628   717
UMD21a  1820   630   661   691   711   827   629   674   820   617   747
UMD21a  1830   628   670   757   618   660   693   757   568   611   473
UMD21a  1840   645   631   509   554   473   570   738   582   556   561
UMD21a  1850   444   625   590   650   653   709   552   489   539   703
UMD21a  1860   542   602   427   547   588   507   525   460   647   640
UMD21a  1870   612   658   636   584   605   813   598   732   545   631
UMD21a  1880   522   590   473   564   512   475   502   608   451   448
UMD21a  1890   326   486   421   395   380   451   459   480   456   592
UMD21a  1900 -9999
UMD21b  1599   166
UMD21b  1600   236   305   221   167   443   267   418   394   912   661
UMD21b  1610   475   291   601   708   612   851   568   226   349   557
UMD21b  1620   524   759   703   619   631   489   639   448   528   394
UMD21b  1630   425   299   563   536   668   570   956  1023   758   737
UMD21b  1640   837   972   590   536   808   475   583   769   513   662
UMD21b  1650   548   604   684   757   823   687   672   668   859   640
UMD21b  1660  1148  1034  1003   922   738   701   640   732   709  1079
UMD21b  1670  1049  1150  1129  1619  1112   853   847   922   927   998
UMD21b  1680  1351  1250  1337  1393  1493  1220  1130  1211  1542  1229
UMD21b  1690  1275  1575  1071  1260  1535  1635  1458  1368  1073   961
UMD21b  1700  1079  1265   825   808   806   802   834   970   795  1117
UMD21b  1710  1111  1176  1037   916   820   887  1028   971  1197   985
UMD21b  1720   769   995   837   759   866   802   858   830   844   661
UMD21b  1730   568   694   708   898   600   606   993   708   655   622
UMD21b  1740   739   822   796   558   980   713   531   662   783   799
UMD21b  1750   570   754   418   484   497   488   348   591   423   382
UMD21b  1760   348   501   511   343   283   439   402   480   398   436
UMD21b  1770   358   519   540   367   496   481   510   479   559   446
UMD21b  1780   638   492   631   494   503   547   514   509   565   499
UMD21b  1790   581   384   564   575   462   596   363   499   438   530
UMD21b  1800   423   606   467   519   464   479   529   468   423   440
UMD21b  1810   505   409   486   373   506   391   497   537   458   473
UMD21b  1820 -9999
UMD21b  1840   395   513   265   330   408   365   366   371   401   413
UMD21b  1850   480   606   381   367   519   476   525   475   495   477
UMD21b  1860   516   507   360   432   476   410   408   403   478   534
UMD21b  1870   416   462   607   556   512   657   532   513   394   503
UMD21b  1880   352   509   409   387   374   605   495   395   367   433
UMD21b  1890   350   478   437   471   417   503   384   317   409   356
UMD21b  1900 -9999
UMD21b  1920   521   582   545   582   641   494   419   754   863   678
UMD21b  1930   651   642   685   694   906   873   625   836   717   918
UMD21b  1940   625   716   743   673   528   698   647   674   613   616
UMD21b  1950   555   659   521   455   353   386   440   348   356   487
UMD21b  1960   525   391   463   572   423   649   550   290   494   443
UMD21b  1970   419   472   666   668   748   853  1370  1045   735   720
UMD21b  1980   795   647   803 -9999
