SBR01A  1950   735   857   752   785   624   566   694   587   506   718
SBR01A  1960   691   489   619   610   511   620   483   635   769   724
SBR01A  1970   853   708   684   544   565   576   273   533   451   176
SBR01A  1980   318   334   313   273   271   364   400   451   315   349
SBR01A  1990   326   291   248   280   286   337   252   282   261   286
SBR01A  2000   286   252   297   253   307   312   321   286   206   206
SBR01A  2010   223   323   273   327   268   286   367   313   266   999
SBR01B  1954   593   596   522   477   350   575
SBR01B  1960   565   406   501   483   332   318   237   324   433   448
SBR01B  1970   587   455   419   386   341   331   237   324   337   120
SBR01B  1980   186   213   258   239   166   263   371   376   250   262
SBR01B  1990   297   345   324   307   323   406   250   299   302   321
SBR01B  2000   332   315   277   269   324   296   335   243   222   263
SBR01B  2010   254   347   280   326   282   320   404   301   230   999
SBR02B  1921   141   153   268   152   162   154   116   131   138
SBR02B  1930   133   114   174   167   163   195   161   284   222   195
SBR02B  1940   212   296   260   254   239   218   193   341   294   318
SBR02B  1950   288   356   324   343   248   299   298   313   366   305
SBR02B  1960   303   218   263   265   294   530   263   278   316   350
SBR02B  1970   456   457   346   356   401   385   267   335   377   134
SBR02B  1980   218   254   367   227   160   209   303   330   312   217
SBR02B  1990   233   269   248   243   242   390   381   219   307   307
SBR02B  2000   360   297   222   235   269   176   229   307   271   267
SBR02B  2010   330   356   291   430   310   286   252   211   151   999
SBR03A  1929   327
SBR03A  1930   306   278   276   245   369   359   286   379   353   349
SBR03A  1940   304   302   341   388   293   369   363   456   358   357
SBR03A  1950   385   396   312   341   267   227   295   337   322   355
SBR03A  1960   323   272   276   277   277   358   305   352   315   351
SBR03A  1970   447   422   493   440   370   370   326   269   248   176
SBR03A  1980   199   186   290   347   273   335   388   531   467   493
SBR03A  1990   408   464   388   404   468   644   420   358   284   263
SBR03A  2000   284   284   306   237   339   320   332   330   358   383
SBR03A  2010   403   586   479   544   455   481   527   527   309   999
SBR03B  1949   546
SBR03B  1950   614   620   474   536   419   421   527   510   502   506
SBR03B  1960   459   368   396   349   339   360   313   301   349   406
SBR03B  1970   390   305   326   364   345   258   275   284   214   156
SBR03B  1980   263   193   296   275   243   305   318   360   322   341
SBR03B  1990   381   362   311   334   379   400   402   315   290   284
SBR03B  2000   318   315   330   294   368   402   415   358   445   459
SBR03B  2010   470   510   436   481   394   364   455   425   276   999
SBR04A  1904   299   250   356   530   387   390
SBR04A  1910   299   233   397   330   210   227   224   176   142   167
SBR04A  1920   167   148   133   163   142   104    78   148   116   116
SBR04A  1930   142   138   146   121   142   214   140   199   123   150
SBR04A  1940   157   189   218   307   197   212   185   235   249   241
SBR04A  1950   256   292   136   153   148   176   218   237   224   196
SBR04A  1960   227   193   212   169   199   246   178   180   214   208
SBR04A  1970   236   214   197   208   243   219   113   170   183    79
SBR04A  1980   119   141   206   134   119   166   182   229   134   168
SBR04A  1990   155   185   219   182   183   211   228   185   136   179
SBR04A  2000   205   200   203   178   254   189   212   180   168   129
SBR04A  2010   207   220   199   269   216   305   142   146    97   999
SBR04B  1900   669   521   506   520   463   298   289   280   336   286
SBR04B  1910   252   173   244   242   179   223   195   195   191   212
SBR04B  1920   160   235   233   288   242   162   115   161   132   177
SBR04B  1930   210   164   219   159   191   249   161   263   172   190
SBR04B  1940   206   246   238   279   235   235   227   288   296   254
SBR04B  1950   273   324   189   231   176   144   218   214   203   205
SBR04B  1960   214   142   214   182   218   240   172   172   204   176
SBR04B  1970   198   189   187   162   168   137    81    92    90    48
SBR04B  1980    63    64    95    74    59   105   104   106    96   172
SBR04B  1990    89    70    79    92    99   113    66    66    77    99
SBR04B  2000   113    71    71    92    87    87    76    78    86    94
SBR04B  2010    85    75    81    78    82    62    69    58    55   999
SBR051  1945   261   278   249   228   265
SBR051  1950   284   322   258   236   237   195   221   221   192   222
SBR051  1960   215   161   163   161   195   203   199   214   237   234
SBR051  1970   260   254   214   216   163   174   129   127    91    85
SBR051  1980    76    93   110   100    95    97   134   106   127    95
SBR051  1990   100    76   108   105    92    99    77    69    54    66
SBR051  2000    70    91    80    47    88    77    93   109   105    71
SBR051  2010    99   125   103   112   141   119   112   155    87   999
SBR05B  1898   635   530
SBR05B  1900   518   503   642   589   400   412   371   400   506   507
SBR05B  1910   434   288   551   483   438   478   709   561   462   510
SBR05B  1920   430   464   447   472   462   368   326   318   354   375
SBR05B  1930   349   360   336   286   367   339   254   348   297   335
SBR05B  1940   258   286   297   218   298   343   274   290   339   299
SBR05B  1950   262   269   287   235   280   182   195   202   140   165
SBR05B  1960   195   142   174   157   185   182   151   212   292   212
SBR05B  1970   212   180   174   176   138   178    93   114    91    83
SBR05B  1980    95    72    92    79    74    99   102   106    83    89
SBR05B  1990    87    76    77    95    70    81    85    74    59    66
SBR05B  2000    78    85    70    67    64    83    89    81   100    66
SBR05B  2010    77    97   102    97   129    95   106   121    83   999
SBR06A  1930   341   296   307   263   339   311   239   291   341   307
SBR06A  1940   428   405   468   555   500   663   639   658   512   442
SBR06A  1950   345   457   433   521   428   375   373   347   352   439
SBR06A  1960   337   239   252   236   267   326   214   277   267   322
SBR06A  1970   472   349   379   265   294   248   201   210   246   161
SBR06A  1980   191   191   231   225   180   222   212   227   207   242
SBR06A  1990   237   275   254   229   358   339   312   261   246   307
SBR06A  2000   346   271   280   227   208   157   193   206   214   209
SBR06A  2010   208   330   239   233   313   277   257   345   210   999
SBR06B  1938   408   485
SBR06B  1940   504   476   574   663   493   682   739   688   633   688
SBR06B  1950   586   682   553   603   590   430   510   523   417   555
SBR06B  1960   462   381   449   464   447   570   313   485   562   430
SBR06B  1970   452   343   373   400   377   326   324   155   224   182
SBR06B  1980   267   201   226   212   165   223   224   201   207   182
SBR06B  1990   229   205   176   193   165   258   227   159   176   188
SBR06B  2000   235   212   210   133   138   144   167   138   169   169
SBR06B  2010   165   216   165   155   222   193   180   208   113   999
SBR07A  1904   248   345   487   485   595   430
SBR07A  1910   385   326   517   597   472   599   550   476   430   415
SBR07A  1920   383   461   402   375   390   250   319   377   224   282
SBR07A  1930   239   326   402   326   360   466   307   457   425   356
SBR07A  1940   457   531   548   449   349   366   379   358   368   320
SBR07A  1950   341   438   303   294   250   277   286   231   265   246
SBR07A  1960   303   191   241   195   252   290   191   233   277   262
SBR07A  1970   252   252   214   220   207   224   123   144   163   112
SBR07A  1980   157   131   178   150   106   123   169   178   157   180
SBR07A  1990   148   163   171   171   191   163   169   138   123   182
SBR07A  2000   161   138   191   136   123   136   183   182   150   146
SBR07A  2010   187   171   136   188   144   142   131   159    95   999
SBR07B  1936   188   276   292   256
SBR07B  1940   333   343   375   336   271   235   283   274   282   214
SBR07B  1950   282   356   206   235   193   198   226   166   173   159
SBR07B  1960   185   113   172   104   159   161   133   128   182   167
SBR07B  1970   157   161   127   148   152   176    79   117   100    76
SBR07B  1980    88    87    91   100    62    85   112   119    97    70
SBR07B  1990   104    81   106    95    85    98    91    92    57    81
SBR07B  2000    76    76    81    66    70    64    74    93    74    55
SBR07B  2010    77    70    61    66   102    80    72    45    57   999
SBR08A  1818   346   411
SBR08A  1820   191   180   252   426   556   536   418   508   462   433
SBR08A  1830   376   325   367   433   423   208   260   138   218   212
SBR08A  1840   261   278   239   233   250    41   157   183   193   219
SBR08A  1850   342   271   268   185   271   303   211   271   187   171
SBR08A  1860   218   166   197   177   139   136   163   173   140   175
SBR08A  1870   176   169   188   159   174   197   196   161   127    99
SBR08A  1880   146   150   182   117   174   112   151   130   122   139
SBR08A  1890   164    98   137   152   106   112   259   250   147   195
SBR08A  1900   190   163   189   212    75    80    78   107    97   103
SBR08A  1910   121    92   156   153    76    51   122    97    76    69
SBR08A  1920    99    87    98    78    79    51    56    62    67    81
SBR08A  1930    75    73   101    57    62    66    80   110   104    89
SBR08A  1940    88    97   131    97    79   115    93    86   131   112
SBR08A  1950   147   156   122   109    94    71   113    78   107   123
SBR08A  1960   100    84   132   109   123   131   115   103   147   107
SBR08A  1970   145   124   100    99   107   122    80   103    89    60
SBR08A  1980    87    85   104    75    77    66    56    87    55    66
SBR08A  1990    68    59    53    66    54    47    56    61    36    87
SBR08A  2000   115    81    70    66    62    59    96    70    89    61
SBR08A  2010    89    74    64    74    70    53    66    62    55   999
SBR08B  1915    70    68    70    52   145
SBR08B  1920   115   123   136   111   164   108   101   137   137   215
SBR08B  1930   223   247   208   186   167   161   152   252   180   140
SBR08B  1940   124   157   146    79    70    71   102    96   112   104
SBR08B  1950   114   157   139    77    60    93    79    92    66    95
SBR08B  1960   119    62   104    87   115   107   106    97   127   140
SBR08B  1970   125    91    83    83    81    93    72    78    79    61
SBR08B  1980    44    65    89    68    70    72    94    78    61    64
SBR08B  1990    68    85    83    77    85    79    70    66    55    66
SBR08B  2000    68    72    68    60    63    71    96    80    72    68
SBR08B  2010    99    71    86    85    84    78    87    84    77   999
SBR09A  1938   509   377
SBR09A  1940   406   468   512   546   370   449   381   483   462   434
SBR09A  1950   415   531   415   387   231   258   347   273   301   246
SBR09A  1960   339   199   235   237   222   263   191   227   229   193
SBR09A  1970   229   193   201   150   131   119    87    91   119    79
SBR09A  1980    83   114   104   104    91    78   104   123    98   121
SBR09A  1990   135   114   121   119   157   167   157   114   100   121
SBR09A  2000   114   123   133   112   102   121   144   161   133   110
SBR09A  2010   126   129   108   133   153   148   118   125    87   999
SBR09B  1907   563   593   622
SBR09B  1910   605   444   330   428   390   333   928   341   356   440
SBR09B  1920   322   364   423   591   372   288   343   553   242   248
SBR09B  1930   241   277   294   267   358   328   218   341   315   235
SBR09B  1940   267   284   322   322   269   318   271   286   309   337
SBR09B  1950   294   428   284   320   218   279   328   339   385   301
SBR09B  1960   303   178   267   169   199   262   209   258   248   220
SBR09B  1970   237   243   188   121   104   116    75    72    83    57
SBR09B  1980    64   112   121    72    87    78   112   142   106   104
SBR09B  1990    93   104   131   112   159   119   114    66    85    95
SBR09B  2000   104    95    91    91    99    72   129   129    91    98
SBR09B  2010   100   102    78   106   131   127    74    64    85   999
SBR10A  1910   759   428   832   572   333   454   359   315   303   377
SBR10A  1920   281   287   276   289   267   218   162   210   194   188
SBR10A  1930   184   169   235   235   254   270   162   243   230   205
SBR10A  1940   236   246   224   350   236   199   208   250   328   362
SBR10A  1950   326   267   179   159   144   117   187   195   214   221
SBR10A  1960   208   138   134   120   184   172   143   121   177   169
SBR10A  1970   264   188   199   171   195   191   104   159   161    70
SBR10A  1980    85   110   178   159   159   174   157   252   214   169
SBR10A  1990   121   178   163   203   243   222   159   155   210   170
SBR10A  2000   187   138   155   157   170   123   170   129   161   197
SBR10A  2010   133   211    97   199   157   145   166   143   132   999
SBR10B  1910   513   390   620   555   358   478   442   364   383   466
SBR10B  1920   398   466   430   519   396   292   248   366   260   250
SBR10B  1930   318   275   313   260   303   322   176   381   305   273
SBR10B  1940   303   360   301   421   277   229   254   351   385   404
SBR10B  1950   402   478   286   265   191   218   364   282   305   322
SBR10B  1960   324   207   284   265   318   325   244   250   273   337
SBR10B  1970   417   362   324   256   286   265   155   226   241   130
SBR10B  1980   119   178   260   241   186   279   271   385   262   235
SBR10B  1990   241   322   305   271   375   351   290   258   252   296
SBR10B  2000   303   277   305   260   267   248   273   252   262   290
SBR10B  2010   296   339   250   333   280   273   373   239   250   999                                                
SBR01A  1868  2601  3588
SBR01A  1870  3000  2270  2344  3635  3179  3397  3568  3034  3449  2462
SBR01A  1880  2665  2231  3174  1826  2263  2452  2587  2691  3038  3313
SBR01A  1890  3106  1888  3085  3354  1555  1688  1986  1839  1593  2181
SBR01A  1900  2118  1831  2066  2379  2099  1500  1414  2083  1617  1737
SBR01A  1910  1882  1643  2352  1878  1527  2208  2367  1727  1842  1697
SBR01A  1920  1845  1706  1929  1963  1942  1512  1532  1522  1940  2228
SBR01A  1930  1865  1998  1917  1904  1921  1680  1513  2401  1929  1766
SBR01A  1940  2180  1684  1681  2391  1461  1386  1357  2104  1731  1828
SBR01A  1950  1816  2493  1927  1537  1460  1438  1725  1399  1606  1498
SBR01A  1960  1869  1182  1666  1354  1619  1533  1341  1472  1742  1839
SBR01A  1970  1787  1722  1724  1576  1658  1490  1192  1466  1665  1591
SBR01A  1980  1561  1257  1503  1298  1251  1373  1233  1371  1283  1190
SBR01A  1990  1069  1488  1309  1140  1272  1227  1020   755 -9999      
SBR01B  1914  2622  4022  3943  2821  3024  2839
SBR01B  1920  2641  2219  3155  2964  2925  2326  2091  2305  2474  3430
SBR01B  1930  2814  3822  3152  2492  3127  2650  2747  3579  2469  2549
SBR01B  1940  2944  2173  3045  3554  2121  2294  2548  4522  4652  3375
SBR01B  1950  3606  5295  3291  2919  2119  2381  3234  2475  2465  2521
SBR01B  1960  2835  1341  2395  1757  2694  2391  2072  2620  2524  3030
SBR01B  1970  2850  2561  2779  2214  2173  2154  1416  2107  2124  1555
SBR01B  1980  1671  1457  1763  1531  1317  1427  1259  1438  1369  1222
SBR01B  1990  1096  1466  1417  1207  1508  1369  1565  1268 -9999      
SBR02A  1876  3698  2900  2597  1779
SBR02A  1880  3133  2079  3223  1826  2538  2059  1329  1406  1232   805
SBR02A  1890  1118   820  1212  1436   942   752   957  2487  1590  1339
SBR02A  1900  1284  1265  1179  1769  1627  1562  1246  1623  2034  1893
SBR02A  1910  1674  1264  1670  1758  1217  1238  1359  1305  1419  2173
SBR02A  1920  1624  1848  1333  1213   830   467   414   754   842   680
SBR02A  1930   678  1126  1306  1222  2361  1917  1533  2459  1722  1625
SBR02A  1940  1719  1936  2280  2890  1819  1526  1607  1908  1798  1865
SBR02A  1950  1866  2013  1516  1382  1186   766  1133  1324  1309  1172
SBR02A  1960  1481  1251  1438  1125  1369  1544  1220  1248  1475  1479
SBR02A  1970  1319  1121   882   888   936   902   546   803  1291   725
SBR02A  1980   585   656   975   884   662   726   767   834  1037   655
SBR02A  1990   910   716   940   942   777   955  1302  1151 -9999      
SBR03A  1931  6322  5942  5831  6561  6036  5378  8219  7324  6076
SBR03A  1940  6851  7130  7991  8933  6463  9149  7626  9160  7891  6554
SBR03A  1950  8236  8533  6134  6356  7830  8360  6182  6449  4548  5522
SBR03A  1960  6695  3022  4648  3109  3729  4023  3854  3658  4527  4253
SBR03A  1970  3563  2291  2250  1720  1760  2169   981  1158  1427  1188
SBR03A  1980   868   617   868   865   583   623   574   601   727   506
SBR03A  1990   727   560   772   661   730   764  1420  1344 -9999      
SBR04A  1781  2757  3887  2316  2046  2684  2706  2508  2329  3056
SBR04A  1790  2916  2573  2233  2696  2303  2076  1885  2837  2496  1930
SBR04A  1800  2176  2127  2714  2891  2776  2721  2053  2197  1971  1773
SBR04A  1810  2674  2689  2291  2588  2667  2426  2652  2595  2576  1654
SBR04A  1820  1480  1688  1984  2375  2298  1737  1587  2041  1961  1757
SBR04A  1830  1956  2250  2352  2537  2099  2172  2105  1604  1466  1488
SBR04A  1840  1554  1874  1946  2027  2163  2067  2001  1940  1994  1885
SBR04A  1850  1848  2179  1988  1591  1878  1817  1904  2145  1643  1514
SBR04A  1860  1662  1393  1583  1483  1544  1440  1567  1481  1621  1837
SBR04A  1870  1493  1548  1304  1927  1524  2093  1962  1694  1610  1339
SBR04A  1880  1360  1597  1819  1582  2235  2096  1832  1777  1274  1587
SBR04A  1890  1480  1333  1923  1847  1147  1628  2067  1938  1644  1616
SBR04A  1900  1865  1615  1531  1623  1536  1679  1458  1868  1712  1557
SBR04A  1910  1747  1436  1929  1494  1274  1334  1541  1542  1296  1625
SBR04A  1920  1618  1751  1752  1871  1661  1197  1395  1505  1351  1239
SBR04A  1930  1481  1429  1608  1457  1992  1959  1466  1740  1583  1540
SBR04A  1940  1791  1864  2052  1883  1487  1650  1959  1868  2063  1884
SBR04A  1950  1774  1927  1430  1279  1186  1071  1138  1052  1179  1082
SBR04A  1960  1221  1130  1102  1262  1227 -9999                        
SBR04B  1771  2141  1972  1965  1843  2289  2876  2932  3234  3138
SBR04B  1780  2912  2541  3454  2180  1966  2648  2732  2406  2339  2734
SBR04B  1790  2706  2363  2541  2278  1971  1820  1951  2626  2148  1669
SBR04B  1800  2344  2054  2681  2854  2552  2200  1905  2012  1888  1509
SBR04B  1810  2322  2549  2160  2160  2435  1953  2271  2114  2398  1561
SBR04B  1820  1437  1569  1952  2302  2285  1965  2099  2218  2236  2176
SBR04B  1830  2051  2264  2246  2553  2263  2328  2127  1804  1915  1365
SBR04B  1840  1488  2154  1759  1929  2574  1943  1992  2345  2255  1973
SBR04B  1850  1984  2545  2225  1927  2149  1908  2516  2365  2018  1735
SBR04B  1860  1914  1776  1854  1830  1839  1702  1731  1710  1712  2093
SBR04B  1870  1818  1709  1619  1900  1638  2061  1847  1662  1457  1297
SBR04B  1880  1398  1580  1736  1503  1744  1922  1899  1594  1394  1880
SBR04B  1890  1540  1554  1835  1768  1288  1749  1907  1910  1558  1736
SBR04B  1900  1843  1589  1726  1908  1639  1734  1516  1894  1490  1438
SBR04B  1910  1423  1200  1470  1440  1227  1279  1272  1485  1199  1404
SBR04B  1920  1483  1718  1902  2096  1843  1323  1343  1641  1549  1696
SBR04B  1930  1505  1375  1611  1592  1708  1743  1727  1638  1460  1452
SBR04B  1940  1470  1509  1897  2037  1615  1602  1928  1973  1951  1860
SBR04B  1950  1697  1785  1527  1088  1032  1049  1359  1156   981  1210
SBR04B  1960  1216  1351  1132 -9999                                    
SBR06A  1819  2128
SBR06A  1820  1451  2144  2725  3011  2545  1708  2068  2611  2600  2583
SBR06A  1830  1954  2079  2457  2485  1380  1790  1903  1372  1599  1663
SBR06A  1840  1753  1627  1591  1686  2005  1843  1663  1828  2092  2458
SBR06A  1850  2503  2683  1972  1671  2470  2273  2111  2328  1608  1531
SBR06A  1860  1513  1214  1076   804  1110  1041  1270  1538  1876  2259
SBR06A  1870  2520  1841  1434  2140  1925  1651  1840  1827  1949  1346
SBR06A  1880  1732  2030  2239  1439  1816  2220  1546  2032  2330  2003
SBR06A  1890  2047  1829  2634  2812  1734  1731  1893  1852  1716  2358
SBR06A  1900  2819  2110  1938  1893  1763  1522  1585  2080  1990  1738
SBR06A  1910  2190  1770  2779  2237  1967  2055  1895  1854  1740  1947
SBR06A  1920  1953  2126  2376  2390  2344  1645  1644  1628  1873  1678
SBR06A  1930  1849  2125  2447  1932  2111  2740  2001  2048  1628  1838
SBR06A  1940  1585  1666  1996  2369  1755  1649  1988  2050  2016  1727
SBR06A  1950  2466  3044  1720  1144  1312  1246  1679  1480  1652  1553
SBR06A  1960  2016  1393  1879  1376  1812  2217  1636  2156  2269  2319
SBR06A  1970  1602  1692  1243  1378  1811  1750  1167  1693  1631  1114
SBR06A  1980  1013  1225  1412  1162  1057  1158  1119  1395  1126  1120
SBR06A  1990   980  1269  1223  1031  1075  1371  1369  1363 -9999      
SBR06B  1815  1718  2158  1972  2316  1739
SBR06B  1820  1526  2154  2357  2794  2224  1894  1857  2725  2899  2972
SBR06B  1830  1986  2064  2444  2499  1559  1642  1833  1503  1562  1522
SBR06B  1840  1535  1739  1605  1853  2313  2375  2508  2503  2573  2604
SBR06B  1850  2494  2678  2180  1765  2361  2262  2603  2389  1490  1613
SBR06B  1860  1558  1278  1123  1057  1277  1208  1486  1574  1600  2189
SBR06B  1870  2140  1726  1569  1979  1918  1852  2055  2107  2182  1570
SBR06B  1880  1830  2088  2238  1957  2417  2518  1905  2109  2117  2075
SBR06B  1890  2088  1875  2555  2680  1643  1931  1822  1537  1287  1550
SBR06B  1900  2117  1761  1975  2066  1806  1690  1938  2089  2131  1824
SBR06B  1910  1940  1718  2429  2736  2226  2732  2023  1947  1996  2197
SBR06B  1920  2059  2395  2639  2544  2184  1568  1317  1753  1979  1781
SBR06B  1930  1905  1682  2139  1677  2186  2925  2356  2144  1554  1768
SBR06B  1940  1658  1496  1706  2631  1825  1695  1897  2290  1847  1880
SBR06B  1950  2187  2985  1704  1263  1231  1468  1940  1467  1383  1703
SBR06B  1960  2317  1338  1764  1557  1971  2369  1696  2233  2662  2669
SBR06B  1970  1816  2147  1843  1736  2110  1845  1652  1800  1682  1065
SBR06B  1980   885   905  1394  1191  1016  1319  1136  2320  1904  1243
SBR06B  1990   957  1265  1190  1041  1082  1524  1648  1577 -9999      
SBR07A  1852  3161  3009  3011  1979  2368  2979  2572  2686
SBR07A  1860  2693  2881  2691  2015  2392  1843  1911  2016  2245  2502
SBR07A  1870  2635  2059  2320  2745  2123  2313  2839  2402  2345  1944
SBR07A  1880  2502  2423  2599  1500  2308  2180  2020  2308  1930  1622
SBR07A  1890  1691  1263  1511  1655   882  1049  1257   748   654   761
SBR07A  1900  1059  1108  1525  1194  1151  1226  1087  1328  1019  1186
SBR07A  1910  1166  1065  1191  1567  1281  1870  1545  1833  1709  1930
SBR07A  1920  1708  1910  1746  1908  2040  1647  1260  1377  1319  1391
SBR07A  1930  1598  1612  2087  1792  2065  2116  2067  2732  1954  1169
SBR07A  1940  2559  2763  2421  2598  2326  1792  1799  2473  2320  2694
SBR07A  1950  2636  3036  2755  2623  1973  1583  2315  2731  2128  2626
SBR07A  1960  3007  1752  2434  2172  2566  3205  2479  2455  2831  2420
SBR07A  1970  2750  2801  3563  2528  2701  3101  2250  2654  2264  1626
SBR07A  1980  2265  2400  2533  2104  1697  1825  2026  2149  2335  1477
SBR07A  1990  1653  1707  1953  1691  1515  1828  1892  1622 -9999      
SBR07B  1821  1167  1352  2000  2123  2107  1957  2148  1621  2451
SBR07B  1830  1572  2361  2507  2977  2325  1787  2151   812  1416   777
SBR07B  1840  1609  1876  1775  1982  1916  1760  2912  2616  2855  2378
SBR07B  1850  2167  2381  1701  1794  2211  1796  1858  2573  1967  1593
SBR07B  1860  1948  2066  2194  1859  1956  1837  1648  1793  2013  2251
SBR07B  1870  2136  1932  1871  2237  1541  2295  2740  2226  2179  1853
SBR07B  1880  1731  2216  2173  1775  2135  2357  1824  1854  1606  1655
SBR07B  1890  1830  1212  1748  1871  1182   906  1285   619   352   410
SBR07B  1900   580   593   906  1027  1225  1373  1291  1576   934  1033
SBR07B  1910   945   992   994  1122  1089  1662  1531  1753  1735  1904
SBR07B  1920  1733  1986  1668  1541  2102  1705  1270  1186  1276  1125
SBR07B  1930  1402  1399  1712  1865  1860  2010  1729  2427  1587  1805
SBR07B  1940  2227  2348  2251  2475  2251  2175  1929  2223  2020  2152
SBR07B  1950  2414  2748  2464  2269  1869  1856  2099  2514  2283  2832
SBR07B  1960  2259  1462  1704  1416  1971  2399  1626  1805  2098  2192
SBR07B  1970  2190  1802  1838  1816  2069  2072  1664  1802  1848  1335
SBR07B  1980  1626  2002  2399  1726  1413  1776  1830  2376  1873  1955
SBR07B  1990  1885  1880  1932  1933  1798  2299  2039  1768 -9999      
SBR08A  1870  1085  1000   871   937   940  1096   980   967   806   743
SBR08A  1880  1013  1036  1196   921  1116  1105   944   856   896   957
SBR08A  1890  1231   885   969  1066   923  1070  1138  2669  2566  2473
SBR08A  1900  2993  2409  3359  3104  1978  2027  2383  3114  3377  2607
SBR08A  1910  2544  2159  2063  2143  2130  2377  2029  1950  1357  1355
SBR08A  1920  1333  1492  1422  1183  1279   931   969   969   785   847
SBR08A  1930   791   800   638   826   988   843   849  1159  1077  1179
SBR08A  1940  1664  2116  1518  1598  1684  1515  1456  2013  2841  2647
SBR08A  1950  2617  2729  2363  2065  1767  1464  1934  1645  1595  2008
SBR08A  1960  2626  1707  2133  1845  1731  1805  1335  1442  1492  1810
SBR08A  1970  1909  1539  1557  1528  1568  1619  1141  1368  1611  1329
SBR08A  1980  1330  1071  1428  1069   887  1104  1050  1024   968   895
SBR08A  1990   826   805   970   917   899  1052   969   975 -9999      
SBR08B  1880   788   787   831   675  1042  1153   885  1117  1189   932
SBR08B  1890  1206   810  1026  1156   954  1057  1168  2035  1645  1514
SBR08B  1900  1277  1159  1118  1058   840   821   772  1121   994   962
SBR08B  1910   723   712   852   921   908  1027  1368  1649  1284  1686
SBR08B  1920  1709  1576   974  1238  1371   893   734   693   702   533
SBR08B  1930   577   605   575   639   666   744   608   807   777   776
SBR08B  1940   897   902   946   909  1011   947   911  1231  1180  1281
SBR08B  1950  1571  1340  1226  1117  1053   896  1026   995  1088  1175
SBR08B  1960  1406  1095  1177  1141  1231  1462  1046   972  1219  1608
SBR08B  1970  1557  1447  1346  1430  1527  1485  1107  1193  1529  1174
SBR08B  1980  1343  1333  1447  1010   823  1027  1410  1031   893   805
SBR08B  1990   968   928   912   943   858   856  1191   958 -9999      
SBR09A  1856  2255  2480  2548  2258
SBR09A  1860  2012  2626  2701  2076  1902  1715  1895  2044  2163  2495
SBR09A  1870  2332  1865  1909  2261  2375  2900  2123  2451  4291  3188
SBR09A  1880  3060  3530  4079  2999  3753  3948  2749  2481  3046  3610
SBR09A  1890  3100  2509  3273  2949  1766  2169  3752  4316  3277  3399
SBR09A  1900  2954  2349  2680  2449  2103  1441  1662  1777  2098  2375
SBR09A  1910  2423  2102  2367  2307  2199  2466  2448  2439  2666  2945
SBR09A  1920  2786  3048  2455  3500  2802  2541  1773  2325  2016  2122
SBR09A  1930  2009  1802  1930  1815  1705  1909  1946  2505  2207  1740
SBR09A  1940  1923  2727  2856  3369  2682  2627  2699  2745  3366  3057
SBR09A  1950  3167  4091  3022  1974  1270  1759  2372  2153  1694  1964
SBR09A  1960  2579  1767  2253  1857  2191  2567  1804  1897  2177  2488
SBR09A  1970  2328  1880  1976  2450  2341  2013  1434  1660  2007  1130
SBR09A  1980   998  1437  1718  1418  1090  1027   958  1174  1121  1065
SBR09A  1990   878   882   984  1020  1270  1227  1292  1371 -9999      
SBR10A  1832  7659  6202  6515  4833  4138  3091  4026  4701
SBR10A  1840  5659  5476  4666  5631  5521  4843  5316  4675  4485  4430
SBR10A  1850  4768  5024  4519  3899  4067  4385  3778  4319  3052  2403
SBR10A  1860  2814  2388  2447  1824  1981  2136  2152  2026  2386  2697
SBR10A  1870  1970  1378  1600  1910   468   970  1260  1397  1259   858
SBR10A  1880  1255  1227  1714   880  1266  1578  1285  1389  1467  1515
SBR10A  1890  1479   770  1117  1065   795   907  1246  1505  1169  1503
SBR10A  1900  1645  1352  1604  1429  1054   535   361   373   343   339
SBR10A  1910   298   378   612   557   477   488   779   638   470   471
SBR10A  1920   494   684   651   546   644   450   401   558   416   516
SBR10A  1930   608   503   710   657   466   776   778  1383  1171  1035
SBR10A  1940  1315  1617  1629   815   790   505   647   940  1366  1117
SBR10A  1950  1275  1580  1326  1089   839   746   906   813   590   769
SBR10A  1960   794   620   752   695   917   895   800   908  1139  1098
SBR10A  1970  1144  1214   779   839   748   886   439   779   648   520
SBR10A  1980   613   492   677   652   489   647   662   596   663   501
SBR10A  1990   479   585   510   597   809   588   528   510 -9999      
SBR10B  1827  5236  5443  4753
SBR10B  1830  3885  3302  3600  3715  3744  2262  2651  1238  1853  2326
SBR10B  1840  2576  2144  2119  2513  2494  1819  2327  1976  2079  2664
SBR10B  1850  2983  2844  2691  2045  2361  2632  1972  3017  1988  1635
SBR10B  1860  1986  1096  1603  1730  1519  1725  1876  1942  1722  2137
SBR10B  1870  2170  1598  1910  1572  1606  1917  1875  1430  1310   953
SBR10B  1880  1384  1538  1673  1098  1477  1240  1349  1277  1194  1302
SBR10B  1890  1559   983  1511  1449   964  1070  2421  2647  1852  2097
SBR10B  1900  1895  1636  1727  2155   792   811   821   831   985  1231
SBR10B  1910  1173   988  1430  1348   636   553  1186   962   750   725
SBR10B  1920   888   966   998   782   789   546   472   763   783   753
SBR10B  1930   740   972   864   642   721   781   685  1412  1174   926
SBR10B  1940  1003  1100  1518   997   897   914  1100  1008  1449  1318
SBR10B  1950  1449  1744  1307   910   901   901  1123  1022  1117  1346
SBR10B  1960  1277  1044  1554  1333  1376  1481  1192  1315  1582  1578
SBR10B  1970  1886  1729  1250  1395  1371  1373   990  1147  1205   863
SBR10B  1980   817   647  1025   839   738   686   751   703   658   718
SBR10B  1990   850   789   882   522   503   435   512   641 -9999      
SBR11A  1919  4294
SBR11A  1920  5049  5903  5440  5308  4656  3480  2666  2977  4486  3451
SBR11A  1930  4674  4479  5576  4879  4980  5012  3763  5136  3513  3471
SBR11A  1940  3945  5409  3733  3405  3506  4070  3689  4003  3799  2465
SBR11A  1950  2402  2742  2007  1705  1476  1833  2615  2527  1878  2149
SBR11A  1960  2579  1567  1805  1923  2218  2844  2067  2759  3123  3690
SBR11A  1970  3554  3136  2970  2684  2675  3218  2160  1950  1971  1652
SBR11A  1980  1457  1331  2078  1808  1483  1878  1632  1896  1777  1978
SBR11A  1990  1406  1709  1882  1634  1559  1858  1652  1563 -9999      
SBR12A  1911  1537  3976  4054  3256  3309  3774  4607  3378  4893
SBR12A  1920  3291  4628  4039  6088  4267  4034  4567  4643  5055  4569
SBR12A  1930  3716  2443  3706  3890  4625  5317  3344  5378  5221  5131
SBR12A  1940  5288  4158  4910  7434  4486  3587  3080  4125  3954  3659
SBR12A  1950  3567  3882  3052  3530  2999  2735  2860  2659  3159  2633
SBR12A  1960  2420  1388  1660  1387  1561  2147  2324  2629  2863  3002
SBR12A  1970  2468  2197  1850  2003  1490  1649  1251  1432  1494   988
SBR12A  1980  1397  1503  1546  1641  1225  1598  1572  1871  1658  1524
SBR12A  1990  1436  1250  1487  1617  1677  1739  1596  1446 -9999      
SBR13A  1909  2628
SBR13A  1910  2744  2354  3078  3012  2745  3689  3538  3122  3204  3331
SBR13A  1920  2740  3200  3663  4303  3765  2556  2342  2673  3480  3292
SBR13A  1930  3130  3116  2831  2628  3172  3357  2706  4315  3062  2915
SBR13A  1940  2782  3288  3724  4456  3203  3264  3074  4074  4169  4162
SBR13A  1950  4089  5274  4166  3378  2391  2269  2824  2731  2095  2152
SBR13A  1960  2370  1809  2380  2255  2395  2837  2636  3285  3501  3202
SBR13A  1970  3497  3291  3085  2855  3029  2582  2113  1746  2230  1743
SBR13A  1980  1915  1647  2183  1973  1604  1713  1916  1869  1742  2115
SBR13A  1990  2062  2298  2296  2106  2429  2616  2065  2169 -9999      
SBR14A  1885  3515  2512  3142  2442  3177
SBR14A  1890  4098  2979  3760  3527  2325  2837  5535  5712  4368  3516
SBR14A  1900  4524  3569  3895  2555  2025  2020  2090  2690  2309  2320
SBR14A  1910  2369  1952  1986  1872  1934  2565  2418  2143  1912  1600
SBR14A  1920  1479  1625  1940  2024  2357  1347   994  1308  1352  1473
SBR14A  1930  1636  1610  1795  1736  1725  2070  1649  2492  1923  1901
SBR14A  1940  2106  2307  2587  3587  2655  2949  2539  3541  4125  3970
SBR14A  1950  4438  5322  3762  3031  2169  2604  2155  2555  2201  2503
SBR14A  1960  2691  1399  2619  2199  3229  3180  2348  2961  3406  2651
SBR14A  1970  3082  3604  2481  1867  2256  1994  1134  1184  1630  1110
SBR14A  1980   763  1188  1580  1384  1177   869  1079  1367  2391  1722
SBR14A  1990  1894  2019  2399  2200  1968  2162  2096  1554 -9999      
SBR15A  1845  1269  1166  1283  1384  1609
SBR15A  1850  1629  1736  1822  1292  1791  1789  1098  1674  1474  1282
SBR15A  1860  1305  1252  1149  1232  1138  1211  1049   972  1155  1386
SBR15A  1870  1471  1188  1119  1484  1272  1298  1305  1453  1465  1068
SBR15A  1880  1186  1159  1068  1094  1459  1154  1218  1084  1322  1179
SBR15A  1890  1118   944  1240  1377  1042  1356  1799  1372  1523  1691
SBR15A  1900  1782  1399  1777  1412  1566  1354  1514  1417  1422  1488
SBR15A  1910  1941  1452  1390  1715  1459  1706  2057  1875  1301  1267
SBR15A  1920  1309  1373  1658  1603  1981  1300  1453  1653  1400  1267
SBR15A  1930  1364  1299  1294  1139  1164  1263  1111  1505  1461  1301
SBR15A  1940  1348  1410  1417  1788  1540  1296  1161  1822  1544  1572
SBR15A  1950 -9999                                                      
SBR16A  1849  3055
SBR16A  1850  1643  2308  2715  2611  7621  5302  2453  2864  1923  1331
SBR16A  1860  1448  1243  1261  1448  1048   890  1011  1433  1622  1696
SBR16A  1870  1807  1373  2092  1323   884  1265  1520  1301  2061  1804
SBR16A  1880  2081  2309  1930  1717  2482  1922  1345  1515  1620  1818
SBR16A  1890  1865  1916  1948  2353  1908  2341  3437  3989  3629  3649
SBR16A  1900  3885  3068  3391  3000  2290  1505  1764  2182  2595  2092
SBR16A  1910  3074  2598  3108  2862  2664  2934  2455  2439  2801  2512
SBR16A  1920  2373  3044  2546  2750  2019  1609  1692  1996  1916  1698
SBR16A  1930  1670  1787  1449  1279  2048  2218  1759  2268  1520  1340
SBR16A  1940  1781  1811  2066  2444  1930  1919  1943  2604  2192  2235
SBR16A  1950  2188  3787  2181  1915  1987  1779  2109  1406  1477  1895
SBR16A  1960  2001  1403  1639  1773  2080  1860  2016  2170  2481  1975
SBR16A  1970  2013  2177  1602  1644  1625  1442  1399  1753  1562   972
SBR16A  1980  1291  1398  1423  1085  1263  1359  1522  1851  1345  1354
SBR16A  1990  1157  1296  1123  1263  1296  1222  1037   998 -9999      
SBR17A  1793  1792  1827  1517  1444  1817  1991  1407
SBR17A  1800  1737  1428  1553  1692  2181  2170  2013  1802  1430  1117
SBR17A  1810  1916  2342  1805  1586  1559  1544  2029  1715  2104  1482
SBR17A  1820  1012  1109  1198  1944  1998  1644  1679  1583  1592  1814
SBR17A  1830  1809  1874  1972  1988  1694  1765  2088   902  1296  1246
SBR17A  1840  1493  1299  1659  1542  1769  1610  2131  2071  2201  2096
SBR17A  1850  1879  1779  1524  1150  1509  1821  2300  2842  1622  1125
SBR17A  1860  1472  1450  1083   915  1252  1142  1174  1329  1317  1538
SBR17A  1870  1348  1240  1373  1591  1426  1714  1686  1722  1783  1535
SBR17A  1880  1518  1809  1875  1591  1837  1763  1785  1320  1895  1604
SBR17A  1890  1331  1192  1335  1701  1145  1059  1512  1713  1335  1362
SBR17A  1900  1646  1423  1583  1695  1328  1203  1430  1854  1916  1826
SBR17A  1910  2021  1399  1716  1585  1382  1558  1736  1925  1805  1642
SBR17A  1920  1809  2044  2514  2470  2419  1380  1127  1492  1714  1503
SBR17A  1930  1773  1681  2121  1736  1662  1985  1952  2697  2030  2005
SBR17A  1940  2300  2398  2433  3070  2601  1912  1996  2566  2332  2488
SBR17A  1950  3408  4500  3152  2234  2332  2348  2597  1996  1849  2391
SBR17A  1960  2433  1506  2407  2430  2367  2087  1522  2173  2334  2243
SBR17A  1970  2356  2144  2350  2297  2348  2402  1789  2088  2526  1414
SBR17A  1980  1265  1610  1524  1213  1309  1199  1084  1438  1172  1282
SBR17A  1990   847  1007  1250  1384  1539  1479  1391  1214 -9999      
SBR18A  1887  2444  3296  4774
SBR18A  1890  3299  2074  2738  3126  2326  2521  3171  2552  2438  3003
SBR18A  1900  3050  3001  4125  4002  2166  2035  2547  2585  2354  3090
SBR18A  1910  3311  1811  2729  2778  2899  3998  3879  3145  2604  2429
SBR18A  1920  2145  2500  3136  3741  3082  2289  2151  2876  2664  2316
SBR18A  1930  1991  2263  3089  2559  3152  3442  2285  4025  3722  2966
SBR18A  1940  3136  2985  3268  4759  3436  3141  2361  3218  3569  3537
SBR18A  1950  3353  4519  2959  2322  1510  1487  1980  2031  1964  1735
SBR18A  1960  2576  1322  2192  1822  1923  2356  1718  2263  2119  2383
SBR18A  1970  2434  2173  1812  1942  1828  1429  1027  1276  1281   858
SBR18A  1980   869   957  1238  1248   973  1602  1378  1456  1236  1151
SBR18A  1990  1282  1122  1171   962  1236  1288  1093   986 -9999      
SBR19A  1866  1682  1731  1731  2252
SBR19A  1870  2203  2781  2385  2525  2701  2729  2909  2281  3222  2410
SBR19A  1880  2900  3502  2754  2891  3157  3041  2050  2181  2217  2708
SBR19A  1890  2701  1849  2615  3113  2382  2993  3706  3207  2520  2189
SBR19A  1900  2831  2511  2638  2452  1367  1305  1741  1669  2918  1789
SBR19A  1910  1601  1397  2026  2038  1286  1783  2281  1700  1752  1988
SBR19A  1920  1578  1699  1647  1622  1698  1325  1058  1477  1343  1102
SBR19A  1930  1339  1318  1551  1811  1807  1975  1621  3199  2692  2694
SBR19A  1940  3020  3429  3011  3510  3214  3896  3089  3979  3565  2947
SBR19A  1950  2513  3233  2419  2283  2143  1778  2311  1906  2136  1539
SBR19A  1960  1481   998  1440  1233  1507  1287  1365  1679  1421  1184
SBR19A  1970  1397  1377  1219  1246  1277  1345   720  1104  1143   738
SBR19A  1980   940  1143  1203   944   923  1072  1170  1154   815   813
SBR19A  1990   628   884   832   921   980  1118   914  1061 -9999      
SBR20A  1893  2398  1768  2031  2692  3035  1440  1282
SBR20A  1900  1581  1620  2228  1943  1744  1561  1584  2231  2539  2660
SBR20A  1910  2761  2108  3615  4152  3152  3625  3855  4111  3606  3426
SBR20A  1920  2756  3888  4022  3954  3198  2394  1938  2684  2245  2383
SBR20A  1930  2880  2621  2387  2276  2183  3472  2189  3017  2725  2765
SBR20A  1940  3256  3151  3475  3416  2906  3206  3121  3498  3647  3332
SBR20A  1950  3756  4231  3158  3262  2786  2137  2136  2854  2488  2532
SBR20A  1960  2580  1564  1655  1900  2296  2462  2042  2285  2247  2022
SBR20A  1970  2386  1765  2229  2227  2343  2389  1523  1016  1001   802
SBR20A  1980   855   748  1046  1100   901  1167  1307  1421  1449  1732
SBR20A  1990  1748  1537  1462  1366  1700  1855  1801  1295 -9999      
SBR21A  1930  4787  4280  6088  5281  6403  7283  6722  9550  5993  5637
SBR21A  1940  6138  7691  7231  8303  6127  5588  5653  7833  5972  5444
SBR21A  1950  5649  7468  5322  4098  4046  3703  3720  4173  2985  4046
SBR21A  1960  4285  2703  3065  2699  2942  3167  2518  2514  3561  3350
SBR21A  1970  3524  3296  3918  3309  3291  3221  1819  2149  2316  1360
SBR21A  1980  1583  1614  1996  1501  1368  1410  1541  1737  1585   960
SBR21A  1990  1150  1122  1567  1406  1291  1929  2026  1631 -9999      
