DAR01A  1909  7640                                                                
DAR01A  1910  5863  4784  5032  5407  4416  5979  4974  5208  3311  3156          
DAR01A  1920  2757  4102  5137  5308  4355  3220  3313  3230  3215  3658          
DAR01A  1930  3247  2944  2961  2437  2184  2948  1685  2737  3519  3785          
DAR01A  1940  2948  3831  3937  4529  4442  5124  4221  4912  3904  5027          
DAR01A  1950  5183  5331  4711  5710  5803  6187  6143  5244  4768  4223          
DAR01A  1960  5205  5506  5279  4887  4871  4591  5441  5089  5497  4745          
DAR01A  1970  4445  3694  5254  4536  3831  4353  3943  3052  4006  3916          
DAR01A  1980  3746  2031  2679  3180  2770  3435  3699  3365  2312  2599          
DAR01A  1990  2644  2931  3238  4175  2936  2815  2207  2795  3120  2694          
DAR01A  2000  2587  2955  2577  2520  3305  1804  1619  1737  2625  1934          
DAR01A  2010  2336  1504  1253  2113  1864  1410  1452 -9999                      
DAR01B  1899  3813                                                                
DAR01B  1900  5299  2652  3871  5394  4127  3618  5069  4039  3694  3550          
DAR01B  1910  2806  2732  3119  4872  3731  5156  4474  4076  3701  3003          
DAR01B  1920  2692  3147  3215  3365  3280  3330  3409  3278  3491  3417          
DAR01B  1930  3047  3093  2580  2339  1948  2429  1320  1613  2348  2520          
DAR01B  1940  2629  2939  3313  3707  3285  3712  3015  3653  3295  4449          
DAR01B  1950  4534  4014  3683  4102  3812  5202  4726  4881  5079  4756          
DAR01B  1960  4337  4879  3874  3636  3824  3440  3989  3675  3878  3014          
DAR01B  1970  2738  2897  3554  2903  2007  2574  2651  1679  2573  3596          
DAR01B  1980  2850  1719  2077  2030  1499  2065  3235  2351  1593  2331          
DAR01B  1990  1774  1639  2368  2639  2089  2225  1749  2041  2011  1662          
DAR01B  2000  1739  2169  1994  1981  2028  1378  1543  1451  1781  1445          
DAR01B  2010  1210  1116  1226  1554  1734  1285  1425 -9999                      
DAR02A  1923  4838  4442  4917  5509  5971  6629  6401                            
DAR02A  1930  5313  5436  4646  3505  4363  5349  2923  3378  5113  5818          
DAR02A  1940  3996  5957  6420  6063  3953  5508  5245  6978  5496  3651          
DAR02A  1950  4993  4627  3456  3977  4892  4779  5006  5054  4087  2964          
DAR02A  1960  4063  4264  4269  3194  3069  3528  3252  3083  3293  2945          
DAR02A  1970  1746  2138  2299  1733  1542  2082  2201  1249  1827  3415          
DAR02A  1980  3513  1632  2954  2853  1679  2672  3526  3112  2404  3430          
DAR02A  1990  2349  2349  4955  5606  3250  5356  4282  3533  4614  2971          
DAR02A  2000  3362  3980  3620  3176  2948  2760  3614  2599  3747  4209          
DAR02A  2010  3454  1669  1621  1771  2102  1637  1577 -9999                      
DAR02B  1932  5171  3584  4425  6383  3473  2838  4154  5350                      
DAR02B  1940  3909  5119  5994  6039  4239  5272  5637  7314  4701  3788          
DAR02B  1950  5305  4062  3030  3917  4272  5361  5653  5542  4334  2502          
DAR02B  1960  3466  4297  3449  3117  3551  3375  3145  3832  5602  4831          
DAR02B  1970  2864  2907  3956  3123  3368  3974  3827  2067  3034  4644          
DAR02B  1980  3863  1492  2531  2991  1650  2806  4016  3445  2768  4126          
DAR02B  1990  2533  1918  4134  4049  3383  4564  4302  5211  5279  3761          
DAR02B  2000  3176  4893  6029  6122  4341  2754  4063  2741  3984  3805          
DAR02B  2010  3672  1453  1316  2453  2381  1741  1727 -9999                      
DAR03A  1915  3916  2399  4799  4356  3446                                        
DAR03A  1920  3001  3075  2698  4749  4453  5182  5076  3870  3878  3883          
DAR03A  1930  4295  4734  3392  3175  2879  2620  2303  1773  3459  3094          
DAR03A  1940  2374  3010  3033  3843  2922  2624  2356  2178  1872  2425          
DAR03A  1950  3732  2743  2246  2629  2462  2691  2673  3107  2958  2170          
DAR03A  1960  2164  2348  2531  3029  2575  2181  2581  2576  3476  2636          
DAR03A  1970  2571  3163  2660  2448  1636  2426  2699  1662  2448  3131          
DAR03A  1980  3526  2433  2396  2979  1965  2315  3481  2901  1951  3043          
DAR03A  1990  2527  2523  3531  4443  2802  4120  5096  3129  3787  2745          
DAR03A  2000  3092  4681  3719  4302  4199  2535  3271  2056  2718  2534          
DAR03A  2010  1702  1775  1606  2187  1687  1260  1270 -9999                      
DAR03B  1909  2981                                                                
DAR03B  1910  3280  2444  3325  3221  2110  3532  3253  3329  3315  3215          
DAR03B  1920  2737  3717  3854  4157  4026  3425  2899  3394  4486  4478          
DAR03B  1930  4240  5039  4688  3862  3188  5376  2698  3641  3038  3479          
DAR03B  1940  3522  4750  4710  4817  3715  3286  2669  3058  3358  3609          
DAR03B  1950  5302  4531  2990  3882  4151  4560  4864  5069  6078  3628          
DAR03B  1960  2783  4719  4665  4431  3411  4134  6471  5750  5947  4279          
DAR03B  1970  3308  4303  3884  3472  2419  4118  4170  2481  2488  3925          
DAR03B  1980  3631  2347  2123  2536  1564  1505  2801  2544  1821  3216          
DAR03B  1990  2914  2968  5646  5367  3121  4495  5412  4296  5396  3970          
DAR03B  2000  3447  6073  6124  7111  5226  3770  3538  2596  3526  3281          
DAR03B  2010  2996  2913  2343  3872  3210  1902  2263 -9999                      
