AJO01A  1663   760   479   574  1002  1003   937  1575                            
AJO01A  1670  1014   720   701   847   697   773   738   650   549   573          
AJO01A  1680   685  1273   564  1374  1479  1129  1004  1126  1793   990          
AJO01A  1690   692   701  1049   713   603  1109  1146  1027   863   488          
AJO01A  1700   366     0   446   297   646   717   690  1160   583   863          
AJO01A  1710   431   854   952   772  1138  1008   835   907   710   681          
AJO01A  1720   668   253   339   311   220   265   637   569   649   719          
AJO01A  1730  1245   918   706   744   254   301   423   662  1270   612          
AJO01A  1740   683   801   882   880   653   716   998   581   707   369          
AJO01A  1750   788   657   870   757  1139   727  1480   894  1436   501          
AJO01A  1760   875   998   508   431   515   314   711   959  2212   680          
AJO01A  1770   380   417   591   901   601  1007  1177   771  1139  1010          
AJO01A  1780   924   997   896   780   894   800  1000  1258  1324  1159          
AJO01A  1790  1249   715   785   780  1015  1316  1569  1438  1099   972          
AJO01A  1800  1161  1709   969   764   944  1243   635  1204   633  1134          
AJO01A  1810   670   547  1058  1083  1240   601   497   519  1312   482          
AJO01A  1820   488   875   880  1024   813   872   774  1039  1749   781          
AJO01A  1830  1615  1194  1362  1226  1286  1399  1017  1031   798  1057          
AJO01A  1840   860   966   907  1348  1691   829  1230  1605  1551   767          
AJO01A  1850   525   872   706   561  1157   736   594   536   887  1287          
AJO01A  1860  1885   900  1892  1483  1360  1156  1642   833   823  1232          
AJO01A  1870   784   665  1099  1176   924   643  1021  1115   887   858          
AJO01A  1880   959   919   849   846   761  1128   647   624   555  1006          
AJO01A  1890   871   897   852   936   841   461   638   762   644   582          
AJO01A  1900   717   499   783   786   711   866   697   682   749   637          
AJO01A  1910   685   623   893   866   428   921   764  1145   664   546          
AJO01A  1920   449   300   433   456   578   616   798   811   569   656          
AJO01A  1930   835   509  1003   742   621   284   301   352   265   173          
AJO01A  1940   314   353   368   370   410   484   424   564   547   513          
AJO01A  1950   842   500   562   945   651   807   595  1221   597   609          
AJO01A  1960   663   758   902   728   878   811   812   813   815  1278          
AJO01A  1970   828 -9999                                                          
AJO01B  1668  1699  1915                                                          
AJO01B  1670  1724  1017   973  1140  1125  1209  1175  1381   871  1009          
AJO01B  1680  1096  1266   574  1601  1492  1205  1166  1498  1957  1281          
AJO01B  1690   755  1028  1274   969   723  1274  1271  1077   781   565          
AJO01B  1700   414   388   539   633   621   892  1350   617  1392   531          
AJO01B  1710  1065  1366   970  1026   907  1233  1098  1128  1040  1026          
AJO01B  1720   598   664   742   468   555  1384  1063  1205  1312  1462          
AJO01B  1730  1230  1010  1088   439   374   556  1350  2054  1010  1344          
AJO01B  1740   951   983  1234  1051  1021  1477  1105  1165   388   408          
AJO01B  1750  1342  1203  1182  1317  1464   978  2018  1089  1874   847          
AJO01B  1760  1327  1256   851   479  1021   543  1247  1305  2260   886          
AJO01B  1770   507   450   836  1157   979  1262  1420  1082  1496  1571          
AJO01B  1780  1492  1752  1378  1637  1431   867  1098  1244  1803  1540          
AJO01B  1790  1650  1212  1009  1460  1960  1876  1750  1348  1168   971          
AJO01B  1800  1207  1591  1088   924  1122  1506   772  1580   818  1179          
AJO01B  1810   695   662  1296  1129  1458   789   659   800  1524   696          
AJO01B  1820   746  1119   963  1638   890  1246   984  1387  2070  1014          
AJO01B  1830  1412  1218  1693  1130  1252  1634   974  1127   838   938          
AJO01B  1840   998  1211  1208  1173  1339  1319  1686  2297  1620   885          
AJO01B  1850   760  1330   993   826   895   885   585   603   682  1191          
AJO01B  1860  1760  1183  1800  1397  1426  1195  1353   933   537  1559          
AJO01B  1870  1073  1102  1754  1596   805   771  1076  1073   980   702          
AJO01B  1880  1238  1139   811   877   670   651   682   678   571   779          
AJO01B  1890   893   702   659   786   949   560   872   910   696   959          
AJO01B  1900   545   632   959   955   726   543   546   440   573   426          
AJO01B  1910   518   524   626   573   472   777   869   684   526   445          
AJO01B  1920   384   383   345   418   656   554   686  1001   581   588          
AJO01B  1930   752   579   848   721   670   532   509   571   857   503          
AJO01B  1940   501   529   669   577   551   681   571   654   632   556          
AJO01B  1950   849   480   533  1024   598   592   706  1046   592   655          
AJO01B  1960   614   586   780   511   857   845   696   837   628   808          
AJO01B  1970   708  1130   472   845   612  1097   892   665   736   823          
AJO01B  1980   812   563   769   674   656   752   631   828   703  1248          
AJO01B  1990  1087   689  1369  1002   771   866  1329   770  1070   717          
AJO01B  2000   787   621   662   635   488   456   474   449   416   530          
AJO01B  2010   436   484   477   558   471   512   554 -9999                      
AJO02A  1725   312   178   121   131   185                                        
AJO02A  1730   309   303   396   337   303     0   193   122   104   178          
AJO02A  1740   194   195   247   271   209   182   155   188   106     0          
AJO02A  1750   185   261   284   219   216   172   280   227   347   284          
AJO02A  1760   410   384   290   331   420   274   598   681  1218   846          
AJO02A  1770   246   285   432   566   702   637   621   629   638   804          
AJO02A  1780   346   761   348   290   587   488   455   505   477   804          
AJO02A  1790   698   433   565   640   774   574   575   547   583   622          
AJO02A  1800   667   683   570   479   409   440   288   298   302   369          
AJO02A  1810   323   326   339   405   584   395   429   659   331   341          
AJO02A  1820   651   569   629   663   533   465   390   336   298   208          
AJO02A  1830   293   417   550   799   649   367   427   506   586   716          
AJO02A  1840   659   660   802   749  1062   786   891  1055  1255   622          
AJO02A  1850   756   852   573   789   586   506   661   465   549   438          
AJO02A  1860   966   946  1177   739   960   770   866   808   834   990          
AJO02A  1870   987   878  1069   949   595   402   393   542   459   363          
AJO02A  1880   402   414   335   398   319   266   398   346   296   340          
AJO02A  1890   346   255   185   196   176   247   289   477   444   489          
AJO02A  1900   280   389   489   552   720   587   468   414   372   291          
AJO02A  1910   388   387   385   514   308   494   538   444   334   189          
AJO02A  1920   198   150   201   280   279   304   417   421   741   898          
AJO02A  1930   495   489   606   450   576   731   684   387   634   401          
AJO02A  1940   470   520   510   540   407   448   796   939   909   823          
AJO02A  1950   828   952   961   872   729  1119  1541  1205   809  1049          
AJO02A  1960  1583   775   811   693   502   347   620   591   732  1057          
AJO02A  1970   613   604   663   758   675   744   443   618   625   602          
AJO02A  1980   752   576   742   655   516   382   468   489   407   450          
AJO02A  1990   497   614   804   683   684   559   548   567  1033   841          
AJO02A  2000  1271   821   544   910  1088  1616   854   911   831   998          
AJO02A  2010   844   663  1320  1209  2335 -9999                                  
AJO02B  1702   620   359   342   400   600   386   557   447                      
AJO02B  1710   472   484   468   524   417   376   438   506   233   277          
AJO02B  1720   167   127   320   220   121   125   132   150   164   197          
AJO02B  1730   361   269   293   432   319   232   269   234   417   281          
AJO02B  1740   323   321   332   273   346   314   276   237   158   172          
AJO02B  1750   167   208   329   283   305   265   240   222   169   141          
AJO02B  1760   205   162   153   202   111    75   147   199   219   204          
AJO02B  1770   160   157   370   281   196   405   296   673   595   790          
AJO02B  1780   739   260   302   339   818   579   503   591   547   660          
AJO02B  1790   432   556   329   330   557   634   528   524   465   513          
AJO02B  1800   497   659   379   397   355   499   290   339   339   385          
AJO02B  1810   261   219   239   324   362   216   341   631   481   401          
AJO02B  1820   531   528   558   491   512   374   331   385   471   406          
AJO02B  1830   329   343   712   389   713   387   471   509   625   663          
AJO02B  1840   797   716   844   902   854   876   926   909  1064   793          
AJO02B  1850   722   810   582   622   651   538   704   540   659   449          
AJO02B  1860   793   687   907   810   637   665   948   733   615   939          
AJO02B  1870   901   799  1001   926   503   239   158   154   202   220          
AJO02B  1880   262   275   277   296   279   317   396   335   219   258          
AJO02B  1890   400   382   315   466   262   286   420   397   397   371          
AJO02B  1900   245   431   466   587   586   602   463   443   486   467          
AJO02B  1910   562   440   488   772   572   988   727   594   535   464          
AJO02B  1920   328   289   318   319   258   382   549   684  1346   779          
AJO02B  1930   563   722   671   661   723  1093  1074   918  1514   726          
AJO02B  1940   765   904   756  1048   550   662  1107  1100  1241  1083          
AJO02B  1950  1276  1143   985   899   689   942  1710  1095   594   850          
AJO02B  1960  1935   898   777   867   711   367   566   631   702   895          
AJO02B  1970   564   718   790   835   592   759   503   819   685   554          
AJO02B  1980   886   782   887   681   695   376   464   766   306   679          
AJO02B  1990   654   744   940  1012   720   710   571   717   755   815          
AJO02B  2000   967   595   431   640  1130   713   671   664  1077  1062          
AJO02B  2010 -9999                                                                
AJO03A  1683  1414   918   998   740   867   872   892                            
AJO03A  1690   578   739   627   571   547   777   915   919   585   633          
AJO03A  1700   836   346   530   492   635   764   800   515   825   804          
AJO03A  1710   690   879   624   807   615   699   579   687   475   713          
AJO03A  1720   243     0   400   420   314   434   705   596   651   655          
AJO03A  1730   728   632   629   517   290   310   372   507   338   428          
AJO03A  1740   170   241   269   236   260   269   297   161   224   173          
AJO03A  1750   200   276   356   224   257   182   225   244   308   213          
AJO03A  1760   220   373   317   274   212   199   314   352   896   433          
AJO03A  1770   260   265   370   542   624   605   583   582   687   888          
AJO03A  1780   654  1191   590   623   699   473   792   965   860   970          
AJO03A  1790   600   408   448   560   889   955   777  1059   776   739          
AJO03A  1800   822  1077   540   643   745   808   677   920   736  1073          
AJO03A  1810   621   339   616   809   562   453   542   398   863   465          
AJO03A  1820   495   729   518   797   655   432   276   341   527   463          
AJO03A  1830   708   492   680   591   625   651   507   706   527   671          
AJO03A  1840   643   658   487   593   716   689   845  1302   747   505          
AJO03A  1850   450   611   536   431   662   521   443   733   532   536          
AJO03A  1860   703   525   789   660   665   686   512   542   527   653          
AJO03A  1870   805   500   798   747   709   572   712   829   849   631          
AJO03A  1880  1398  1118   720  1045   847   950   921   714   495  1012          
AJO03A  1890   813   811   647   575   576   498  1156   951   749   646          
AJO03A  1900   548   660   691   945  1096   868   804  1088  1281   655          
AJO03A  1910  1274  1104  1698   967   689  1040   806   910   975   623          
AJO03A  1920   771   811  1244   910  1201  1198  1300  1604  1829  1440          
AJO03A  1930  1022   956  1675  1266  1242  2785  2376  2992  3492  1686          
AJO03A  1940  1367  1790  1239  1118   974   777   707  1256   673   703          
AJO03A  1950   952  1270   586   978   586  1006  2079  1083  1308   928          
AJO03A  1960  3374  1425  1347  1261  1460  1282  1018  1064   922  1022          
AJO03A  1970   594  1380   973  1468   815   937  1766   640  2302  1651          
AJO03A  1980  1739   933  1419  1180   947  1338  1483   918   544  1199          
AJO03A  1990  1134   914  1090  1326  1190  1778  1577  1072  1475  1651          
AJO03A  2000  2366  1131  1313  1292  1522  1386  2544  1662  1133  1315          
AJO03A  2010  1139  1410  1208  1167  1389  1103   888 -9999                      
AJO03B  1701   694   312   410   394   632   787   818   576   761                
AJO03B  1710  1035  1037   889   904   835   879   738   982   916   791          
AJO03B  1720   813   365   536   623   333   422   747   494   603   681          
AJO03B  1730   775   733   500   500   295   209   275   315   343   291          
AJO03B  1740   212   275   214   200   202   249   279   302   191   260          
AJO03B  1750   417   449   479   441   357   361   698   348   547   340          
AJO03B  1760   417   533   358   317   358   328   454   381   478   369          
AJO03B  1770   206   197   481   474   495   529   554   722   797   961          
AJO03B  1780   566   821   517   545   684   605   785   635   866  1012          
AJO03B  1790   649   564   502   572  1222   872   917   979   670   613          
AJO03B  1800   765   865   371   455   430   647   431   611   546   662          
AJO03B  1810   485   280   536   672   629   360   377   295   679   316          
AJO03B  1820   381   642   396   589   499   568   472   359   332   332          
AJO03B  1830   457   450   432   503   474   362   556   671   443   496          
AJO03B  1840   401   482   554   444   449   618   771   880   441   359          
AJO03B  1850   348   443   324   278   432   336   395   455   422   383          
AJO03B  1860   513   279   728   512   572   528   454   457   392   689          
AJO03B  1870   679   619   676   600   553   541   530   697   693   818          
AJO03B  1880  1200  1062   596   696   598   628   632   574   488   518          
AJO03B  1890   694   540   546   507   431   525   954   804   806   741          
AJO03B  1900   563   660   630   778   765   735   478   622   782   501          
AJO03B  1910   778   532  1021   751   651  1002   839   896   931   571          
AJO03B  1920   883   899  1543   919  1091  1326  1133  1716  1528  1342          
AJO03B  1930   987   854  1621  1150  1066  5020  1805  4474  4344  1545          
AJO03B  1940  1237  1483   817   998   797   699   624   915   670   549          
AJO03B  1950   648   803   484   559   629   770   776   798   862   536          
AJO03B  1960   644   673   708   811  1112   842   634   776   747   857          
AJO03B  1970   556  1220   859  1139   859   794   828   746   966  1206          
AJO03B  1980  1667  1057  1301  1211  1452  1593  1405  1185   944  1690          
AJO03B  1990  1807  1124  1325  1178  1116  1729  1343  1433  2301  2063          
AJO03B  2000  2434  1382  1747  2299  2830  1875  2411  1842  1570  1053          
AJO03B  2010  1329  1700  1135  1173  1825  1130   967 -9999                      
AJO04A  1663   565   451   347   303   494   580   689                            
AJO04A  1670   446   483   613   696   744   678   693   473   288   338          
AJO04A  1680   286   580   246   343   209   294   192   159   194   227          
AJO04A  1690     0   144   381   346   261   221   199   225   177   242          
AJO04A  1700   157   166     0     0   209   118   172   180   401   175          
AJO04A  1710   392   143   201   323   432   223   303   235   316   311          
AJO04A  1720   235   224   141   131     0   185    88   106   172   166          
AJO04A  1730   275   306   202   208   288   173   184   267   510   318          
AJO04A  1740   331   243   194   504   338   306   323   389   256   218          
AJO04A  1750   196   278   509   414   354   311   346   455   398   486          
AJO04A  1760   388   660   674   406   270   257   486   441   689   431          
AJO04A  1770   192   209   599   487   538   823   378   289   374   305          
AJO04A  1780   303   278   300   285   320   398   513   636   420   841          
AJO04A  1790   695   420   317   321   413   601   832   784   465   561          
AJO04A  1800   404   510   567   413   308   314   326   393   271   446          
AJO04A  1810   440   324   542   676   627   597   391   562   463   470          
AJO04A  1820   493   583   493   677   368   536   552   525   608   489          
AJO04A  1830   707   471   644   721   518   680   638   505   613   620          
AJO04A  1840   932   998  1225  1212  1195  1099  1305  1915  1339  1096          
AJO04A  1850  1497  1562  1224   956  1134   984   744   618   839   682          
AJO04A  1860  1334  1031  1266  1075  1275  1048   982   827   713  1574          
AJO04A  1870  1396  1484  1241  1115   882   662   976  1184  1025  1081          
AJO04A  1880  1044  1195  1001  1174   899   929   997   750   554   827          
AJO04A  1890   730   754   695   520   532   487   778   680   538   964          
AJO04A  1900   433   448   621   531   638   507   477   439   558   473          
AJO04A  1910   545   371   593   461   393   370   334   493   406   289          
AJO04A  1920   312   296   188   167   206   236   212   274   371   361          
AJO04A  1930   377   426   809   652   645   819   685   601   926   537          
AJO04A  1940   327   600   403   548   567   390   457   726  1389   832          
AJO04A  1950  1165   964   774  1206   982  1258  1751  1072  1349   871          
AJO04A  1960  1533   893   978  1149   969   911   683   663   720   727          
AJO04A  1970   844   840   523   760   586   604   795   595   802   645          
AJO04A  1980   742   627  1088   640   859  1077   518   567   553   657          
AJO04A  1990   773   798   892  1149   595   785   807   653   869   641          
AJO04A  2000   951   557   977   689  1151   693   855   883  1051  1313          
AJO04A  2010   934   720   703   637   709   576   496 -9999                      
AJO04B  1674   715   626   852   980   714  1082                                  
AJO04B  1680   766   748   291   448   460   612   258   440   537   343          
AJO04B  1690   229   194   299   330   366   523   286   147   270   295          
AJO04B  1700   188   199   181   222   186   489   478   236   356   381          
AJO04B  1710   179   406   249   245   294   320   196   341   204   252          
AJO04B  1720   244   246   244   119   111   116    95   107   168   165          
AJO04B  1730   118   188   223   297   272   205   268   205   362   294          
AJO04B  1740   213   181   138   172   158   203   207   249   264   186          
AJO04B  1750   149   142   178   268   223   170   223   298   408   249          
AJO04B  1760   428   303   428   530   366   214   390   329   669   499          
AJO04B  1770   125   171   287   389   375   655   470   375   319   469          
AJO04B  1780   273   218   267   299   357   464   362   576   348   736          
AJO04B  1790   549   323   242   305   570   414   417   415   277   291          
AJO04B  1800   317   443   558   280   252   389   220   228   273   428          
AJO04B  1810   472   339   433   561   571   432   225   460   491   241          
AJO04B  1820   304   497   335   645   268   472   510   401   649   405          
AJO04B  1830   731   427   804   748   609   648   544   467   646   924          
AJO04B  1840  1120  1065  1030  1385  1554  1367  1314  1882  2022  1153          
AJO04B  1850  1695  1680  1146   791  1090  1214   841   732   642   845          
AJO04B  1860  1332   946  1488  1003  1186   753   911   718   615  1162          
AJO04B  1870  1046  1205  1288  1164   789   661   811  1015   873  1147          
AJO04B  1880  1444  1257  1009  1197   929   753   995   673   522   699          
AJO04B  1890   518   701   750   457   454   389   865   779   577   877          
AJO04B  1900   415   469   557   518   582   450   563   492   566   538          
AJO04B  1910   559   454   578   371   400   718   694   528   424   427          
AJO04B  1920   511   198   138   248   314   353   451   344   532   687          
AJO04B  1930   651   634   714   662   833   949  1061   805   950   774          
AJO04B  1940   521   548   478   595   477   444   412   597   710   792          
AJO04B  1950   898   644   576   551   707   731  1230   582   763   604          
AJO04B  1960   828   504   516   734   682   483   457   507   529   546          
AJO04B  1970   651   578   491   542   491   524   435   433   492   649          
AJO04B  1980   633   502   649   471   587   710   369   481   428   581          
AJO04B  1990   498   460   644   821   541   657  1024   670   627   475          
AJO04B  2000   619   512   534   495   736   535   752   776   653   693          
AJO04B  2010   494   681   456   297   601   950  1014 -9999                      
AJO05A  1734   295   269   246   123   234   277                                  
AJO05A  1740   315   222   375   329   351   342   321   401   359   321          
AJO05A  1750   247   188   206   436   372   704   630   278   192   219          
AJO05A  1760   227   270   586   754   434   490   462   442  1197   916          
AJO05A  1770   542   469   551   665   867  1116   585   566   667  1042          
AJO05A  1780   655   887   860   553   808   551   543   441   703   785          
AJO05A  1790   888   603   513   482  1051   955   855   892   928   934          
AJO05A  1800   865   944   432   395   610   661   508   483   444   413          
AJO05A  1810   455   374   552   910   859   523   386   395   436   435          
AJO05A  1820   411   656   627   733   631   691   641   638   867   732          
AJO05A  1830  1017   786  1164  1340  1214  1155  1316  1509  1005  1331          
AJO05A  1840  1242  1235  1149  1264  1087  1204  1112  2069  1806   953          
AJO05A  1850  1304  1314  1028   800   882   742   483   467   469   692          
AJO05A  1860  1060   922  1050   775   701   840   923   756   763   971          
AJO05A  1870   633   633  1123   798   668   423   720   815   641  1014          
AJO05A  1880  1215   974   862  1146   769  1063   756   599   529   601          
AJO05A  1890   670   739   953   878   635   577   634   754   910   670          
AJO05A  1900   436   530   639  1059   833  1090  1011   976   861   662          
AJO05A  1910   769   675   853   854   680  1103  1066   708   711   491          
AJO05A  1920   455   542   721   841  1192   960  1007  1238  1257  1476          
AJO05A  1930  1101  1261  1363  1439  1190  1830  1611  2315  2042   989          
AJO05A  1940   644   458   515   992   966   898  1299  2153  1753  1356          
AJO05A  1950  2490  1492   839  1399  1170  1563  3041  1330  1325   898          
AJO05A  1960  2138  1494  1344  1560  1183   874  1010   888  1399  1663          
AJO05A  1970  1033  1206  1104  1442   957  1129  2178  1120   910  1321          
AJO05A  1980  1676  1243  1173  1478  1122  1118  1129  1091   694  1164          
AJO05A  1990  1142   861  1192  1396  1049  1101  1149  1063   811  1007          
AJO05A  2000  1434  1012   971  1162  1749  1174  1388  1369  1311  1845          
AJO05A  2010  2227  2822  1452   821   790   885   563 -9999                      
AJO05B  1687   494   590   590                                                    
AJO05B  1690     0   290   377   589   319   362   572   849   518   336          
AJO05B  1700   233     0   297     0   216   183   388   308   319   524          
AJO05B  1710   237   589   247   421   572   613   604   590   377   277          
AJO05B  1720   221   144   136     0     0   183   209   126   160   217          
AJO05B  1730   358   262   155   368   253   198   145   126   112   220          
AJO05B  1740   226   188   267   226   355   298   236   231   238     0          
AJO05B  1750   279   274   160   179   274   485   385   138   241   284          
AJO05B  1760   331   455   768   468   239   435   462   659  1518  1039          
AJO05B  1770   686   587   697  1051   895  1323   602   782   809   705          
AJO05B  1780   455   812   576   585   789   502   495   338   368   626          
AJO05B  1790   613   337   255   313   661   838   552   750   848   867          
AJO05B  1800  1159  1014   433   420   495   568   377   365   413   399          
AJO05B  1810   400   358   554   740   571   593   601   432   605   398          
AJO05B  1820   594   685   487   926   741   582   724   691   822   802          
AJO05B  1830   873   748   896  1321  1372  1116  1773  1465  1038  1428          
AJO05B  1840  1440  1764  1405  1716  1557  1171  1336  2125  1250   899          
AJO05B  1850   980  1083   794   690   832   679   533   425   458   635          
AJO05B  1860  1090   958  1021   982   738   995  1037  1128   928  1299          
AJO05B  1870   804   731  1309  1177   914   760  1188  1098  1020   957          
AJO05B  1880  1136   820   860  1004   700   682   558   570   427   628          
AJO05B  1890   620   648   630   615   519   540   578  1042  1011  1090          
AJO05B  1900   487   757   895  1221  1134  1131   910  1165  1423  1062          
AJO05B  1910  1066  1342  1580  1297  1355  1370  1263   947   901   610          
AJO05B  1920   626   691  1385   688   939   681   804  1474  1373  1228          
AJO05B  1930  1060   809  1065  1268  1139  1330  1196  1283  1885  1128          
AJO05B  1940   649   582   481   721   802   905  1405  2338  2558  2025          
AJO05B  1950  2758  2292  1415  1747  1472  1820  2734  1278  1030   879          
AJO05B  1960  2105  1074  1124  1557  1193  1135   875  1208  1252  1291          
AJO05B  1970   928   880   800  1159   680   712  1120   515   569   932          
AJO05B  1980  1528  1057   907   746   596   606   769   633   411   558          
AJO05B  1990   888   735   842   843   629   884   719   860   580   578          
AJO05B  2000  1042   840   576   716  1575   942  1283  1098   945   771          
AJO05B  2010   903  1018   720   465   414   415   451 -9999                      
AJO06A  1663   893   268   168   581   819   936  1181                            
AJO06A  1670   671   612  1112   824   720   664   723   629   405   333          
AJO06A  1680   481   616   748   882   868   675   562   554   595   523          
AJO06A  1690   489   540   761   487   494   636   482   429   430   376          
AJO06A  1700   448   329   281   289   429   344   500   274   453   330          
AJO06A  1710   384   429   486   443   398   351   334   309   323   283          
AJO06A  1720   338   125    81   204   237   348   577   504   491   567          
AJO06A  1730   615   420   412   421   262   352   318   342   345   412          
AJO06A  1740   501   462   503   304   366   512   405   263   260   196          
AJO06A  1750   436   408   532   650   449   328   367   353   525   387          
AJO06A  1760   530   746   512   290   349   265   761   569   852   332          
AJO06A  1770   260   437   411   501   922   998   571   545   434   620          
AJO06A  1780   587   538   438   354   388   432   320   470   590   686          
AJO06A  1790   667   505   483   345   484   584   564   669   490   578          
AJO06A  1800   631   660   631   441   533   449   380   397   325   304          
AJO06A  1810   410   247   254   360   452   463   374   448   456   446          
AJO06A  1820   522   656   550   615   447   474   533   570   789   601          
AJO06A  1830   616   758   943   941  1003  1182   994   987   863   931          
AJO06A  1840   980  1138   998   887   920   866   916  1308  1085   835          
AJO06A  1850   848  1067  1121   927  1073  1164   828   681  1056  1475          
AJO06A  1860  1674  1294  1489  1309  1071  1115  1076  1114   876   957          
AJO06A  1870  1186  1402  2253  1378  1296   963  1382  1000  1206  1027          
AJO06A  1880  1509  1117  1199  1315   957  1169   810   864   681  1114          
AJO06A  1890  1092  1055  1638  1443  1078   771  1088  1524  1473   924          
AJO06A  1900   891  1297  1644  1625  1234   926   847   844   895   882          
AJO06A  1910   828   839  1056  1011   982  1044  1248  1541   952   514          
AJO06A  1920   818   760  1199  1020  1093  1000   913   991   962  1014          
AJO06A  1930   796   808  1448  1282  1173  1701  1417  1064  1208   807          
AJO06A  1940   716  1008   860  1005   918   741  1068  1468  1465  1351          
AJO06A  1950  1604  1687  1091  1573  1656  1595  2193  2771  1844  1781          
AJO06A  1960  2015  1073  1501  1110  1548  1727  1612  1338  1850  2247          
AJO06A  1970  1170  1724  1254  2338  1818  1496  1435  1942  2255  1734          
AJO06A  1980  2159  2434  2047  2621  2818  2261  1887  2308  1496  2020          
AJO06A  1990  2744  1336  2381  2675  1933  1890  1539  1921  2924  2148          
AJO06A  2000  2135  1741  1750  1788  2414  1656  1844  2154  2408  2354          
AJO06A  2010  3335  3750  1695  1504  1818  2267  1404 -9999                      
AJO06B  1762   763   568   470   452  1005   851   953   516                      
AJO06B  1770   294   517   582   989  1580  1444   958   887   731   919          
AJO06B  1780   610   768   589   515   602   660   695   666   664  1058          
AJO06B  1790  1013   770   652   654   780   926   895   966   779   977          
AJO06B  1800   800   844   726   606   735   599   502   623   543   649          
AJO06B  1810   698   371   396   472   549   723   739   613  1137   714          
AJO06B  1820   769  1060   745   808   732   693   734   902  1089   690          
AJO06B  1830   900  1087  1339  1188  1316  1011   791   951   793   967          
AJO06B  1840  1207  1210  1152  1312  1598  1420  1338  2375  2170  1253          
AJO06B  1850  1399  1564  1362  1018  1401  1176  1025  1010  1095  1328          
AJO06B  1860  2415  1662  2052  1702  1441  1309  1519  1720  1210  1264          
AJO06B  1870  1681  1684  2219  1811  1151  1087  1157  1345  1439  1357          
AJO06B  1880  1851  1694  1265  1755  1342  1236   998  1284  1039  1567          
AJO06B  1890  1540  1472  1830  1560  1142   807  1392  1824  1720  1177          
AJO06B  1900   993  1511  1515  2026  1310  1360  1269  1545  1577  1254          
AJO06B  1910  1476  1479  1742  1407  1811  2065  2013  1752  1078  1018          
AJO06B  1920  1196  1400  1399  1350  2070  1377   991  1607  1452  1706          
AJO06B  1930  1263  1107  2263  2101  2375  2684  1988  1691  1719  1075          
AJO06B  1940  1306  2433  2396  3400  1928  1991  2104  2945  2793  2171          
AJO06B  1950  2309  1750  1338  2178  1559  2167  2572  2591  1880  2267          
AJO06B  1960  2732  1614  1779  1879  1903  1892  1813  2226  3820  2508          
AJO06B  1970  1336  1436  1589  2824  1689  1884  2391  2490  2828  2576          
AJO06B  1980  4020  3298  1755  1963  2007  1685  1727  1697  1679  2675          
AJO06B  1990  2946  1290  2232  2237  1717  1409  1372  1615  2694  1752          
AJO06B  2000  2345  2005  1634  1840  2799  2336  1875  2340  1766  1293          
AJO06B  2010  1908  2398  1604  1602  2144  2397  1672 -9999                      
AJO07A  1673  1063   959   904  1074  1000   511   479                            
AJO07A  1680   613  1027   935   952  1004   912   808   694   960   986          
AJO07A  1690   762   839   902     0   521   450   512  1042   819   599          
AJO07A  1700   418   406   231   188   189   214   191   114   212   238          
AJO07A  1710   144   183   131   179   240   195   196   214   208   225          
AJO07A  1720   190   245   120   142     0   202   157   292   348   337          
AJO07A  1730   284   344   385   155   155   138   176   213   232   277          
AJO07A  1740   226   351   179   269   244   346   289   329   256   131          
AJO07A  1750   185   235   362   318   321   540   634   540   460   218          
AJO07A  1760   335   507   411   410   259   280   396   306   726   375          
AJO07A  1770   196   269   277   344   474   516   474   396   505   551          
AJO07A  1780   273   422   256   326   641   491   557   741   694  1125          
AJO07A  1790   970   358   397   370   460   611   708   632   639   519          
AJO07A  1800   608   666   623   461   507   424   353   530   362   739          
AJO07A  1810   570   556   793   881   800   559   458   278   525   300          
AJO07A  1820   560   659   704   704   569   536   531   667   768   604          
AJO07A  1830  1237   898  1020   957  1201   876   894   846   653   908          
AJO07A  1840   911   960   948   935  1012  1002  1053  1481  1157   785          
AJO07A  1850   955  1944   988   677  1020  1234   739   625   883   818          
AJO07A  1860  2229  1146  1001  1282  1243   954  1216  1164   912  1295          
AJO07A  1870  1386  1134  1773  1402  1022   776  1088   875  1095   905          
AJO07A  1880  1066  1068  1019  1136   843   913   603   567   420   648          
AJO07A  1890   503   624   691   704   557   470   599   544   483   580          
AJO07A  1900   336   423   631   805   515   457   437   488   457   425          
AJO07A  1910   413   457   707   576   513   709   719   515   500   305          
AJO07A  1920   297   286   254   261   323   352   344   326   344   413          
AJO07A  1930   359   385   319   327   323   423   424   309   444   316          
AJO07A  1940   269   342   347   338   268   222   316   458   456   520          
AJO07A  1950   702   922   583   781   711   825  1337  1346  1142   859          
AJO07A  1960  1744   652   948   639   782  1195   744   908   720   722          
AJO07A  1970   582  1189   694   739   815   973  1055   726  1000   888          
AJO07A  1980  1424  1012   838   876   616  1278   628   591   424   643          
AJO07A  1990   614   507   445   630   607   463   408   492   447   465          
AJO07A  2000   869   585   522   395   981   479   602   338   453   407          
AJO07A  2010   713   650   605   601   757   746   794 -9999                      
AJO07B  1696   947   576   387   522                                              
AJO07B  1700  1077   861   490   341   572   217   251   173   258   263          
AJO07B  1710   273   328   254   203   219   199   219   150   249   269          
AJO07B  1720   230   249   207   163   198   262   316   296   375   409          
AJO07B  1730   452   375   252   379   359   192   235   387   280   312          
AJO07B  1740   284   211   239   245   252   405   248   302   296   192          
AJO07B  1750   214   178   294   382   407   525   608   370   453   274          
AJO07B  1760   243   319   307   377   228   187   220   264   823   302          
AJO07B  1770   198   215   321   630   616   541   655   349   370   456          
AJO07B  1780   344   410   297   290   460   385   585   620   708   857          
AJO07B  1790   911   467   417   408   576   833   752   778   788   691          
AJO07B  1800   752   819   597   555   396   607   395   539   256   548          
AJO07B  1810   386   463   751   772   774   555   465   389   651   384          
AJO07B  1820   452   615   629   671   465   408   450   588   543   366          
AJO07B  1830   602   433   658   742   582   537   592   541   394   563          
AJO07B  1840   593   710   548   624   471   644   752   766   832   585          
AJO07B  1850   467  1303   890   404   818   900   528   485   917   861          
AJO07B  1860  1480  1061   899  1055   971   814   937   936   585  1002          
AJO07B  1870  1067   895  1006   969   756   539   614   672   481   710          
AJO07B  1880   639   669   658   693   638   553   573   449   271   415          
AJO07B  1890   463   487   514   410   486   473   477   494   563   742          
AJO07B  1900   376   409   477   551   473   379   290   330   313   307          
AJO07B  1910   291   325   385   365   271   324   369   322   274   152          
AJO07B  1920   158   149   255   211   198   238     0   248   200   326          
AJO07B  1930   268   252   313   340   336   507   393   257   492   580          
AJO07B  1940   385   278   467   433   330   262   290   241   390   601          
AJO07B  1950   488   611   545   504   615   572   712   821   952  1334          
AJO07B  1960  1437   513   707   483   677   869   699   913   851   809          
AJO07B  1970   637   864   710   827   545   819   756   796   848   937          
AJO07B  1980  1247   858  1032   738   724  1082   800   749   544   613          
AJO07B  1990   740   543   755   838   576   535   762   638   954   817          
AJO07B  2000  1192   658   469   500   890   643   796   610   399   547          
AJO07B  2010   652   618   573   613   546   632   660 -9999                      
AJO08A  1702   607   683   922  1132   958   307   456   675                      
AJO08A  1710   392   683   553   901   768   680   447   411   306   660          
AJO08A  1720   534   453   303   390   346   356   277   312   329   332          
AJO08A  1730   624   446   209   670   389   419   255   241   353   294          
AJO08A  1740   264   128   144   247   291   270   101   244   179   167          
AJO08A  1750   138   126   155   162    99   123   434   394   403   409          
AJO08A  1760   315   133   244   159   197   223   327   477   331   203          
AJO08A  1770   243   229   308   299   767   423   314   253   199   275          
AJO08A  1780   472   527   223   183   321   165   155   143   199   315          
AJO08A  1790   311   191   157   174   267   173   125   150   226   227          
AJO08A  1800   187   371   215   216   175   177   111   138   108   154          
AJO08A  1810   166   108   103   297   606   654   719   296   962   667          
AJO08A  1820   796  1103  1242  1496  1071   686   632  1212   902   839          
AJO08A  1830   865  1105   928  1422  1434   998  1130  1016  1091   941          
AJO08A  1840  1098  1154   593   893   710   903   792  1445   951   655          
AJO08A  1850   583   578   683   323   348   431   427   365   359   620          
AJO08A  1860   749   571  1090  1045  1025   879  1105   943   542  1032          
AJO08A  1870   908  1010  1034  1013   742   750   800  1282   672   893          
AJO08A  1880   677  1117   594   850   626   531   456   660   319   322          
AJO08A  1890   449   417   353   304   361   267   253   300   275   241          
AJO08A  1900   181   186   183   221   201   197   230   205   129   141          
AJO08A  1910   127   155    95   226   220   173   216   189   228   126          
AJO08A  1920   148     0   171    92   103   149   160    98   118   136          
AJO08A  1930   156   152   130   170   215   249   285   332   380   298          
AJO08A  1940   215   309   215   322   242   240   346   841  1141   848          
AJO08A  1950  1989   895  1017  1276  1023  1562  2491  1267  1365  1741          
AJO08A  1960  2565  1336  1114  1181  1173  1057   874   962  1682  1440          
AJO08A  1970   808   879   977  1549   877  1449  2060  1570  1533  1156          
AJO08A  1980  2000  1095  1303   816   941  1227   792   965   641   708          
AJO08A  1990  1123   756  1753  1536  1051  1406  1081   931  1130   807          
AJO08A  2000   959   828   703   908  1318   918  1000   948  1120   978          
AJO08A  2010   824  1090   615   576   809  1024   840 -9999                      
AJO09A  1854   578   642   742   495   404   600                                  
AJO09A  1860   547   460   800   839  1040   946  1130  1007   800  1483          
AJO09A  1870   988  1268  1222  1109   769   687  1481  1484  2188  1773          
AJO09A  1880  1319  1987  1054  1210   751   967   662   779   351   765          
AJO09A  1890   764   781  1000   675   667   428   958  1060  1023  1141          
AJO09A  1900   578   685  1717  1764  1144   810  1064   924  1026   795          
AJO09A  1910   826   937  1588  1344  1163  1624  1545  1182   953   364          
AJO09A  1920   490   323   395   389   478   572   668   977   642  1004          
AJO09A  1930   566   617   586   513   705  1238   753   523  1080   373          
AJO09A  1940   359   681   700  1243   620   672   868  1497  1341  1331          
AJO09A  1950  1555  1606   842  2332  1063  1423  3703  1698  2467  1491          
AJO09A  1960  2917  1232  1890  2212  1334  1220  1224  1389  1826  3324          
AJO09A  1970   763  1624  1011  1124   732   955  1135   853  2000  1227          
AJO09A  1980  2650  2554  1271  1323   921  1492  1050  1742   740  1835          
AJO09A  1990  3221  1219  1965  2844  2750  2252  2545  1502  4255  1444          
AJO09A  2000  3591  1953  1900  2094  3867  1742  2623  1827  3401  3299          
AJO09A  2010  3310  2862  2145  1291  2009  1490  1852 -9999                      
AJO09B  1834  1093  1318   797   806   720  1046                                  
AJO09B  1840   951  1181  1169   993  1237  1178   877  1839  1214   694          
AJO09B  1850   806   750   660   466   716   901   628   516   597   507          
AJO09B  1860   923   566  1011  1048   953  1133  1051   855   699  1353          
AJO09B  1870   998   927  1044   893   540   549   752   673   584   571          
AJO09B  1880   898   704   619  1138   658   932   689   590   557   967          
AJO09B  1890   985  1076  1184   928   758   477  1837  1101   837  1005          
AJO09B  1900   463   662   928  1352   937   641   783   745   630   485          
AJO09B  1910   932   493  1247  1032   905  1212   923   902   649   320          
AJO09B  1920   317   201   215   217   246   327   435   396   612   662          
AJO09B  1930   647   696   560   515  1181  1718  1138  1247  1644   590          
AJO09B  1940   707   817   751  1382   735  1041  1016  1372  1043  1032          
AJO09B  1950  1061  1225   628  1061   777  1007  1467   897   879   583          
AJO09B  1960  1213   882  1036  1047   792   722   658   928   943  1839          
AJO09B  1970   705   944   601   773   561   599   838   446   957   887          
AJO09B  1980  1836  1409   942   923  1015  1417   750  1551   751  1299          
AJO09B  1990  2426   712  1578  2424  1938  1991  2697  1385  6200  1574          
AJO09B  2000  3440  1449  2060  1335  3828  1659  2856  1717  3720  3754          
AJO09B  2010  3034  2809  2521  1683  2821  2418  2571 -9999                      
AJO10A  1753   543   234   314   272   510   379   412                            
AJO10A  1760   420   503   468   221   290   291   326   334   661   360          
AJO10A  1770   314   373   423   348   566   601   613   550   586   811          
AJO10A  1780   346   839   421   449   589   472   600   646   837   788          
AJO10A  1790   549     0   332   296   442   619   472   471   474   450          
AJO10A  1800   350   636   591   448   365   310   376   289   288   285          
AJO10A  1810   280   310   209   316   371   411   486   432   544   464          
AJO10A  1820   609   411   622  1165   948   571   676   855  1174   665          
AJO10A  1830   804   783   794   929  1051   896   656   521   515   463          
AJO10A  1840   404   522   596   622   448   550   696   923   861   498          
AJO10A  1850   533   783   520   429   519   425   469   361   437   625          
AJO10A  1860   983   628   729   896   605   583  1008   807   639  1008          
AJO10A  1870   892   976   980  1046  1003   800  1017   819  1023  1008          
AJO10A  1880  1379   784  1192  1444   742   807   606   559   452   870          
AJO10A  1890   809   716  1044   914   650   560  2294  1212  1304   725          
AJO10A  1900   672  1242  1449  1485  1429   958   923   939   739   800          
AJO10A  1910   933   764  1120  1025  1319  1519  1386   944   722   759          
AJO10A  1920   851   683   783   658   960   917  1134   988   853  1260          
AJO10A  1930   829   951   893   953   916  1216  1054  1169  1467   570          
AJO10A  1940   583   912   692   890   760   706   951  1171   941   823          
AJO10A  1950   991   943   697   960  1162  1380  1689  1400  1256   919          
AJO10A  1960  1782   675   985   855  1140   764   685   624  1378   965          
AJO10A  1970   823   881  1146  1228  1089   825   622  1019  1073  1338          
AJO10A  1980  1509  1587   695   917   803  1221   552  1236   641  1009          
AJO10A  1990   974   652   896  2055   878  1618  1032   819  1795   809          
AJO10A  2000  3010  1066  1265   935  3134  1044  2037   865  2313  1253          
AJO10A  2010  2522   790  1108   952  3017  1288  1755 -9999                           
AJO10B  1720   280   235   257   234   187   502   564   442   499   973          
AJO10B  1730   964   806   499   910   285   363   212   291   540   366          
AJO10B  1740   529   393   440   260   242   279   398   452   393   326          
AJO10B  1750   267   472   415   510   251   263   154   348   315   342          
AJO10B  1760   317   661   445   278   261   230   462   388   869   560          
AJO10B  1770   367   476   548   542   734   882   853   830   632  1130          
AJO10B  1780   645  1106   600   669   766   564   448   815   852   900          
AJO10B  1790   628   483   439   693   848   608   476   596   557   495          
AJO10B  1800   536   621   481   439   368   372   382   391   358   441          
AJO10B  1810   366   250   287   441   542   443   542   540   591   443          
AJO10B  1820   472   537   549   698   760   572   629   517   745   547          
AJO10B  1830   769   795   769   832   811   694   741   487   356   477          
AJO10B  1840   673   546   547   517   486   584   569   796   626   457          
AJO10B  1850   454   654   506   449   450   486   506   454   457   622          
AJO10B  1860   987   681   736   901   708   728   817   677   567   768          
AJO10B  1870  1062   840   878   835  1036   906   838   847   993  1077          
AJO10B  1880  1463   964   875   850   759   963   827   586   465   777          
AJO10B  1890   675   651   754   797   689   491  1302   966  1105   812          
AJO10B  1900   719   989   806   946   910   770   689   529   823   687          
AJO10B  1910   647   734   921   755   753   915   950   755   656   469          
AJO10B  1920   397   337   419   342   480   425   541   627   639   908          
AJO10B  1930   838   810   927   631   565   581   626   557   938   356          
AJO10B  1940   405   270   345   256   327     0   363   328   256   339          
AJO10B  1950   423   278     0   266   403   387   508   464   521   298          
AJO10B  1960   450   513   553   413   356   727   682   602   492   566          
AJO10B  1970   698  1069   570   494   533   432   370   497   476   370          
AJO10B  1980   501   368   452   521   587   720   535   628   538   693          
AJO10B  1990   419   676   834  1159  1096  1029   867   820  1097   739          
AJO10B  2000  1988   956  1081   919  2484   966  1568   783  2117  1385          
AJO10B  2010  2222   964  1490  1680  3079  2190  1662 -9999                      
