ASW07N  1877  1351   868  1614                                                    
ASW07N  1880  2127  1771  1501  2069   955   936  1412  1272  1095  1629          
ASW07N  1890  1376  1806  1894  1754  1324   852  1768  1489  1506  1307          
ASW07N  1900  1012  1453  2170  2047  1945  1978  1889  1269  1425  1150          
ASW07N  1910  1211  1265  1779  1405  1503  1313  1998  2031  1251  2121          
ASW07N  1920  1939  1983  1892  1250  1605  1649  1381  1128  1212  1061          
ASW07N  1930   893   809  1326  1121  1308  1565  1171  1534   913  1462          
ASW07N  1940  1667  1900  2093  1494  1881  1828  2281  2992  2353  2585          
ASW07N  1950  2237  2102  1893  2365  1853  1712  1261  1635  3046  2641          
ASW07N  1960  2528  2977  1659  2154  2342  2162  1730  2660  2590  3004          
ASW07N  1970  3776  2639  3214  3184  2551  3035  2697  2190  2664  2411          
ASW07N  1980  2486  2371  2617  1670  2266  2431  2471  2226  1613  1793          
ASW07N  1990  2270   961  2148  2040  2270  2054  2078  1573  2309  1486          
ASW07N  2000  2352  2682  2315  2206  2495  1553  2813  1927  1949  2262          
ASW07N  2010  1714  1387  1994  2664  1353 -9999                                  
ASW07S  1840  1319  1411  1207   473   992   894  1417  1890  1636  1241          
ASW07S  1850  1667  2050  1880  1218  1392  1540  1588  1465  1376  1390          
ASW07S  1860  1118  1346  1277  1642  1039  1188  1193  1498  1298  1526          
ASW07S  1870  1555  1692  2023  1621  1287  1532  1710  1534  1101  1526          
ASW07S  1880  1954  1866  2097  2473  1069  1047   991   951  1410  1335          
ASW07S  1890  1188  1361  1814  1606  1356  1102  2086  1337  1347  1163          
ASW07S  1900  1038  1261  1674  1863  1360  1264  1391  1088  1269   887          
ASW07S  1910   884  1081  1200   951  1037   992  1546  1685  1148  1770          
ASW07S  1920  1373  1087  1356   903  1153  1652  1278   993  1185   836          
ASW07S  1930   939   671  1139   935  1137  1390  1113  1009   518  1171          
ASW07S  1940   981  1209  1364  1186  1191  1065  1781  2627  2221  2166          
ASW07S  1950  2211  1737  1515  2079  1348  1346  1034  1620  2531  1960          
ASW07S  1960  1725  1889  1507  1696  1755  1447  1414  2515  2096  2363          
ASW07S  1970  3153  2235  2238  2431  1926  3900  3510  2057  2188  2666          
ASW07S  1980  3135  2484  2832  1561  1549  2486  2315  2252  1296  1646          
ASW07S  1990  2186   974  1849  2227  2727  2455  2819  1950  2552  1637          
ASW07S  2000  3023  3570  3117  2232  2543  1956  2489  1959  1628  2265          
ASW07S  2010  1453  1199  1429  1749  1280 -9999                                  
ASW06N  1850   712  1183  1162   694   694   869   675  1563  1708  1603          
ASW06N  1860  1504  1371  1659  1533  1129  1369   991  1097  1016  1190          
ASW06N  1870  1018  1321  1153  1054   712  1010   957  1180   891  1388          
ASW06N  1880  1514  1376  1273  1476   892   869  1687  1343  1526  1557          
ASW06N  1890  1157  1507  1476  1161  1134  1071  1907  1393  1271  1227          
ASW06N  1900  1190  1621  1945  2025  1660  1763  1944  1406  1767  1136          
ASW06N  1910  1427  1644  2143  2316  1903  2050  1726  2360  1173  2264          
ASW06N  1920  2328  2249  2338  1742  1920  1727  1486  1549  1700  1351          
ASW06N  1930  1598  1406  1917  1617  1807  1931  1614  1772  1197  1422          
ASW06N  1940  1595  1769  1706  1190  1100  1472  1533  1823  1401  1453          
ASW06N  1950  1472  1232  1230  1620  1206   906  1094  1114  1768  1662          
ASW06N  1960  1236  1503  1041  1953  1635  1259  1012  1521  1170  1231          
ASW06N  1970  1600  1366  1215  1355  1079  1499  1395  1353  1190  1032          
ASW06N  1980  1238  1191  1158   900   952  1511  1475  1024   987   938          
ASW06N  1990  1197   669   838   829  1136  1298  1069   845  1037   834          
ASW06N  2000  1085   950  1144   822   883   500  1030   855  1084   949          
ASW06N  2010   830   996  1283  1104   628 -9999                                  
ASW02W  1863  1007   589  1579  1232  1376  1018  1237                            
ASW02W  1870   975   897   987   821   435   815   730   896   757  1082          
ASW02W  1880  1000  1551  1108  1647  1128  1365  1543  1258   989  1290          
ASW02W  1890   965  1269  1506  1151  1147  1458  2558  1470  1138  1050          
ASW02W  1900   902  1016  1534  1888  1777  1314  1348  1130  1167   992          
ASW02W  1910  1099  1359  2211  1770  1416  1599  1747  2143  1229  2198          
ASW02W  1920  2184  1960  2320  1283  1625  1644  1455  2249  2480  1454          
ASW02W  1930  1166   975  1586  1231  1867  2331  1303  2648  2266  1607          
ASW02W  1940  2373  1963  2357  1487  1288  1587  1876  2012  1390  1326          
ASW02W  1950  1754  1545  1209  1500  1307  1260  1753  1698  2552  2256          
ASW02W  1960  2209  2515  1214  2451  1660  1578  1366  2683  2183  2855          
ASW02W  1970  3482  2796  3063  3725  2671  3036  3211  2906  3171  2846          
ASW02W  1980  2824  2415  3123  2109  2228  2774  3109  2856  1616  2053          
ASW02W  1990  1512  1270  2194  1975  2518  2219  2100  1799  1762  1438          
ASW02W  2000  2745  2726  3155  1349  2259  1199  2273  1567  1965  2099          
ASW02W  2010  1472  1343  1449   835   926 -9999                                  
ASW01E  1862  1550  1722   823  1200  1442  1653  1183  1593                      
ASW01E  1870  1243  1191  1255  1217   679  1573  1243  1233   570  1250          
ASW01E  1880  1318  1141  1301  1694  1115  1497  1495  1255  1124  1501          
ASW01E  1890   968  1413  1363  1058   975  1046  2136  1359  1018  1061          
ASW01E  1900   925  1316  1636  1844  1634  1273  1337  1120  1052   946          
ASW01E  1910   857  1039  1412  1354   971  1251  1383  1723  1069  1433          
ASW01E  1920  1566  1665  1659  1285  1754  1581  1210  1416  1898  1225          
ASW01E  1930   977   795  1431   935  1626  1813   785  1509  1195  1298          
ASW01E  1940  1758  1555  1478  1026  1160  1242  1277  1408  1185  1395          
ASW01E  1950  1605  1525  1369  1467  1311  1448  1277  1542  1303  1612          
ASW01E  1960  1364  1401  1175  1868  1725  2154  1775  3331  2443  2592          
ASW01E  1970  2219  2241  1935  3434  2723  2045  2822  2468  3474  3404          
ASW01E  1980  3290  3164  3999  3171  3090  3934  2841  3200  2164  2019          
ASW01E  1990  2998  1799  3309  3184  3701  3095  2202  2449  2503  1947          
ASW01E  2000  3430  3433  2824  1860  2144  1896  2748  2485  3029  2810          
ASW01E  2010  1686  1535  1828  1885  1421 -9999                                  
ASW05W  1872  1127  1003   839   959  1276  1166   882   898                      
ASW05W  1880   965  1208   910  1159   751   939  1681  1022  1611  1644          
ASW05W  1890  1529  1273  1844  1668  1589  1299  1737  1436  1808  2337          
ASW05W  1900  2639  2889  2887  3226  3125  2845  2586  1754  1562  1106          
ASW05W  1910  1317  1609  1646  1613  1314  1448  1692  1591  1232  1475          
ASW05W  1920  1719  1736  1598  1511  1572  1444  1157  1187  1191  1084          
ASW05W  1930  1226   645  1258  1353  1481  1287  1354  1314  1027  1424          
ASW05W  1940  1208  1292  1476  1289  1197  1294  1146  1375  1267  1218          
ASW05W  1950  1565  1521  1304  1639  1705  1440  1442  1860  2077  1772          
ASW05W  1960  1897  1607  1484  2340  1858  1541  1436  1465  1777  1627          
ASW05W  1970  2225  1952  1414  1979  1864  2018  1855  1460  2241  1712          
ASW05W  1980  1851  1550  1731  1359  1243  2712  1914  1766  1740  1541          
ASW05W  1990  2087  1103  1672  1797  1657  1798  1066   799  1391  1062          
ASW05W  2000  1449  1333  1402   950  1373  1095  1752  1348  1592  1361          
ASW05W  2010  1274  1276  1654  1469  1186 -9999                                  
ASW08N  1865  2972  2287  3225  2249  2603                                        
ASW08N  1870  2773  3736  3271  2769  1695  2764  2274  2439  1297  2331          
ASW08N  1880  2605  2440  2728  2580  1227  1537  1325  1529  1183  1590          
ASW08N  1890  1364  1415  1767  1563  1580  1332  1829  1103  1528  1383          
ASW08N  1900  1313  1813  2004  2143  2010  1704  1919  1677  1925  1228          
ASW08N  1910  1361  1407  1783  1433  1600  1681  2218  1975  1766  1985          
ASW08N  1920  2171  2201  2107  1919  2195  1937  1834  2002  2486  1637          
ASW08N  1930  1849  2110  2261  2351  2523  2724  2127  2488  1665  2232          
ASW08N  1940  2414  2285  2089  2020  2088  2084  2102  2313  2324  2803          
ASW08N  1950  2471  2325  2542  3725  2496  2070  2410  2670  2750  2599          
ASW08N  1960  2184  2408  2507  3204  2690  2007  1805  2821  2313  2412          
ASW08N  1970  3185  2958  3141  3318  2955  3495  2795  2221  3214  2990          
ASW08N  1980  2681  2608  3439  2277  2539  2627  2741  3148  2137  2051          
ASW08N  1990  1731  1251  1365  1431  1892  1975  1687  1527  1784  1253          
ASW08N  2000  1712  1861  2507  2378  2435  1689  2201  1933  2329  2246          
ASW08N  2010  1689  1726  1802  1765  1363 -9999                                  
ASW11W  1850  1024   701  1221  1066  1006   852   892   779   745   567          
ASW11W  1860   642   607   260   677   734   889   875  1099   970  1359          
ASW11W  1870   805  1009  1090  1053   890  1183  1272  1593  1148  1447          
ASW11W  1880  1478  1548  1637  1524  1046  1370  1520  1550  1844  1638          
ASW11W  1890  1530  1825  1611  1426  1145  1133  1609  1191  1369  1285          
ASW11W  1900  1061  1283  1692  1786  1952  1472  1758  1466  1864  1337          
ASW11W  1910  1384  1739  1818  2108  1802  1159  2020  2036  1408  1577          
ASW11W  1920  1917  2063  2099  1895  1582  1576  1298  1544  1272   902          
ASW11W  1930  1402  1364  1632  1938  1779  2065  1350  2118  1137  1670          
ASW11W  1940  1592  1467  1588  1219  1451  1331  1609  2107  1240  1576          
ASW11W  1950  1762  1951  1324  1766  1576  1369  1351  1530  2064  1761          
ASW11W  1960  1276  1493  1219  1297  1381  1209  1260  1347  1063  1377          
ASW11W  1970  1221  1440  1358  1605  1667  1747  1484  1334  1875  1252          
ASW11W  1980  1489  1057  1663  1464  1444  1682  1781  1767  1573  1470          
ASW11W  1990  1379   789  1313  1792  1874  1712  1482  1207  1442  1109          
ASW11W  2000  1450  1315  1881  1355  1304  1045  1637  1356  1414  1707          
ASW11W  2010  1541   985  1209   911   756 -9999                                  
ASW10W  1837   995   831  1176                                                    
ASW10W  1840  1020  1192  1166   802  1122  1910  2954  2489  1972  1713          
ASW10W  1850  1833  1697  1638  1433  1891  2321   922  1933  1672  1824          
ASW10W  1860  1560  1626  2103  2284  1591  1843  1311  1580  1589  1595          
ASW10W  1870  1642  2180  2138  2242  1405  1920  1830  2203  1293  1902          
ASW10W  1880  1995  2315  1864  2112   971  1170  1097  1152  1173  1465          
ASW10W  1890  1318  1263  1472  1305  1120   857  1230  1389  1249  1338          
ASW10W  1900  1200  1414  1577  2022  2179  1700  2281  2073  2200  1435          
ASW10W  1910  1230  1852  2005  1676  2046  1868  2417  2525  1782  2811          
ASW10W  1920  2984  3377  3084  2847  2930  2692  2577  2667  3461  2686          
ASW10W  1930  2488  1839  2391  2232  2522  2808  2278  2003  1250  2036          
ASW10W  1940  2260  2121  2327  2020  1925  2031  1867  2581  2657  2672          
ASW10W  1950  2256  2114  1970  2430  2193  2011  1312  1490  2079  1834          
ASW10W  1960  1838  2273  1707  1842  1823  1463  1364  1413  1536  1669          
ASW10W  1970  1867  1638  1593  1595  1637  1717  1421  1320  1485  1666          
ASW10W  1980  1745  1187  1261  1374  1181  1366  1289  1529  1141  1168          
ASW10W  1990   830   671  1111  1186  1004  1113  1027   912  1324  1223          
ASW10W  2000  1301  1130  1414  1029  1278  1444  1456  1174  1363  1221          
ASW10W  2010  1277  1248  1513  1630   958 -9999                                  
ASW03S  1867  1555  1393  1431                                                    
ASW03S  1870  1396  1641  1413  1424   998  1096  1087  1072  1132  1517          
ASW03S  1880  1838  1248  1345  1037  1060   715   873   911   822  1035          
ASW03S  1890   889   886   913   720   692   709  1182   998   928  1256          
ASW03S  1900  1352  1680  2210  1891  1524   995  1031  1050   953   933          
ASW03S  1910   764  1075  1172  1080  1009  1051  1121   902   805   731          
ASW03S  1920   645   934  1345  1083  1258   994  1057   904   854   608          
ASW03S  1930   819  1004  1265  1456  1735  1885   930   986   929  1007          
ASW03S  1940   925  1042  1241  1032  1036   934  1293  1071   970  1297          
ASW03S  1950  1359  1251   812  1439  1520  1632  1298  2074  1929  1946          
ASW03S  1960  1185  1308  1157  1518  1326  1432  1746  2732  2889  3113          
ASW03S  1970  4460  3813  2977  2129  1816  3021  2719  2381  2515  2652          
ASW03S  1980  3029  1701  1358  1596  2487  2028  1728  1611  1425  1888          
ASW03S  1990  2140  1456  2310  1899  1783  2268  2078  1481  2656  1661          
ASW03S  2000  2581  1617  2023  1778  1789  1804  1764  1174  1187  1467          
ASW03S  2010  1562  1648  2248  2216  1194 -9999                                  
ASW04S  1899   911                                                                
ASW04S  1900   782   904  1059  1935  1594  1260  1478  1015  1098   716          
ASW04S  1910   852  1129  1601  1727  1337   868  1195  1608  1263  1867          
ASW04S  1920  1728  1657  1422  1283  1433  1541  1371  1764  1761  1598          
ASW04S  1930  1331  1160  1664  1417  2145  2691  1855  1886  1793  1760          
ASW04S  1940  2065  2032  2015  1285  1258  1472  1694  1746  1694  1256          
ASW04S  1950  1758  1561  1100  1486  1285  1252  1176  1199  1504  1473          
ASW04S  1960  1098  1543   948  1223  1387  1024   901  1191  1188  1377          
ASW04S  1970  1646  1564  1319  1972  1877  2123  1694  1747  1857  1603          
ASW04S  1980  1754  1499  2294  1253  1581  1979  1620  1520  1234  2033          
ASW04S  1990  1079   586   939  1015  1410  1664  1617  1411  1899  1274          
ASW04S  2000  1931  2038  1855  1908  2069  1105  2129  1625  1413  1870          
ASW04S  2010  1180  1579  2097  1824  1013 -9999                                  
ASW06S  1816   432   451   335   268                                              
ASW06S  1820   262   254   342   321   455   383   560   487   417   347          
ASW06S  1830   539   346   391   339   537   562   855   504   232   593          
ASW06S  1840   696   811  1000   388   828   340   761   997   853   689          
ASW06S  1850   756  1403  1592   839  1009  1495  1222  2085  1685  1718          
ASW06S  1860  1393  1436  1460  1580   775  1328   927  1476   788  1018          
ASW06S  1870   797  1246  1104  1090   738  1169  1128  1244  1031  1639          
ASW06S  1880  1634  1314  1590  1526   857  1254  1416  1469  1756  2156          
ASW06S  1890  1448  1819  1774  1222  1115  1257  1991  1519  1401  1323          
ASW06S  1900  1175  1753  2048  2503  1992  2029  2566  1721  2148  1233          
ASW06S  1910  1513  2017  2384  2101  2132  2275  2254  2485  1449  2991          
ASW06S  1920  2426  2633  2771  2053  1918  2137  1787  1987  1460  1335          
ASW06S  1930  1474  1252  1711  1309  1606  1860  1381  1570  1084  1404          
ASW06S  1940  1352  1574  1649  1296  1520  1964  1933  2947  1914  2146          
ASW06S  1950  2180  2090  1536  2121  1401  1178  1534  1466  2194  1899          
ASW06S  1960  1322  1626   990  1653  1448  1112   877  1462  1184  1405          
ASW06S  1970  1728  1650  1502  2053  1476  2155  1879  1410  1473  1092          
ASW06S  1980  1519  1138  1248   981   974  1440  1219  1124   992  1088          
ASW06S  1990  1052   664   703   865  1300  1313  1037   846  1090   844          
ASW06S  2000   998   939  1222   781   859   507   903   895  1050   890          
ASW06S  2010   884   820  1010   942   649 -9999                                  
ASW04W  1874   828  1006  1379  1384  1206  1894                                  
ASW04W  1880  1191  1212  1096  1382   758   772  1151   847  1028  1168          
ASW04W  1890   982   983   955   797   468   515  1040   962   733   727          
ASW04W  1900   699  1019  1505  1664  1898  1506  1397  1244  1320   824          
ASW04W  1910   980  1262  1765  1801  1641  1229  1578  1382  1119  1910          
ASW04W  1920  2023  1612  1383  1095  1320  1405  1362  1678  1419  1344          
ASW04W  1930  1388  1299  1964  1441  1577  2280  1791  1476  1661  1545          
ASW04W  1940  1745  1729  1882  1251  1339  1446  1663  2012  1854  1122          
ASW04W  1950  1642  1492  1238  1586  1168  1128  1259  1133  1648  1664          
ASW04W  1960  1352  1552   944  1599  1484  1257  1004  1758  1383  1559          
ASW04W  1970  2032  1622  1859  2140  1860  1988  1751  1745  1960  2015          
ASW04W  1980  2299  2282  2320  1459  1830  2200  2492  1810  1363  1762          
ASW04W  1990  1102   803   755   941  1227  1691  1512  1372  2009  1316          
ASW04W  2000  2104  1963  1699  1806  1869  1112  2089  1643  1650  1716          
ASW04W  2010  1314  1509  1855  2103   994 -9999                                  
ASW01W  1862  1773  2293  1113  2118  1423  1909  1544  1988                      
ASW01W  1870  1288  1588  1751  1491   827  1673  1535  1534   882  1351          
ASW01W  1880  1778  1247  1418  1778  1325  1423  1937  1479  1458  1722          
ASW01W  1890  1536  2020  1563  1321   893   572  1544  1254  1002   960          
ASW01W  1900   904  1039  1689  1925  1586  1712  1632  1474  1489  1041          
ASW01W  1910  1102  1166  1582  1469  1238  1567  1580  2400  1267  1762          
ASW01W  1920  2010  2105  1998  1384  2146  1844  1481  1751  1968  1422          
ASW01W  1930  1416  1199  1636  1184  1912  2375  1427  2147  1570  1463          
ASW01W  1940  1818  1585  2072  1623  1461  1859  2144  2047  2208  2044          
ASW01W  1950  2190  2318  1731  1754  1822  1757  2379  2671  2689  3284          
ASW01W  1960  2965  3288  1831  2683  2281  2754  2177  4669  4218  4865          
ASW01W  1970  4607  4202  4148  4748  3360  3502  3728  3022  3692  3723          
ASW01W  1980  3704  3245  3768  3370  3055  3647  4081  4074  2658  2274          
ASW01W  1990  2602  2289  3021  3371  3438  3382  2149  2608  3266  2729          
ASW01W  2000  4162  3552  3658  2216  2854  2392  3040  2656  3260  3264          
ASW01W  2010  2600  1988  2440  2081  1459 -9999                                  
ASW02E  1972  2867  2827  2494  3298  3430  3041  3164  2741                      
ASW02E  1980  3169  2430  3719  2119  2274  3091  3023  2543  1844  1921          
ASW02E  1990  1508  1145  2414  2390  2679  2439  2434  2069  1958  1688          
ASW02E  2000  2988  2886  2462  1366  2497  1422  2252  1820  1769  2681          
ASW02E  2010  1967  1462  2401   975  1109 -9999                                  
ASW10E  1832  1966  2957  2743  1561  1228   959   793  1238                      
ASW10E  1840  1183  1247  1552   922  2039  2162  2779  2785  1948  1428          
ASW10E  1850  1809  1706  1517  1320  1381  1904   815  1361  1472  1565          
ASW10E  1860  1612  1804  2343  3001  1714  2188  1594  1985  1785  1948          
ASW10E  1870  1791  1854  2084  2118  1454  1949  1915  2275  1244  1705          
ASW10E  1880  2174  2398  1897  2049  1057  1259  1361  1420  1550  1889          
ASW10E  1890  1520  1452  1839  1484  1210   936  1126  1544  1358  1427          
ASW10E  1900  1348  1608  1920  2340  2425  2097  2344  2195  2400  1694          
ASW10E  1910  1452  1795  2048  1731  2066  2155  2807  2996  1817  2971          
ASW10E  1920  3113  3376  3242  3169  3188  3116  3393  3497  3736  3013          
ASW10E  1930  2896  2696  2515  2082  2303  2697  2202  2469  1235  2136          
ASW10E  1940  2328  2560  3007  3015  2743  2840  3104  3614  3694  3746          
ASW10E  1950  2897  2972  2303  2691  2475  2554  1631  1888  3346  3111          
ASW10E  1960  2671  2739  1890  2167  1956  1748  1707  1522  2283  2315          
ASW10E  1970  2375  1985  1972  2260  2115  2051  1810  2021  1869  1847          
ASW10E  1980  1998  1172  1660  1787  1345  1892  1875  1731  1474  1494          
ASW10E  1990  1087   770  1367  1484  1442  1853  1570  1320  2009  1714          
ASW10E  2000  1834  1696  1810  1543  1736  1632  1863  1794  1875  1657          
ASW10E  2010  1752  1502  1880  1879  1182 -9999                                  
ASW11S  1843   520   656   909  1484  1625  1601  1133                            
ASW11S  1850  1563  1754  1231   784  1075  1258  1027  1047   807   773          
ASW11S  1860   669   743   879   954   895   970  1059  1451  1223  1268          
ASW11S  1870   982  1167  1376  1262  1024  1402  1295  1616  1052  1420          
ASW11S  1880  1489  1575  1567  1608  1037  1173  1101  1277  1249  1492          
ASW11S  1890  1212  1239  1522  1321  1003   934  1296  1034  1369  1202          
ASW11S  1900   949  1439  1262  1280  1455  1038  1600  1637  2121  1326          
ASW11S  1910  1476  1870  1914  1430  1738  1309  1562  1869  1206  1305          
ASW11S  1920  1589  1659  1795  1687  1112  1283  1095  1138  1302   832          
ASW11S  1930  1181   978  1319  1200  1464  1464  1121  1345  1110  1355          
ASW11S  1940  1380  1327  1011  1216  1167  1247  1314  1764  1231  1544          
ASW11S  1950  1582  1690  1412  1663  1501  1250  1080  1393  1768  1563          
ASW11S  1960  1194  1358  1104  1242  1181  1046  1147  1401  1028  1237          
ASW11S  1970  1227  1445  1373  1357  1095  1133  1202  1064  1578  1199          
ASW11S  1980  1269   984  1380  1088  1220  1595  1653  1428  1371  1336          
ASW11S  1990  1252   785  1578  1604  1606  1536  1545  1259  1177   998          
ASW11S  2000  1462  1272  1645  1271  1072   962  1298  1198  1107  1192          
ASW11S  2010  1113   816  1001   871   831 -9999                                  
ASW09S  1821   443   847   835  1502  1418  1694  1445  1664  1483                
ASW09S  1830  1721  1719  1439  1746  2146  1776  1473  1316   848  1233          
ASW09S  1840  1711  1279  2237   998  1520  1435  1981  2028  2150  1258          
ASW09S  1850  2210  2304  2111  1226  1909  2350  1721  2087  1887  2213          
ASW09S  1860  2105  2203  2323  2556  1687  2001  1738  2307  1799  2032          
ASW09S  1870  2020  2398  2022  1752  1297  1827  1747  1742  1555  1790          
ASW09S  1880  2124  2021  2259  2154  1665  1681  2108  2024  1951  2418          
ASW09S  1890  1542  1787  1849  1327  1522  1538  2258  1474  1316  1452          
ASW09S  1900  1276  1610  1601  1974  2096  1818  1694  1589  2101  1426          
ASW09S  1910  1709  2016  2123  2076  1814  1828  2441  2212  1741  2119          
ASW09S  1920  2040  1915  2131  1811  1399  1919  1875  2323  2015  1330          
ASW09S  1930  1661  1647  1712  1724  1676  1767  1516  1658  1530  1599          
ASW09S  1940  1989  1686  1946  1467  1281  1598  1602  1820  1433  1459          
ASW09S  1950  1519  1726  1369  1869  1339  1108  1177  1621  1959  1642          
ASW09S  1960  1425  1467  1323  1517  1507  1168  1304  1462  1508  1217          
ASW09S  1970  1478  1047  1250  1027  1152  1607  1482  1324  1250  1375          
ASW09S  1980  1663  1587  1543  1293  1379  1659  1379  1727  1186   965          
ASW09S  1990  1197   732  1174  1597  1403  1733  1870  1320  1394  1055          
ASW09S  2000  2108  1749  1428  1401  1343  1136  1950  1250  1459  1364          
ASW09S  2010  1197  1320  1726  1621  1118 -9999                                  
ASW08S  1842  1540   516   799  1044  1036  1629  1387  1264                      
ASW08S  1850  1731  2111  1524  1280  1871  2750  1239  1750  1622  1347          
ASW08S  1860  1292  1072  1371  1859  1236  1559  1104  1643  1270  1593          
ASW08S  1870  1654  1894  1728  1771  1270  1774  1376  1371   898  1364          
ASW08S  1880  1983  2077  1849  1730   974  1090  1584  1517  1367  1675          
ASW08S  1890  1404  1544  1788  1365  1498  1335  1788  1334  1093  1324          
ASW08S  1900  1190  1856  2143  2029  1739  1535  1490  1212  1441  1176          
ASW08S  1910  1104  1374  1836  1287  1392  1428  1798  1894  1578  1829          
ASW08S  1920  1657  1582  1730  1490  1717  1594  1381  1563  1539  1186          
ASW08S  1930  1393  1428  1480  1163  1448  1458  1328  1245   957  1236          
ASW08S  1940  1229  1435  1598  1343  1468  1530  1549  1559  1404  1374          
ASW08S  1950  1747  1284  1565  1495  1271  1304  1223  1303  1560  1769          
ASW08S  1960  1237  1381  1239  1380  1103  1167  1131  1097  1183  1286          
ASW08S  1970  1580  1370  1435  1259  1287  1434  1340  1060  1373  1323          
ASW08S  1980  1460  1361  1338  1109  1191  1196  1099  1368  1100  1156          
ASW08S  1990  1084   793  1083  1075  1089  1320   898   798   872   805          
ASW08S  2000   912   944  1122   939   972   756   715   743   780   804          
ASW08S  2010   819   867   788   738   581 -9999                                  
ASW03N  1862  1506  1467  1139  1288  1278  1394  1231  1732                      
ASW03N  1870  1367  1013  1177  1064   795  1065  1070  1131   940   963          
ASW03N  1880  1136   925   922   847   989   784   717   730   734   842          
ASW03N  1890   919   681   896   548   680   697  1067   994  1088  1056          
ASW03N  1900  1345  1201  1117  1199  1081   697  1014   935   843  1091          
ASW03N  1910   892  1055  1166  1052   994  1118  1359  1208   894  1000          
ASW03N  1920   984  1184  1129  1001  1222  1030  1104  1252  1228   757          
ASW03N  1930   947   944  1348  1343  1640  1678  1033   988  1095   815          
ASW03N  1940  1034  1023  1290   965   874   971  1386  1165   939  1312          
ASW03N  1950  1286  1033  1010  1779  1263  1289  1006  1991  2028  1982          
ASW03N  1960  1663  1873  1522  2196  1706  1771  2371  3746  3402  3040          
ASW03N  1970  4439  4293  3738  3119  2572  3056  2646  2665  3419  3977          
ASW03N  1980  3812  1972  1954  2458  3489  3058  2913  3270  2347  2897          
ASW03N  1990  3013  1656  2588  2559  3092  3669  3049  1893  2532  1623          
ASW03N  2000  3665  2693  3235  2447  2233  2176  2824  1777  1678  2232          
ASW03N  2010  1976  2126  2982  2547  1574 -9999                                  
