AST09S  1864  1746  1994  2111  2292  1983  2954                                  
AST09S  1870  3264  2491  2509  2394  1727  1232  2408  2426   743  1449          
AST09S  1880  1805  1339  1917  1567   712  1705  1980  2433  1886  2314          
AST09S  1890  2153  2007  2404  1566  2302  1128  1646  2670  2779  2002          
AST09S  1900  1412  3708  2707  2899  2428  2062  2977  2170  2051  1354          
AST09S  1910  1523  1662  1900  1571  2052  1995  2439  1825  1236  2771          
AST09S  1920  2293  3266  3485  2862  2355  2107  2601  2205  2671  2367          
AST09S  1930  1746  1928  3241  2441  2266  2666  2073  2460  2002  2610          
AST09S  1940  2372  1968  3550  2615  1964  2378  2233  2591  2181  2211          
AST09S  1950  1948  2168  2048  2483  2175  2188  1963  2207  2349  2126          
AST09S  1960  2818  2587  1201  2286  2095  1293  1815  1258  2037  1876          
AST09S  1970  2634  3085  2241  3006  2644  2712  2255  1892  2933  2669          
AST09S  1980  3081  2224  2292  1820  2234  2897  3086  2688  2332  1849          
AST09S  1990  2931  1495  2172  2692  2331  2691  2451  2291  3269  3210          
AST09S  2000  3295  2214  2532  3255  3149  2673  3313  3351  3828  2703          
AST09S  2010  3755  2579  3470  4862   939 -9999                                  
AST10C  1895   874  1600  1734  1250   770                                        
AST10C  1900  1270  2358  1534  1857  2067  1227  1867  1196   993  1001          
AST10C  1910  1042  1085   918   819  1073   937  1188   935   487   673          
AST10C  1920   840  1080  1287  1198  1345  1078  1337  1557  1601  1619          
AST10C  1930  1719  1420  1485  1818  1133  1537  1157  1439   690  1933          
AST10C  1940  1344  1416  1786  2054  1647  1341  1219  2135  1698  1958          
AST10C  1950  1995  2398  1208  1865  2041  1747  1396  2893  2858  1854          
AST10C  1960  1375  2584  1800  2764  3009  1940  2692  1734  1660  1545          
AST10C  1970  1765  1666  1516  1493  1557  1780  1695  1399  2042  1521          
AST10C  1980  1704   941  1431  1399  1303  1772  1646  1549  1273  1495          
AST10C  1990  1698  1995  1737  2426  1631  1800  1361  1362  1607  2423          
AST10C  2000  1767  2636  2421  2009  2626  2057  2487  2808  2939  1763          
AST10C  2010  2096  1655  1031  1351   302 -9999                                  
AST05W  1878  2776  3804                                                          
AST05W  1880  3716  2669  3043  2721  1899  2362  2583  3235  2853  3398          
AST05W  1890  3886  3956  4295  2571  3164  1704  3979  2693  3814  2824          
AST05W  1900  2386  2185  2404  2938  3707  3450  4370  2895  2882  1726          
AST05W  1910  1922  2651  1882  1908  2350  2756  3462  2362  1804  3763          
AST05W  1920  3306  3184  2713  2745  2691  2335  2110  1630  1876  2057          
AST05W  1930  1515  1679  2597  2073  2099  1441   825  1386  1242  2040          
AST05W  1940  2125  1587  1966  2031  1924  1811  2141  3291  2259  1364          
AST05W  1950  2304  2593  2083  1987  2258  1564  2377  2453  2483  2102          
AST05W  1960  3758  4415  1500  2296  2397  1199  1309  1651  1770  1888          
AST05W  1970  2421  3162  2881  4364  3256  2815  3099  2242  2566  1632          
AST05W  1980  2283  1540  2643  3120  4233  4890  3790  3090  1295  2440          
AST05W  1990  4481  2407  2921  3844  3748  4515  3888  2670  3795  2052          
AST05W  2000  2854  3156  2946  2824  3207  1653  2563  2783  3991  3708          
AST05W  2010  2368  1006  1710  3075   469 -9999                                  
AST09N  1834  2042  2350  2441  1417  1265  1513                                  
AST09N  1840  2055  1843  2048   727  1428  1698  2483  2993  2496  1549          
AST09N  1850  2769  2443  2624  1450  2375  2132   911  1516  1439  1619          
AST09N  1860  1610  1181  1105  1841  1519  1215  1449  1144  1677  2470          
AST09N  1870  2892  2069  1969  1588  1526  1181  1996  2377   952  1546          
AST09N  1880  2118  1723  2035  1866   974  1659  2179  2286  2021  2285          
AST09N  1890  2364  2093  1598  1866  2346   942  2012  2205  1943  1393          
AST09N  1900  1411  2775  2048  2210  1899  2059  2588  2065  1861  1198          
AST09N  1910  1280  1545  1696  1800  2114  2081  2299  1486   962  2419          
AST09N  1920  1691  3254  2872  2770  2420  1752  2101  1758  1859  2218          
AST09N  1930  1502  1924  2542  2759  2173  2840  1899  2144  2187  2955          
AST09N  1940  2790  2716  3526  2481  2142  2159  1804  1805  1855  2149          
AST09N  1950  1679  2252  1880  2254  1948  2214  2581  2268  2211  2212          
AST09N  1960  2719  2087   908  1570  1536  1294  1167   958  1598  1346          
AST09N  1970  2087  2175  1138  1996  1713  2034  2298  1610  2364  2234          
AST09N  1980  2629  1459  2024  1206  1127  2665  2131  1581  1706  1695          
AST09N  1990  2736  1334  1798  3076  2316  3284  2980  2364  3871  3426          
AST09N  2000  3391  3394  3318  4020  3274  2919  3703  4434  4158  3821          
AST09N  2010  3911  2674  3955  5118   562 -9999                                  
AST02N  1872  3125  3105  2736  2789  2296  2319  2782  2736                      
AST02N  1880  2985  2969  3571  2779  2352  2225  2398  2152  1857  2016          
AST02N  1890  1844  2209  2599  2179  2963  1980  2110  2058  3392  2466          
AST02N  1900  2380  3144  2552  2471  2669  2612  4768  3351  2851  2215          
AST02N  1910  2216  2647  2319  3038  1871  2942  2322  3369  1373  2260          
AST02N  1920  1981  2541  2704  3130  2933  2735  1849  2085  1808  1732          
AST02N  1930  1320  1268  1327  1976  1411  1668   973  1765  1964  1806          
AST02N  1940  1500  1653  2117  2630  1726  2127  2326  1975  1947  1858          
AST02N  1950  1594  1744  2065  2372  1695  1976  3452  2737  2641  2342          
AST02N  1960  1970  2411  1175  1956  1947  1090  1038  1343  2588  1995          
AST02N  1970  3189  2814  3981  3967  3048  3004  3603  3063  2489  2772          
AST02N  1980  4186  2789  2569  1470  2659  3805  3576  2605  1913  2452          
AST02N  1990  5193  3511  2395  2276  3063  3690  4504  3436  4819  2934          
AST02N  2000  4041  3208  3502  2955  2816  1919  4086  3432  2350  2406          
AST02N  2010  1963  1800  3447  3348   825 -9999                                  
AST08W  1937  2924  2779  3370                                                    
AST08W  1940  3850  2437  3293  2456  3432  3978  4650  4732  3788  5675          
AST08W  1950  3964  4364  5853  7106  4712  7216  4400  4006  5973  4474          
AST08W  1960  5368  5570  3682  4973  5531  4192  3868  4559  4172  5067          
AST08W  1970  5758  6098  5803  5975  5269  3548  3872  3881  4609  4881          
AST08W  1980  6133  4021  3474  3927  6126  7468  7142  5123  3865  3627          
AST08W  1990  5203  4010  4808  6733  6677  6275  5925  5084  5358  3847          
AST08W  2000  3470  4108  5222  5823  5597  3760  4034  3429  4069  2980          
AST08W  2010  5179  4548  4964  6118  1343 -9999                                  
AST01E  1882  2760  2200  1483  1998  2228  2508  1679  2188                      
AST01E  1890  1832  1767  2225  1750  2624  1977  2651  3079  3758  2475          
AST01E  1900  2781  2803  1802  1885  2048  1759  2096  1838  2288  1228          
AST01E  1910  1556  1595  1516  1814  2185  2346  2722  2265  1479  2801          
AST01E  1920  2532  3574  3118  2777  2277  2467  2188  1668  2173  2009          
AST01E  1930  1768  1960  2042  2249  1833  1810  1175  1695  1641  1706          
AST01E  1940  1911  2085  3006  2706  2145  2488  2677  3198  2843  3154          
AST01E  1950  2769  2820  2787  2710  2154  2438  2567  2748  3814  3107          
AST01E  1960  2439  2889  1632  2015  1735   970  1730  1560  1682  1584          
AST01E  1970  2074  2167  2510  2940  2761  2070  1901  2148  2611  2266          
AST01E  1980  3047  2338  2793  2016  2903  3665  3672  3820  2352  2495          
AST01E  1990  3570  3364  3477  4363  4218  3831  3649  2891  4092  3043          
AST01E  2000  3098  3283  3054  3410  4228  2474  4451  4367  4189  4251          
AST01E  2010  4145  3260  5102  4110   650 -9999                                  
AST07E  1879  3223                                                                
AST07E  1880  3246  3085  2922  2262  1996  1892  2783  3175  2691  3117          
AST07E  1890  3140  3186  2471  2265  3146  1773  1633  2574  3120  2247          
AST07E  1900  2268  3317  2168  2987  3462  2314  2382  2156  1040  1043          
AST07E  1910  1128  1638  1813  2126  1723  2089  2813  1207   879  1968          
AST07E  1920  2126  2159  2133  1806  1411  1410  1245  1544  1114  1637          
AST07E  1930  1694  1694  2362  2273  1386  2080  1306  2777  1649  2500          
AST07E  1940  2213  2356  3639  3362  2124  3840  2617  2436  2265  2976          
AST07E  1950  2021  2011  1505  1829  2215  1889  1968  1777  2206  1840          
AST07E  1960  1654  2290   965  1847  2015  1198  1280  1158  1359  1422          
AST07E  1970  2386  2710  1966  3199  3112  2237  2748  2396  2969  1941          
AST07E  1980  3080  1923  2924  2052  2325  3310  3205  2431  1919  2247          
AST07E  1990  3679  2342  2323  3561  2639  3372  2719  2637  2430  2593          
AST07E  2000  2699  2794  2526  2090  2474  2163  2589  2773  3003  2988          
AST07E  2010  3348  2162  2768  2896   862 -9999                                  
AST06N  1869  3398                                                                
AST06N  1870  3256  3597  2891  2691  1964  2458  2608  2112  1303  2275          
AST06N  1880  2232  1950  1804  1825  1636  2096  2431  2881  1964  2350          
AST06N  1890  2101  2376  2302  1870  2019  1664  2421  2355  3455  2626          
AST06N  1900  2073  3293  3004  3028  2863  2512  3213  1777  2259  1355          
AST06N  1910  1472  2427  1916  2295  2162  2737  2847  1929  1169  2713          
AST06N  1920  2365  3187  2792  2654  2221  2294  2497  2170  2287  2403          
AST06N  1930  1566  1759  2494  2357  1781  1846  1282  1810  1321  1994          
AST06N  1940  1883  1391  2097  2120  1973  1758  2165  1952  2716  2333          
AST06N  1950  1740  2119  1200  1235   781   529   801   922  1026   761          
AST06N  1960   635   732   401   517   779   444   371   589   433   691          
AST06N  1970   788   998   862   943   824  1337   941  1057  1743  1190          
AST06N  1980  1827  1584  1938  1243  2218  2986  2226  1565  1030  1474          
AST06N  1990  3031  2149  2029  1619  1535  2098  1956  1244  2331  1724          
AST06N  2000  2185  1785  1711  1446  1918  1013  1489  1514  2186  1854          
AST06N  2010  1699  1121  2558  2491   603 -9999                                  
AST10N  1896  1727   820  1577  1622                                              
AST10N  1900  1200   759  1296  2282  1542  1938  1903  1146  2324   917          
AST10N  1910  1090  1076   908   789  1149   915  1283   921   499   768          
AST10N  1920   710   945  1052   953  1063   983  1241  1269  1273  1301          
AST10N  1930  1191  1049  1458  1625  1187  1353  1039  1416   780  1654          
AST10N  1940  1122  1229  1899  1789  1963  1746  1635  2843  1892  1783          
AST10N  1950  1722  2155  1154  1986  2418  2278  1646  2587  2738  1815          
AST10N  1960  1241  2803  1733  2294  2357  1557  2149  1332  1477  1379          
AST10N  1970  1579  1408  1305  1138  1212  1500  1164  1086  1603  1535          
AST10N  1980  1688   895  1563  1308  1128  1695  1286  1234  1157  1697          
AST10N  1990  1919  2604  1729  2620  1800  2168  1637  1308  1361  2272          
AST10N  2000  2181  2023  1897  1958  2708  2572  2727  3098  2722  2075          
AST10N  2010  2234  1885  1087  1487   390 -9999                                  
AST05E  1852  2855  2645  3747  3825  3372  2981  1920  2869                      
AST05E  1860  3271  3323  3379  2866  1894  2924  2358  3037  3124  3579          
AST05E  1870  4516  4404  3668  5063  3065  3267  2828  2727  1771  3371          
AST05E  1880  3110  2873  2528  2646  2099  2068  2425  3791  2508  2759          
AST05E  1890  2003  3280  2437  1682  2198  1462  2917  2251  2621  1796          
AST05E  1900  2075  1630  1792  2140  2293  1834  2864  1669  2936  1285          
AST05E  1910  1694  2568  1705  2277  2230  2625  2711  1812  1800  2989          
AST05E  1920  2014  1776  1650  1344  2095  1758  1767  1567  1528  2352          
AST05E  1930  1421  1497  3158  3095  2005  1231   892  1502   979  1975          
AST05E  1940  1930  2223  3073  3002  3438  2876  2777  3987  2248  2188          
AST05E  1950  2116  2224  1541  1546  2048  2395  3002  2611  2690  2335          
AST05E  1960  2357  2897   821  1866  2199  1310   749  1644  1471  1810          
AST05E  1970  3466  3565  3632  3625  3668  3326  5036  3918  4961  4014          
AST05E  1980  5968  3810  3680  2478  2090  3093  2731  2637  1295  1983          
AST05E  1990  3960  1982  2147  2850  2342  3742  3130  2848  3298  2631          
AST05E  2000  2785  3650  3289  3698  4213  1903  1395  1157  1383  1760          
AST05E  2010  1361  1331  1579  2219   396 -9999                                  
AST10S  1881  1282  1382   932   793   961   846  1181   743   860                
AST10S  1890   906   987  1021  1115  1275   713   870  1183  1300   909          
AST10S  1900  1239  1870  1049  1326  1087   904  1355   927   859  1140          
AST10S  1910  1169  1437  1403  1192  1694  1223  1512  1075   701  1501          
AST10S  1920  1144  1515   922   937  1226   863   925   865   871   925          
AST10S  1930   802   779  1240  1209   991   940   826  1131   669  1351          
AST10S  1940  1208  1159  1314  1157  1153  1138  1148  1719  1410  1419          
AST10S  1950  1190  1787  1685  2037  2423  1844  1306  1432  2194  1891          
AST10S  1960  1442  1589  1079  1473  1503  1244  1713  1036  1243   908          
AST10S  1970  1577  1493  1163   986  1203  1480   916   749  1161  1044          
AST10S  1980  1355   788  1529  1085   757  1552  1329  1030   816   748          
AST10S  1990   891   929   803  1187  1211  1273  1027   893  1239  1866          
AST10S  2000  1502  1815  1350  1156  1774  1490  1038  1761  1778  1404          
AST10S  2010  1594  1359  1451  2027   444 -9999                                  
AST07W  1866  1583  2508  2124  2530                                              
AST07W  1870  2622  2688  2544  2404  1876  1913  1207  2052  2269  3175          
AST07W  1880  2867  2034  2303  2013  1382  2200  2339  2771  2623  2991          
AST07W  1890  3117  3369  2545  2716  2779  1828  2051  3213  3321  2549          
AST07W  1900  2121  2442  1945  2580  2421  1950  1999  1845  1113  1275          
AST07W  1910  1511  1867  2452  2508  1428  2002  1987   691   849  1742          
AST07W  1920  1708  1687  2033  1845  1123  1009  1476  1455   867  1093          
AST07W  1930  1778  2560  2501  2556  1805  2327  1641  3368  1688  2619          
AST07W  1940  2167  2250  3510  2708  1936  3689  2591  2938  2917  3237          
AST07W  1950  2596  1724  1650  2178  2429  1740  2463  2189  2096  1772          
AST07W  1960  1502  2749  1289  2388  1856  1322  1565  1227  1787  1579          
AST07W  1970  2928  2721  2523  2960  2837  2411  2906  2354  2993  2367          
AST07W  1980  3205  1948  2995  1997  2095  3750  3182  2087  1406  1328          
AST07W  1990  2914  2117  1790  2204  1818  2299  2180  2190  2541  2488          
AST07W  2000  2678  2760  2625  2947  3323  1631  2071  2316  2673  2016          
AST07W  2010  2219  1212  1627  2289   605 -9999                                  
AST08E  1903   869   743   567   819   891   468   251                            
AST08E  1910   400   765   555   805   581   489   540   449   164   212          
AST08E  1920   345   742   873   881  1316   697   800  1101   819   589          
AST08E  1930   666   740  1629  1162   802   568   446  1083   612   338          
AST08E  1940   536   388  2371  1549  3114  3629  3044  3914  2645  1668          
AST08E  1950  1692  2401  2041  2961  1951  3329  2972  3674  5723  4124          
AST08E  1960  3564  4381  2185  2973  4025  2441  2812  3319  3835  3574          
AST08E  1970  4117  4275  3600  3977  3902  3054  4003  3058  2697  2749          
AST08E  1980  3663  2688  2396  3914  5228  5603  5032  3515  2315  2462          
AST08E  1990  4579  3352  2537  3684  3128  2976  3006  2997  4840  4501          
AST08E  2000  2425  1775  1413  1700  2224  1952   959  1140   968   759          
AST08E  2010   886   448   486   664   217 -9999                                  
AST01W  1873  2643  2127  1974  2494  3146  1632  2315                            
AST01W  1880  2187  2117  2552  2282  1423  2161  2096  1541  1364  2051          
AST01W  1890  1729  2124  2844  2153  3161  2293  2397  2786  3734  2908          
AST01W  1900  2610  2020  1222  1191  1527  1424  2036  1854  2450  1619          
AST01W  1910  1919  1987  1665  1950  2043  2359  3137  2162  1291  2682          
AST01W  1920  2695  3327  2989  2596  2348  2474  2518  1920  2089  1794          
AST01W  1930  1669  1419  1820  2122  1852  1908  1290  2025  1987  2258          
AST01W  1940  2261  2114  2804  2175  1645  2061  2318  2973  2790  3139          
AST01W  1950  2381  3008  2862  2890  2617  2716  2118  1683  2801  2326          
AST01W  1960  1643  2231  1444  1738  1553  1097  1575  1053  1414  1379          
AST01W  1970  1687  1664  1042  1290  1362   852   820  1243  1586  1427          
AST01W  1980  1780  1230  1676  1000  1418  2548  2617  2665  2224  2274          
AST01W  1990  3569  4009  2829  4353  3281  4522  4430  4658  6279  5969          
AST01W  2000  5246  4735  4210  3889  4789  2986  4746  4680  2903  3163          
AST01W  2010  2530  1648  3294  4212  1103 -9999                                  
AST04S  1864  1080  1358  2149  2568  2725  2678                                  
AST04S  1870  2289  2090  2202  2140  1720  1898  1945  2360  2268  2884          
AST04S  1880  2763  1983  2085  2136  2447  2367  2710  2265  1752  2411          
AST04S  1890  2004  1870  1781  1742  1690  1511  1785  1717  1692  1936          
AST04S  1900  1414  2184  2171  2151  2167  2142  2343  1973  2004  1334          
AST04S  1910  1247  1336  1062  1577  1176  1864  2411  1954  1208  1750          
AST04S  1920  1478  1968  1902  1610  1748  1888  1404  1276  1608  1439          
AST04S  1930  1047   944  1030  1197  1044  1201   810  1523  1927  1682          
AST04S  1940  1825  1860  2028  1558  1317  1311  1945  1483  2098  2415          
AST04S  1950  1811  2015  1635  2144  2223  2060  2630  2425  3261  2979          
AST04S  1960  3686  2998  1124  2071  1687  1185   860  1056  2232  1400          
AST04S  1970  3224  3157  2918  2934  3319  2943  3699  3070  3417  1952          
AST04S  1980  2437  1804  2548  1728  2166  2964  3132  1901   891  1688          
AST04S  1990  2749  2105  3039  2812  3751  3186  2667  2704  3747  1831          
AST04S  2000  3223  2649  3391  3204  3561  2331  3160  2567  2386  2959          
AST04S  2010  1919  1712  2900  2945   861 -9999                                  
AST02S  1876  2316  2093  1828  2365                                              
AST02S  1880  2387  2582  2793  2082  2455  2427  1974  1760  1998  2275          
AST02S  1890  2227  1997  3060  2469  3446  1895  2468  2905  3407  2421          
AST02S  1900  2493  3464  3158  3019  3382  3298  4121  2323  3151  1986          
AST02S  1910  2058  2835  2440  2931  1947  3212  3042  2408  1569  3393          
AST02S  1920  2710  3108  2894  3046  2154  2130  1519  1507  1602  1488          
AST02S  1930  1306  1219  1489  1474  1127  1158   610  1212  1408  1460          
AST02S  1940  1135  1276  1277  1065  1163  1425  1773  1900  2097  1880          
AST02S  1950  1351  1594  1366  1702  1550  1331  1607  1580  1525  1723          
AST02S  1960  1970  1749   779  1489  1426  1134   970  1247  2097  1757          
AST02S  1970  2525  2908  2940  3294  3771  3229  3101  2601  2230  2234          
AST02S  1980  4073  3166  2946  1407  1899  1759  1615  1783  1671  2516          
AST02S  1990  4522  3011  1865  1553  1113  1331  1424  1713  4603  2839          
AST02S  2000  3534  2350  2351  1721  2080  3054  3770  2942  2048  3183          
AST02S  2010  1921  1474  1515  1196   369 -9999                                  
AST03N  1852   990  1076  1573  1863  1889  1532  1267  1387                      
AST03N  1860  1705  1865  2279  2771  2222  1757  2526  2814  2979  3378          
AST03N  1870  2863  3247  2650  2419  2305  2061  1912  2018  2107  2596          
AST03N  1880  2928  2400  2964  2708  2782  2554  2427  2472  2434  2651          
AST03N  1890  2246  2744  2748  2774  3208  2401  1937  2734  2954  3109          
AST03N  1900  2025  2469  2326  2603  1901  1452  2273  2243  1410  1661          
AST03N  1910  1671  2050  1683  2084  1551  1725  1963  1839  1227  1730          
AST03N  1920  2079  2672  2107  2062  2158  2227  1480  1301  1714  1775          
AST03N  1930  1205  1687  1435  1709  1188  1144   530  1178  1377  1619          
AST03N  1940  1233  1317  1739  1693  1273  1547  2005  1462  1535  1283          
AST03N  1950  1301  1850  1419  1613  2051  2897  3640  3550  4192  3687          
AST03N  1960  2528  2387  1187  2293  2710  1832  1750  1194  1864   769          
AST03N  1970   520   385   673   819   943   956  1381  1440  1515  1141          
AST03N  1980  1236   990  1367  1116  1322  1958  1997  1637   935  1419          
AST03N  1990  2196  2463  1590  2065  1441  1954  1735  2000  2953  2623          
AST03N  2000  2834  2294  3043  1782  2434  2323  2613  2275  1774  2009          
AST03N  2010  1799  1226  1560  2065   347 -9999                                  
AST04N  1864   986  1445  1848  1887  1976  2442                                  
AST04N  1870  1974  1865  2530  2697  2288  2298  2789  3239  3260  3526          
AST04N  1880  3357  2422  2452  2342  2534  2573  2665  2421  2225  3063          
AST04N  1890  2702  2847  2779  2285  2236  1638  1990  1475  1283  1762          
AST04N  1900  1322  2183  2634  2574  2332  2561  3545  2641  2321  1742          
AST04N  1910  1725  2034  1718  2010  1634  2315  2113  2177  1358  1808          
AST04N  1920  1978  2647  2423  2153  2294  2382  1963  1652  1623  1551          
AST04N  1930  1376  1192  1269  1310  1255  1634  1159  1820  2356  2192          
AST04N  1940  2522  2126  2579  2165  1905  1770  2132  1592  2442  2455          
AST04N  1950  2030  2218  2184  2910  2683  2496  3231  3066  3976  3611          
AST04N  1960  4117  3653  1287  2375  2019  1445  1233  1465  2461  1848          
AST04N  1970  3313  3158  2466  2776  2811  2574  3315  3498  4018  2793          
AST04N  1980  3961  2822  3144  2307  2912  3669  3552  2590  1780  2875          
AST04N  1990  4604  2693  2699  2173  3611  3019  3317  3051  4487  1613          
AST04N  2000  3505  2866  3788  2650  3726  2742  3746  3115  3169  2884          
AST04N  2010  1946  1364  2747  3082  1127 -9999                                  
AST03S  1864  2172  1670  2515  3418  3035  3676                                  
AST03S  1870  2903  2680  1933  1831  1857  1898  1960  2129  2401  2828          
AST03S  1880  2573  2769  2739  2504  2441  2606  3062  2482  2277  2797          
AST03S  1890  2487  2600  3055  2593  2821  2453  2695  3259  2967  2914          
AST03S  1900  2808  3032  2809  2774  2040  1733  2815  1773  1433  1438          
AST03S  1910  1415  2098  2258  2206  1927  2194  2131  1913  1274  2169          
AST03S  1920  1988  2383  2098  2387  2502  2948  2250  1406  1886  1834          
AST03S  1930  1017  1297  1215  2108  1202  1572   712  1785  1461  1825          
AST03S  1940  1169  1344  1661  1387  1384  1483  1898  1410  1801  1688          
AST03S  1950  1503  1851  1396  2327  2543  2305  2779  2866  3177  3285          
AST03S  1960  3659  2992  1580  2481  2029  1680   975   523   517   611          
AST03S  1970   506   450   598   548   764   937  1146   892  1223  1114          
AST03S  1980  1073  1157  1652  1155  1533  1817  1755  1453   789   896          
AST03S  1990  2025  2140  1973  2165  2341  2308  2352  2290  3806  2282          
AST03S  2000  2912  3026  3881  2368  2240  2394  2169  1807  1308  2405          
AST03S  2010  2211  1660  1337  2299   650 -9999                                  
AST06W  1826   916   835   809   838                                              
AST06W  1830  1392  1401  1429  1316  1176  1460  1864  1570  1071  1205          
AST06W  1840  1898  1947  2116   633  2206  1577  2111  2431  2614  1401          
AST06W  1850  2422  2678  2469  1253  1877  2373  2099  2533  2336  3008          
AST06W  1860  2569  2317  2796  3196  1364  1450  1559  1971  3159  3408          
AST06W  1870  3755  3723  3146  3102  2131  2596  2713  2021  1358  2212          
AST06W  1880  1977  1701  1790  1902  2017  1994  2002  2783  1989  2892          
AST06W  1890  2473  2424  2417  2063  2833  1972  2875  2594  3076  2209          
AST06W  1900  2140  3073  2619  3007  2935  2613  3401  2572  2697  1777          
AST06W  1910  2031  3224  2500  2322  2073  2453  2549  1818  1498  2844          
AST06W  1920  2803  3566  3351  2720  2222  2354  2847  2441  2672  2132          
AST06W  1930  1864  1999  3019  2682  2428  2695  2048  2822  1329  2275          
AST06W  1940  2001  1855  2675  2497  2382  2476  2586  2913  2807  3326          
AST06W  1950  2494  2842  1747  1727  1119   992  1385  1247  1628  1155          
AST06W  1960  1032  1342   578   796   897   549   525   667   676   858          
AST06W  1970   938   902   672  1269  1323  1054  1279  1287  2097  1405          
AST06W  1980  2046  1749  2360  1523  2478  3430  3399  2765  1382  2337          
AST06W  1990  2765  1798  1614  1969  2307  2637  2244  2146  2814  2113          
AST06W  2000  1986  2156  2264  1618  2040  1332  1306  1577  1683  1537          
AST06W  2010  1598  1004  1760  1803   460 -9999                                  
