ASR02E  1894  1912  1988  2520  2510  2314  2541                                  
ASR02E  1900  2074  2622  3765  4300  4198  4473  4543  2972  3444  2296          
ASR02E  1910  1834  1802  2372  1973  2243  2917  3236  4094  2162  2971          
ASR02E  1920  4096  3513  2980  2293  2611  2477  2526  2397  2992  2260          
ASR02E  1930  2012  2123  2970  2386  3031  3354  2105  2459  2341  1957          
ASR02E  1940  2291  2462  2462  1849  1648  1489  1813  2664  2289  2999          
ASR02E  1950  2740  2604  1681  1600  1493  1381  1443  1301  1447  1039          
ASR02E  1960  1122  1323   948  1330  1384  1292  1155  1745  2174  1684          
ASR02E  1970  2390  2289  2070  2041  1946  2312  1975  1967  2224  2206          
ASR02E  1980  2000  2091  2318  1902  2060  2601  2549  2111  1550  1772          
ASR02E  1990  1918  1248  2132  1933  2140  2280  2075  1755  2171  1624          
ASR02E  2000  2252  1993  2187  1654  1756  1578  2128  1939  2038  2121          
ASR02E  2010  1739  1498  1823  1948  1211 -9999                                  
ASR01W  1901  3115  2715  2280  2314  2153  2901  2481  2636  2205                
ASR01W  1910  1827  2434  2481  1819  2060  2748  2899  3128  2238  2701          
ASR01W  1920  2518  2501  2481  2341  2604  2457  2668  2399  2885  2296          
ASR01W  1930  2353  2423  2410  2698  2838  3188  2448  3052  2386  2403          
ASR01W  1940  2501  2600  2944  2587  2278  2039  2240  2356  2477  2565          
ASR01W  1950  2558  2579  1781  1996  2101  1750  1144  1171  1329  1089          
ASR01W  1960   993  1530  1295  1774  1835  1805  1745  2266  2815  3294          
ASR01W  1970  2816  2399  2692  2345  2420  2683  2064  1777  2469  2458          
ASR01W  1980  2742  2540  3105  2838  2646  3495  3433  2966  2678  2792          
ASR01W  1990  2511  1778  2121  2726  2746  2942  2606  2338  2538  2066          
ASR01W  2000  2828  2527  2648  2496  2868  2202  2374  2365  2233  2345          
ASR01W  2010  1631  1599  2141  1830  1146 -9999                                  
ASR01E  1881   380   275   427   636   743   784  1061   919   799                
ASR01E  1890   533   499   599   501  1207  2042  3568  3340  3144  2820          
ASR01E  1900  2118  2548  2621  2302  2164  1956  2173  2054  2039  1885          
ASR01E  1910  1606  1880  2143  1743  1869  2307  2516  2354  1775  2170          
ASR01E  1920  1980  2136  2037  1820  2042  2093  2325  2041  2421  1935          
ASR01E  1930  1816  1773  1975  2112  1884  2046  1805  2078  1315  1474          
ASR01E  1940  1708  1709  1951  1820  1683  1292  1458  1336  1609  1882          
ASR01E  1950  1728  1552  1284  1546  1404  1061   729   767   750   716          
ASR01E  1960   669  1121  1087  1051  1206  1281  1049  1370  1728  1806          
ASR01E  1970  1705  1596  1263  1741  1689  2112  1312  1041  1587  1339          
ASR01E  1980  1566  1325  1680  1565  1218  2099  1638  1536  1196  1104          
ASR01E  1990  1277   918  1441  1978  1475  1718  1245  1084  1185   924          
ASR01E  2000  1424  1236  1162   745  1149  1165  1059   906  1081   989          
ASR01E  2010   928   788   790   563   475 -9999                                  
ASR04S  1875  1510  1526  1610  2389  2540                                        
ASR04S  1880  2544  2358  2473  2983  2645  2363  2106  2306  2795  3333          
ASR04S  1890  2751  2947  3303  2595  3140  3092  3582  3117  3379  2810          
ASR04S  1900  2994  3453  3830  3468  3535  3236  3900  3105  3607  2818          
ASR04S  1910  2812  2903  3016  2571  2752  3531  3561  3507  2702  3037          
ASR04S  1920  3405  3908  3520  3589  3387  3047  2925  3430  4200  3205          
ASR04S  1930  2886  3256  2987  3059  2882  3332  2506  3197  2735  1712          
ASR04S  1940  2056  2550  2585  2068  2419  2546  2523  2609  2675  2606          
ASR04S  1950  3171  2386  1397  2179  2356  1984  1334  1848  1921  1179          
ASR04S  1960  1085  2267  2029  2140  2057  1811  1830  2317  2984  3663          
ASR04S  1970  3095  2519  2645  3166  2703  2997  3117  2497  2987  3332          
ASR04S  1980  3602  2430  1876  2470  2046  2521  2374  2455  1995  1825          
ASR04S  1990  1958  1380  1853  1839  1614  1829  1971  1480  1451  1803          
ASR04S  2000  1927  1520  1608  1793  2245  1573  1382  1999  2023  1835          
ASR04S  2010  1573  1337  2040  2221  1651 -9999                                  
ASR04NE 1907  4360  4277  3415                                                    
ASR04NE 1910  3534  3438  4132  3390  3841  4491  4438  4444  3837  4146          
ASR04NE 1920  4672  4844  4246  4387  4229  3533  3179  3609  4431  3822          
ASR04NE 1930  3677  3944  3596  4337  3349  4111  3156  4204  3091  2173          
ASR04NE 1940  2475  2993  3232  2754  3043  3431  3533  3611  3137  3284          
ASR04NE 1950  3453  2770  1586  2284  2533  2347  1916  2479  2641  1271          
ASR04NE 1960  1399  2711  2327  2702  2423  2159  2182  2725  4059  4633          
ASR04NE 1970  3371  3086  4232  4702  3882  3909  4139  3716  3891  4469          
ASR04NE 1980  3807  2563  2700  3072  2563  3572  3379  3755  2870  3001          
ASR04NE 1990  2888  1963  2662  2511  2184  2476  2822  2091  2451  2903          
ASR04NE 2000  3101  2113  1969  2661  3055  1950  1751  2260  2057  2188          
ASR04NE 2010  1566  1253  1941  2093  1482 -9999                                  
ASR03W  1884  1690  1399  1748  1125  1293  1629                                  
ASR03W  1890  1245  1698  1573  1724  1472  1255  1862  2107  1804  2546          
ASR03W  1900  2125  2896  4092  3185  3216  2914  3927  2951  3073  2064          
ASR03W  1910  1856  1928  2342  1565  1698  2206  2560  2879  2028  2228          
ASR03W  1920  2195  2333  2375  1532  1941  2185  2821  2135  2801  2301          
ASR03W  1930  2119  1353  1709  1467  1612  2348  1844  2496  2221  1886          
ASR03W  1940  2035  2576  2508  1638  1772  1353  1621  2343  2175  2558          
ASR03W  1950  2541  2294  1383  1692  1529  1191  1033  1702  1976   997          
ASR03W  1960  1256  2353  1708  2235  2408  2565  1662  2311  2560  3462          
ASR03W  1970  3354  2527  2251  2966  3655  3500  3506  1576  3116  3478          
ASR03W  1980  2802  2303  2583  2317  1901  2629  2881  2395  2163  2799          
ASR03W  1990  2601  1474  1663  2823  1995  1843  2702  2059  2250  2146          
ASR03W  2000  2570  1939  2212  1891  2451  2055  2096  2104  2906  2246          
ASR03W  2010  2225  1532  1124  1638  1283 -9999                                  
ASR03E  1878  1403  2083                                                          
ASR03E  1880  2277  2232  2142  2802  2685  2029  2624  1614  1697  3137          
ASR03E  1890  2284  2663  2629  2228  1672  1601  2073  2194  1972  2613          
ASR03E  1900  2287  2882  3711  3952  3725  2985  3895  3304  3492  2605          
ASR03E  1910  2142  2037  2638  2013  2164  2926  3081  3579  2228  2907          
ASR03E  1920  3390  3011  3005  2437  2377  1999  3176  2266  3189  2990          
ASR03E  1930  2568  1885  2863  2190  2316  3710  2345  3054  3162  2824          
ASR03E  1940  3245  3790  3659  2716  2635  1671  2466  3460  3616  4135          
ASR03E  1950  3369  3431  1611  1959  2019  1554  1185  2052  2332  1154          
ASR03E  1960  1386  2118  1642  2017  2071  2197  1585  2310  2569  2624          
ASR03E  1970  2968  1828  1717  1700  2407  3620  2569  1168  2500  3120          
ASR03E  1980  2133  1983  3612  2251  1776  2035  2994  2821  2039  3290          
ASR03E  1990  2680  1533  1984  2703  1927  1793  2691  2122  2634  1997          
ASR03E  2000  2353  1856  2194  2122  2229  2210  2126  1744  2331  1719          
ASR03E  2010  1555  1427  1386  1682  1406 -9999                                  
ASR02W  1863  1349   844  1641  1075  1946  1491  1932                            
ASR02W  1870  1438  1337  1743  1659  1091  1476  1843  2330   933  1144          
ASR02W  1880  1405  1635  1642  2014  1911  1537  1972  1835  1575  2513          
ASR02W  1890  2161  2627  3085  2259  1998  1964  2975  2441  2439  2566          
ASR02W  1900  2005  2472  3532  4046  4450  4495  5109  3583  4212  2580          
ASR02W  1910  2200  2649  3621  2856  2544  3273  3785  4447  2709  3536          
ASR02W  1920  4726  4185  3504  2911  2948  2765  2537  2521  3225  2500          
ASR02W  1930  2235  2411  2844  2549  2506  3427  2453  3073  2978  2627          
ASR02W  1940  2971  3185  3447  2380  2370  1927  2332  3013  2617  3004          
ASR02W  1950  2386  1989  1441  1847  1821  1899  1715  1178  1911  1528          
ASR02W  1960  1418  1633  1037  1753  1753  1413  1362  1737  2477  2087          
ASR02W  1970  2956  2494  2559  2233  2380  2973  2911  2287  3021  3107          
ASR02W  1980  2944  2989  3132  2492  2570  3437  3553  2823  2089  2376          
ASR02W  1990  2611  1966  2224  2339  2409  2473  2617  2046  2731  2277          
ASR02W  2000  3184  2826  3301  2771  2775  2054  2793  2206  2385  2454          
ASR02W  2010  1969  1895  2302  2355  1359 -9999                                  
