BTT01A  1804  1699  1869  2036  1668  1146   814
BTT01A  1810  1091  1142   864   534   475  1006   299  1405  1182  1490
BTT01A  1820   949   657  1158  1869  1840  2222  1766  1469  2381  1426
BTT01A  1830  1224   515   738   525   652  1018   930   599   709   553
BTT01A  1840  1008   946  1293  1004  1382  1488  1241  1884  1643  1689
BTT01A  1850  1327  1771  1857  1692  1680  1989  1925  1886  1764  1703
BTT01A  1860  1118  1635  2183  1736  1458   942  1335  1006  1189  1343
BTT01A  1870  1007  1235  1514  1188  1550  2680  2473  1992  1650  2003
BTT01A  1880  2580  2826  3329  2178  2181  2270  1595  1000   663  1038
BTT01A  1890  2107  1470  1551  1007  1627   835  1092  1708  1333  1066
BTT01A  1900  1242  1991  1392  1551   971  1199  1490  1187   920  1211
BTT01A  1910  1209  1186  1150  1947   895  1040  1295   931   931   956
BTT01A  1920   834  2516  2008  1004   884   810   653  1645  1403   968
BTT01A  1930   701  1137   968  1391  1343  1018  1463  2190  1601  1151
BTT01A  1940   825   582  1295   754   631  1004   738   883  1199  2662
BTT01A  1950  1464  1162  1973   449   678  1031  1356  2798  1806  1504
BTT01A  1960  1550  1104  1331   933  1151   776  1078   654   934   459
BTT01A  1970   607   656   678   693   992   656   752   992   752   411
BTT01A  1980   558   508   727   884   681   633   635   618   619   853
BTT01A  1990   961  1357  1108   824   800   911   836   924  1141  1883
BTT01A  2000  1676  2211  1666  2266  4018  1935  1402  1249  1520  1818
BTT01A  2010  2176  4276  3838  5383  4851  3623  4267  5352  3372 -9999
BTT01B  1869   659
BTT01B  1870   632   732   659   473   503   790  1194  1133  1458  1465
BTT01B  1880  1300  1297  1914  1189  1538  1109  1139   971  1189  1703
BTT01B  1890  2005  1649  1989  1410  1730   585   768  1413  1303   985
BTT01B  1900  1273  2348  2297  2671  1263   953  1606  1564  1252  1702
BTT01B  1910  1615  1333  1629  2524   983  1728  2386  1398   953  1260
BTT01B  1920   826   940  2082  2617  1410  1112   457   917  2228  1459
BTT01B  1930   895   807  1102   847  1253  1407   648  1399  1793  1725
BTT01B  1940  1152   919   730  1039   704   821  1225   758  1317  1859
BTT01B  1950  3297  2070  1322  1974   985   987  1228  2074  1356  1101
BTT01B  1960  1354  1101   944   955   981   592  1006  1004   944   363
BTT01B  1970   375   592  1113  1173  1548   812   822  1282   738   631
BTT01B  1980  1129   509  1167   922   740   666   497   509   425   703
BTT01B  1990   881  1502  1127   907  1540  1685  1478  1562  2403  4257
BTT01B  2000  3260  3996  1831  1734  2676  1647  1453  1649  2508  3684
BTT01B  2010  5120  6533  4645  7206  7236  4732  3606  4966  3132 -9999
BTT02A  1896   891  1018   426   404
BTT02A  1900   468   857   814   779  1097   866  1148   997  1143   902
BTT02A  1910  1401  1050  1187  1870  1259  1538  1556  1175   895  1264
BTT02A  1920  1314  1300  1205  1612  1673  1393  1141   678  1105  1578
BTT02A  1930  1740  1302  1767  1829  1575  1716  1173  2139  2397  1862
BTT02A  1940  1273  1214  1275  1429  1050  1704  2151  1525  2511  2281
BTT02A  1950  2966  2288  1828  2287  1597  1671  1152  2265  1687  1831
BTT02A  1960  2250  1491  2461  1903  1216  1108  2416  2380  2693  1428
BTT02A  1970  1716  1408  2987  2262  2929  1822  1666  1932  1588  1962
BTT02A  1980  2138  1433  1769  1819  1278  1936   631  1445  1054  1201
BTT02A  1990  2463  4149  3514  2854  2969  3592  3071  2838  2604  2604
BTT02A  2000  2639  3075  2567  2796  4011  2476  2641  2491  2698  3299
BTT02A  2010  3580  4074  4887  6651  4574  4249  3700  4058  3019 -9999
BTT02B  1875  4622  2746  3424  2674  2401
BTT02B  1880  1565  1797  1551  1382   740   935   695  1125  1366  1319
BTT02B  1890  1040   520   411  1875  1901  1080  1017  2184  1660   932
BTT02B  1900   794  1181  1396  1069  1227  1146  1399  1060  1158  1046
BTT02B  1910  1533   922  1623  1814   945  1736  1563  1029   811  1029
BTT02B  1920   859   968  1041  1174  1548  1500  1633  1076  2456  2697
BTT02B  1930  1924  2117  2237  2107  2060  2286  1392  2069  2939  1657
BTT02B  1940  1540  1283  1355  1828  1753  2230  2289  2310  3206  2812
BTT02B  1950  3815  3761  2758  3062  1903  1953  1611  2396  1781  1851
BTT02B  1960  2460  1984  2324  1816  1610  1137  2166  1962  2252  1163
BTT02B  1970  1343  1322  2826  2101  2496  1382  1623  1792  1259  1407
BTT02B  1980  1828   834  1465  1406  1017  1633   521  1174  1162  1573
BTT02B  1990  2299  2822  1976  2361  2423  3093  2187  1778  2457  2689
BTT02B  2000  2945  3970  2134  2345  3447  2879  3171  2290  2899  2832
BTT02B  2010  3971  3531  2228  3875  3025  3542  2992  4254  2990 -9999
BTT03A  1863  2012  1433  1410  1829  1550  1102  1016
BTT03A  1870  1198  1161   896  1209   932  1004  1804  1234   931   692
BTT03A  1880   840  1001   982   953   736   682   716   681  1344   971
BTT03A  1890  1211  1023  1200   740   704   387   215   804   455   482
BTT03A  1900   528   907   525   674   391   320   257   235   158   293
BTT03A  1910   257   270   343   496   347   572   438   299   247   432
BTT03A  1920   287   212   321   575   796   444   334   417   846   494
BTT03A  1930   363   487   333   642   861   564   216   521   666   557
BTT03A  1940   342   414   572   561   267   442   436   134   194   425
BTT03A  1950   722   573   570   545   488   582   695   727   595   547
BTT03A  1960   509   679   533   157   363   473   290   399   605   508
BTT03A  1970   508   580   641   703  1077   717   899  1042   888   788
BTT03A  1980   666   678   726   581   521   618   388   339   230   389
BTT03A  1990   303   596   655   498   485   847   571   545   133   206
BTT03A  2000   169   411   242   316   278   278   314   485   448   580
BTT03A  2010   606   693  1100  1524  1744  1769  1598  1588  1743 -9999
BTT03B  1858  1165   783
BTT03B  1860   825   745  1386  1503  1026  1242   973  1396  1508  1523
BTT03B  1870  1237  2052  1381  1382   914  1382  1864  1577  1446  1241
BTT03B  1880  2940  2561  2674  1446  2411  1282  1053  1440  1115  1900
BTT03B  1890  2239  1189  1322  1212  1357   836   823  1733   936  1006
BTT03B  1900   730  2194  1758  1091   497   448   427   436   243   412
BTT03B  1910   437   414   451   521   449   436   449   425   377   485
BTT03B  1920   533   414   375   690   532   366   290   317   643   436
BTT03B  1930   290   558   282   414   818   762   217   812  1005   787
BTT03B  1940   690   653   643   690   513   546   786   606   328   931
BTT03B  1950  1089   967   885  1926  1185  1185  1212  1380  1451  1367
BTT03B  1960   919  1512  1259   992  1294  1137  1113   858   871   739
BTT03B  1970   767   751   883   873   921   570   546   872   605   449
BTT03B  1980   774   497   363   302   315   328   316   340   351   339
BTT03B  1990   363   509   509   412   810   266   317   364   338   279
BTT03B  2000   508   713   557   315   218   217   303   254   641   533
BTT03B  2010   665   850  1418  2280  2292  2119  1361   925  1550 -9999
BTT04A  1769  1226
BTT04A  1770  1006   666   810   606   521   266   436   546   557   484
BTT04A  1780   303  1077  1524  1983   702   811   375   666   448   254
BTT04A  1790   206   266   387   521   508   472   702  1163  1258  1040
BTT04A  1800   848  1512  1660  1209   896   666   217   328   266   315
BTT04A  1810   424   363   423   451   945   157   351   557   413   304
BTT04A  1820   654   401   323   315   436   338   279   291   537   629
BTT04A  1830   871   411   375   206   121   254   169   157   218   145
BTT04A  1840   399   302   327   266    86   134   134    60   109   133
BTT04A  1850   135    73   157   195    99   122   279   314   194   545
BTT04A  1860   557   678   971  1150   679   822   690   751   618  1200
BTT04A  1870  1772  2095  2065  1114   721  1593  1714  1151  1082   609
BTT04A  1880   913   918  1316   840  1036   664   478   483   435   681
BTT04A  1890   257   255   547   648  1388   772   700  1655   955  1095
BTT04A  1900   939  1497  2156  2280  1396  1966  2454  1749  1881  2078
BTT04A  1910  2138  1729  2043  2835  1553  1239  1563  1561   848   934
BTT04A  1920   896  1391  1573  2082  1828   943   872  1150  2094  1550
BTT04A  1930  1140   862  1238   970  1273  1322   827  1769  3188  2178
BTT04A  1940  1768  1956  1542  1335   791   799   946  1078  1697  1488
BTT04A  1950  2385  1755  1757  2045  1380  1357  1310  1952  1296  1126
BTT04A  1960  1725  1229  1248  1133   970   656  1045  1338  1930   887
BTT04A  1970  1286  1215  1856  1861  2145   987   976   962   570   691
BTT04A  1980   995   400   715   694   630  1033   537   795   574   791
BTT04A  1990  1637  1550  1406  1751  1518  1732  2104  1907  1859  3096
BTT04A  2000  2782  2858  1473  1640  2374  1230  1904  1656  1751  2546
BTT04A  2010  2945  4782  5135  6982  5915  4781  3968  3944  2456 -9999
BTT04B  1866  1198  1499  1381  1058
BTT04B  1870  1016   844   857   926   500   647  1363  1620  1492  1485
BTT04B  1880   778  1265   955  1459  1207  1293   957  1246   770   489
BTT04B  1890   278   110   339   328   462   185   365   776   390   811
BTT04B  1900   730  1362  1181  1103   630   484  1043   975   949  1199
BTT04B  1910  1601  1597  1819  2112  1017  1517  2080  1452   762   677
BTT04B  1920   641  1173  1270  1816  1100   714  1088  1114  1935  2002
BTT04B  1930   959  1066  1695  1429  1125  2189  1092  1937  2273  1573
BTT04B  1940  1028  1083   364   630   413   655   545   617   798   631
BTT04B  1950  1693  1755  1295  1613  1444  1312  1299  1975  1466   823
BTT04B  1960  2256  1678  1165  1477   971   558   828   218  2050  1047
BTT04B  1970   659   707  1301  1275  1683   819  1043  1828   992   840
BTT04B  1980   971   660   825   976   721  1095   575   860   706  1042
BTT04B  1990  2383  2184  2210  1952  2361  1978  2720  2331  2243  1922
BTT04B  2000  2210  2729  2245  2735  1896  1948  2484  2299  2291  3148
BTT04B  2010  4604  7557  5763  5352  4429  4330  4614  4726  2768 -9999
BTT05A  1915  4648  3660  3037  1963  4403
BTT05A  1920  4158  4439  4295  4001  2514  2151  2786  2904  3159  2910
BTT05A  1930  1833  2921  2574  2080  2204  2776  1833  2991  3956  2725
BTT05A  1940  2181  1784  2376  1659   756  1873  1532  1302  3146  3703
BTT05A  1950  3491  3698  1999  2607  1667  1506  1227  1978  1432  1080
BTT05A  1960  1260  1347  1284  1527  1178  1226  1313  1273  1362  1316
BTT05A  1970   914  1707  1557  2635  1554  1712  1725  2089  1277  1251
BTT05A  1980  1210  1079  1538  1430  1271  1199  1065  1320  1149  2445
BTT05A  1990  3556  2443  2383  3981  2734  4100  2455  1880  1779  1223
BTT05A  2000  1766  3023  1928  1760  2401  2518  2240  2289  3171  5288
BTT05A  2010  4433  3983  2809  6851  5121  3499  3218  4715  2798 -9999
BTT05B  1867  2555  1732  1186
BTT05B  1870   902   591   685   379   168   276   317   310   809  1168
BTT05B  1880  1423   869  1510  1574  1396  1079   891   926  1094  1528
BTT05B  1890   975  1106  1500  1379  2045  1702  2240  2028  1397   889
BTT05B  1900  1036   966  1508  1611  1378  1217  1374  1177   963  1018
BTT05B  1910  1470  1014  1869  1498  1139  1747  1676  1452  1092  1953
BTT05B  1920  1653  2755  2653  3560  1987  1587  1342  1721  2207  2014
BTT05B  1930  1757  1573  1138  1140  1059  1102   920  1918  1988  1745
BTT05B  1940  1541  1105  2060  1800   789  1488   810   847  2191  2010
BTT05B  1950  1952  1307   883  1670   677   763  1428  1732  1539   958
BTT05B  1960  1506  1175  1551  1915  1528  1489  1791  1356  1198  1246
BTT05B  1970   811  1173  1149  1560  1633   968  1137  1681   992   725
BTT05B  1980  1493   944  1259  1986  1371   908   655   763   786  1589
BTT05B  1990   968  1610  1294  2338  2082  2691  2421  2347  2844  1923
BTT05B  2000  1403  2358  1549  1874  2191  2782  2419  2540  2648  3777
BTT05B  2010  4971  4551  3667  2854  2759  3701  3512  3623  1926 -9999
BTT06A  1922  2250  2071  2004   869   855  1417  2677  2945
BTT06A  1930  2710  3037  2506  2318  2322  1762  1690  2783  2921  3003
BTT06A  1940  3149  2923  2216  2411  1589  2111  2803  1855  3515  4136
BTT06A  1950  3775  3786  2661  3000  2141  2927  2891  3062  3593  2794
BTT06A  1960  3619  3109  3354  2398  2022  1883  1889  3386  3478  1866
BTT06A  1970  1517  2264  3605  3017  3616  1872  1978  2096  1642  1334
BTT06A  1980  2074  1251  1504  1799  1201  1553   811  1364   963  1610
BTT06A  1990  2705  2720  2456  3123  2534  3838  2776  3040  3079  3291
BTT06A  2000  4209  4098  2074  2801  3004  2786  2158  1938  1985  2142
BTT06A  2010  2674  1524  2639  2895  3121  1778  2879  3085  2017 -9999
BTT06B  1916  1962  1862  2353  3938
BTT06B  1920  2656  1671  1610  1721   713   727  1346  2154  2386  2395
BTT06B  1930  2590  2032  1826  1864  1620  1597  2372  3023  2565  2878
BTT06B  1940  2326  1808  2455  1562  2177  2675  1936  3631  2481  1210
BTT06B  1950  3999  3461  2445  2701  2267  3128  2783  3038  3865  3164
BTT06B  1960  3597  3202  3243  2339  1992  1825  1873  3413  3545  2016
BTT06B  1970  1453  2237  3545  2928  3350  1466  2169  2027  1575  1195
BTT06B  1980  1933  1241  1517  1692  1160  1447   781  1393   878  1632
BTT06B  1990  2578  2659  2406  3072  2485  3713  2696  3014  3277  3400
BTT06B  2000  4378  4187  2181  2885  2961  2778  2133  2087  1790  2162
BTT06B  2010  2658  1654  2481  2873  3040  1842  2787  3113  2038 -9999
BTT07A  1938  2299  2094
BTT07A  1940  2093  1789  1684  1214  1116  1537  1575  1321  1687  1628
BTT07A  1950  2482  2019  1928  1940  1296  1372  1177  1115  1431  1329
BTT07A  1960  2033  2062  1792  1751  1619  1530  1146  1783  1522  1994
BTT07A  1970  1479  1823  2016  2436  2099  1829  1626  1147  1128   955
BTT07A  1980  1322  1166  1189  1868  1716  1460  1316  2314  1425  1911
BTT07A  1990  2807  2788  3236  4568  4520  5141  2400  3023  4144  3333
BTT07A  2000  3273  3020  1689  2827  2581  2402  3373  2013  2946  3023
BTT07A  2010  2438  2797  1265  1890  2138  1775  1691  2297  1075 -9999
BTT07B  1923  1858  1266  1285  1670   955  1158  1866
BTT07B  1930  1726  1725  1558  1623  2069  2933  1723  2483  3772  3311
BTT07B  1940  2756  2556  1736  1284  1043  1007  1019   803   934   984
BTT07B  1950  1335  1340  1272  1673  1051   995   758   449   562   717
BTT07B  1960   993  1130  1269   893   752   808   665  1322  1439  1797
BTT07B  1970  1290  1377  1559  1617  1703  1443  1300   694   637   740
BTT07B  1980  1005   996   764  1464   855   776   602  1378   773  1729
BTT07B  1990  2049  2210  2332  3787  3392  3799  2114  1935  2759  2589
BTT07B  2000  2593  2290   803  1357  1186  1540  1851  1227  2002  1633
BTT07B  2010   917  1196   952  1007  1174   806   940  1422   767 -9999
BTT08A  1797  3054  2569  3011
BTT08A  1800  3174  3013  1852  2731  2683  3096  1964  2387  1799  2168
BTT08A  1810  2328  2304  2230  1395  2363  1430  1798  2431  1820  1124
BTT08A  1820  1864  1922  2369  2382  2499  2929  2465  3065  3305  2484
BTT08A  1830  2696  2033  1457  2120  2101  1607  1475  1635  1874   862
BTT08A  1840  1995  1713  2376  1913  1552  1562  1808  2659  2378  2077
BTT08A  1850  2264  1434  1697  1675  1614  1656  1232  1672  1507  1178
BTT08A  1860  1332  1923  1794  1811  1187  1837  1701  2342  1942  1729
BTT08A  1870  1885  1437  1742  1044  1550  1938  1735  1629  1886   702
BTT08A  1880  1521  1978  1971  1804  2109  1662  2210  1612  1295  1893
BTT08A  1890  1993  2188  2496  1171  1350   750   861  1936  1106   812
BTT08A  1900  1039  1286  1104  1608  1190  1247  1468  1686  1529  1583
BTT08A  1910  1733  1016  1385  2048  1139  2381  1699  1005  1129  1473
BTT08A  1920  1572  1913  2114  2127  1529  1197  1047  1589  1703  1017
BTT08A  1930  1120   774   790   914  1003  1005   698  1461  2289  1905
BTT08A  1940  1625  1397  1703  1601   965  1474  1397  1234  1034  1392
BTT08A  1950  1336  1550  1401  1630  1170   968  1183  1183   969   878
BTT08A  1960  1272  1020  1044   916   852   674   754   662   979   853
BTT08A  1970   929   954  1513  1397  1718  1233  1465  1070  1173   898
BTT08A  1980   869   802  1236  1555  1517  1555   992  1184  1157  1413
BTT08A  1990  2252  2467  2137  1694  1669  1832  1542  1715  1869  2596
BTT08A  2000  1867  1578  1182  1664  2071  2336  2147  2222  2832  2466
BTT08A  2010  2350  2073  2351  2985  2924  2474  3148  3187  3124 -9999
BTT08B  1786  1988  2044  1936  2514
BTT08B  1790  1677  1491  1514   897  1152  1160  1457  1225  1819  2078
BTT08B  1800  1756  2240  2464  2343  2377  1835  1666  2008  1552  1597
BTT08B  1810  1684  1953  2020  1926  1303  1023  1824   859  1357  2017
BTT08B  1820  2694  1767  1341  1898  2303  1938  1882  1791  3865  1959
BTT08B  1830  1898  1602  1260  1565  1785  1464  1575  1505  1497   870
BTT08B  1840  1728  1706  2042  1679  1722  1668  1528  1771  1539  1542
BTT08B  1850  1894  1391  1668  1696  1387  1330  1123  1254  1001   871
BTT08B  1860  1005  1566  1512  1563  1045  1262  1651  1581  1340  1350
BTT08B  1870  1682  1287  1360   852   991  1364  1476  1469  1444   677
BTT08B  1880  1272  1464  1835  1249  1657  1417  1631  1173  1152  1384
BTT08B  1890  1762  1323  1770   949   840   522   433  1209   700   573
BTT08B  1900   789  1364  1133  1312  1042   992  1519  1464  1443  1331
BTT08B  1910  1608  1109  1361  2267  1222  1925  1915  1405  1281  1389
BTT08B  1920  1603  2163  1707  1840  1456  1049  1163  1389  1391  1045
BTT08B  1930   906   979   878   956   986  1032   738  1378  1635  1267
BTT08B  1940  1119  1060   896   809   422   677  1006   800   779  1194
BTT08B  1950  1418  1342  1420  1359  1054   891  1059  1297  1135   904
BTT08B  1960  1121   979  1184  1046  1248  1059  1197  1051  1700  1191
BTT08B  1970  1176  1353  2021  1735  1904  1208  1157  1193  1156   954
BTT08B  1980  1041   914  1349  1461  1438  1709  1157  1297  1337  2077
BTT08B  1990  2644  2701  1997  1664  1808  3037  2145  1755  2255  1904
BTT08B  2000  1493  1392   650  1212  1682  1919  1682  1873  1786  1686
BTT08B  2010  1939  2827  2145  3327  2787  2023  1951  2303  1809 -9999
BTT09A  1900   881   998   676   690   666   742   625   702   718  1174
BTT09A  1910   806   625   764   737   916  1347  1550   864   622   762
BTT09A  1920   699   965  1221  1757  1198   930  1094  1002  1674  1376
BTT09A  1930  1234  1127  1092  1191  1858  1537   813  1132  1233  1119
BTT09A  1940   699   840   882  1083   739   982  1400  1080   965  1043
BTT09A  1950  1473   864   903  1321   953  1105  1297  1765  1067   914
BTT09A  1960  1283   940   991   660   914   749   777   522   863   686
BTT09A  1970   800   724  1003   991  1282   815   749   575   973   576
BTT09A  1980   764   762   992  1042   801  1373   648   901   508   573
BTT09A  1990   534   610   419   470   560   792   604   627   613   994
BTT09A  2000   883  1006  1146  1286  1158   941  1605  1097  1185  1692
BTT09A  2010  1123   817   721  1109   720   359   294   381   510 -9999
BTT09B  1900   818  1185   722   733   926   962   952   683   670   836
BTT09B  1910  1194   818   741   935   925   892   993  1514   930   613
BTT09B  1920  1044  1464  1741  2435  1379  1159  1006  1639  1790  1128
BTT09B  1930   929  1063   980   998  1276  1338   803  1609  1693  1786
BTT09B  1940  1104  1161  1176  1153   950  1005  1319  1045  1039  1143
BTT09B  1950  1399  1023  1151  1736  1393  1229  1374  1536  1378  1034
BTT09B  1960  1537   972  1039   862  1086  1080   887   767   917   808
BTT09B  1970   841  1049  1111  1110  1510  1174  1072  1071  1216   970
BTT09B  1980  1100  1290  1446  1713  1365  1234   656  1084   840  1029
BTT09B  1990   855   917  1040  1275  1155  1614  1777  1417  1774  2297
BTT09B  2000  2281  1550  1793  1253  1215   718   770   940  1481  2100
BTT09B  2010  2815  3339  2921  3201  3602  2394  1851  2048  1731 -9999
BTT10A  1911  1040  1491  1355  1045  1954  1903  1352  1386  3653
BTT10A  1920  3218  3074  2596  2896  2551  1325  1489  1812  1426  1522
BTT10A  1930  1349  1251  1594  1031  1543  1886   735  1112  1870  2085
BTT10A  1940  2254  2361  2908  1978  1540  1999  1657  1087  2218  1993
BTT10A  1950  2712  1843  1492  1975  1084  1093   823  1376  1261  1044
BTT10A  1960  1257  1251  1362  1620  1474  1385  1234  1719  2002  1279
BTT10A  1970  1128  1035  1519  1376  2605  1498  1912  1275  1336  1391
BTT10A  1980  1429  1175  1455  1904  1314  1021   679   870   947   817
BTT10A  1990  1311  1372  1508  1554  1267  1979  1957  2292  2867  2803
BTT10A  2000  2383  1577  1260  1604  1332  1538  1740  1710  2771  3725
BTT10A  2010  6109  5274  5032  4593  4203  3933  3310  2829  2171 -9999
BTT10B  1882   640  1261  1661  1869  1111   902  1042  1168
BTT10B  1890  1691  1467  1132  1118   881  1261   881  1045  1199   667
BTT10B  1900   511   602   694  1189  1580  1162   843   901   692   639
BTT10B  1910   719   829  1321  1776  1474  3049  2706  2291  2031  3318
BTT10B  1920  2929  2723  2724  2557  2212  1844  1168  2132  2033  2260
BTT10B  1930  1966  1904  2169  1366  1649  2039  1734  1816  1631  1662
BTT10B  1940  1523  1053  1402   972   744  1161   929   711  1285  1298
BTT10B  1950  2198  1651  1206  1922  1247  1135  1032  1641  1399  1302
BTT10B  1960  2086  1867  1703  2248  1781  2235  2028  1989  2101  1477
BTT10B  1970  1352  1484  2432  2053  3542  1643  1972  1490  1188  1163
BTT10B  1980  1090   892  1176  1555  1152  1094   992   878   762   979
BTT10B  1990  1677  1793  2188  2172  2362  3061  3543  2819  2922  2693
BTT10B  2000  1982  1436  1486  1449  1310  1779  2095  2337  3023  3379
BTT10B  2010  5436  5335  5413  5593  3738  2797  2351  2591  1587 -9999
BGR01A  1745  1096  1393  1048   751   299
BGR01A  1750   709   777   860   617   655  1009   602   815   319   252
BGR01A  1760   452   727   786   416   717   934   717   547   554   981
BGR01A  1770   714  1871  1853  1409  1682  1372  1935  1494  1579  1174
BGR01A  1780  2328   569  1962  3552  2118  1677  2444  2886  2138  1896
BGR01A  1790  1774  1307  1102  1565  1858  2069  1936  1573   676   819
BGR01A  1800  1062  1160  1542  1599  1689  2223  1357  1112  1397  1555
BGR01A  1810  1780  1541   974   832  1700   914   548  1036   717   538
BGR01A  1820   744   683  1146  1387   980  1020  1044  1858  1888  1253
BGR01A  1830   968   855   985   770  1008   892   960   583   742   658
BGR01A  1840  1037   639   746   702   507   504   472   582   463   295
BGR01A  1850   342   473   344   552   472   663   583   684   413   538
BGR01A  1860   866   857   891   653   542   625   419   742   873   706
BGR01A  1870  1066  1060  1126   681   402  1403  1055   757   986   481
BGR01A  1880   602   748   572   514   807   622   653   734  1172  1620
BGR01A  1890  1275  1045  1186  1274  1164   877   974  2634  1249  1151
BGR01A  1900  1690  1577  2260  3856  2274  1849  2877  1872  1644  1604
BGR01A  1910  1040  1273  1430  2274  1158  1450  2345  1396   894  1461
BGR01A  1920   857  1570  3067  2481  2086   908  1098  1404  3515  2305
BGR01A  1930  1180  1136  1200  1992  3665  2896  1467  2229  1478  2493
BGR01A  1940  1634  2139  1529  2420  1369   752  1073  1463  1249  1046
BGR01A  1950  1870  1871  1139  1497  1201  1151  1420  1602   918  1107
BGR01A  1960  1484  1323  1252   983   968  1033    73   655   981   983
BGR01A  1970   682   859  1152  1982   795   773   658   561   638   976
BGR01A  1980  1024   916   915   865   789   925   649   843   918  1205
BGR01A  1990   811  1295  1440  1447  1158 -9999
BGR01B  1736  1658  1346  1200  1250
BGR01B  1740  1357  1133  1113   980   895   935  1094   931   859   880
BGR01B  1750   580   548   498   587   618   974   790   840   523   341
BGR01B  1760   624   682   939   726   623   738   610   628   612   743
BGR01B  1770   600  1703  1717  1790  1877  1416  1759  1170  1765  1477
BGR01B  1780  2386   878  1612  2757  2283  1994  1406  1446  1378  2010
BGR01B  1790  1591  1037  1316  1940  1741  2314  1931  1424   528   793
BGR01B  1800  1191  1123  1389  1153  1311  2060  1227  1145  1119  1197
BGR01B  1810  1699  1264   846   690  1946  1062   595  1115   912   765
BGR01B  1820  1031   885   988  1131   940   867   785   925   995   877
BGR01B  1830   568   702   975   718   657   591   699   553   610   354
BGR01B  1840   987   557   505   601   482   522   480   709   355   310
BGR01B  1850   248   209   192   348   219   374   422   530   490   694
BGR01B  1860   879  1062   790   643   503   411   359   495   618   572
BGR01B  1870   659   688   924   802   425  1366  1279  1186  1496   693
BGR01B  1880   944  1123  1010   848   949   651   603   771   953  1443
BGR01B  1890   859   784   830  1219  1036   892   539  1637   728   589
BGR01B  1900  1324  1393  2513  3109  1400  1411  1878  1672  1586  1920
BGR01B  1910  2658  1768  1961  2766   895  1264  1733  1142  1039  1556
BGR01B  1920   695  1217  1792  1899  1982   936  1027  1789  3114  2337
BGR01B  1930  1174   989  1186  1449  2333  2703  1455  2137  1679  2683
BGR01B  1940  1653  1808  1610  2327  1036   644   961  1059  1153   992
BGR01B  1950  1683  1745   900  1032   773   872   879  1017   791   997
BGR01B  1960  1180  1217  1172   795   804   840     0   683  1230  1309
BGR01B  1970   804   755  1070   870  1148   874   885   673   522   683
BGR01B  1980   928   853   828   587   581   979   646   654   609   730
BGR01B  1990   802   967  1099  1176  1135 -9999
BGR02A  1773  3048   163  1829  2123  1823  2287  1970
BGR02A  1780  3920  2272  3604  4145  2176  2107  2346  2216  1472  2067
BGR02A  1790  2013  2454  2022  2602  2712  1918  3144  2029  1101  1306
BGR02A  1800  1555  2088  2199  1906  1358  2268  2156  2202   928  1846
BGR02A  1810  1942  1503  1014   989  1448  1220  1120  1472  1270  1123
BGR02A  1820  1475  1107  1494  2297  1458  1758  1323  1922  2880  1158
BGR02A  1830  2100  1614  1678  1195  1372  1001  1339   971  1624  1486
BGR02A  1840  3389  1329  2899  1255  1981  1748  1521  1296   909   803
BGR02A  1850  1044   857  1171  1037   413   922  1183  1372   933   732
BGR02A  1860  1154  1326  1234   782   929   837  1513   987  1667  1294
BGR02A  1870  1553  1102  1410   919   595  1366  1555  1135  1166   795
BGR02A  1880  1761  2261  2126  2890  2231  1881   916  1892  1720  3378
BGR02A  1890  1114  1587  1543  1921  1573  1536  1298  2878  2307  1801
BGR02A  1900  1436  2676  1459  2153  1247  1617  1089  1639  1242  1550
BGR02A  1910  1254  1172  1310  1702  1081  2380  2460  1730  1170  1072
BGR02A  1920  1179  1338  1969  2314  1520   917  1723  2495  3012  1905
BGR02A  1930  1519   963  2128  2056  2453  1985  2519  2901  2862  2556
BGR02A  1940  2212  1780  2828  2410  1737  2196  1776  1582  1519  1440
BGR02A  1950  1576  1808  2276  2041  1196  1621   945  1565   882   997
BGR02A  1960  1024  1521   943  1358   907   789   492  1053   990   768
BGR02A  1970   716   811  1406  1329  1266   516   954   940   764  1037
BGR02A  1980  1271   852  1139  1066  1224  1374   803  1192  1290  1388
BGR02A  1990  1470  1387  1664  1118  1620 -9999
BGR02B  1768  2674  1800
BGR02B  1770  1964  1330  1549  1866   241  1316  1312  1694  2006  1947
BGR02B  1780  3188  1844  2802  3434  1953  1544  1867  2237  1323  1798
BGR02B  1790  1555  1610  1195  2112  2036  1670  2227  2460  1421  1565
BGR02B  1800  1575  2114  1684  1785  1375  1750  1106   948   580  1266
BGR02B  1810  1143  1092   637   392   711   613   728   863  1067  1143
BGR02B  1820   817   937  1031  1827  1059  2180  1324  1949  2752  1377
BGR02B  1830  1844  1322  1071   673  1152  1063  1203   560   844   389
BGR02B  1840   985   695  1133  1165  1443  1123  1052  1320  1157  1005
BGR02B  1850  1454   885   826   846   680  1044   934  1297  1363  1071
BGR02B  1860  1487  1571  1119  1274   974   886  1681  1172  2011  1014
BGR02B  1870  1534   847  1267  1081   828  1250  1553  1428   821   851
BGR02B  1880  1460  1994  1353  2186  2084  1403   987  1112   725  1442
BGR02B  1890   925  1159   689   929   771   906   707  2172  1273   618
BGR02B  1900   659  1582  1086  1650  1131  1005   864  1113   890  1636
BGR02B  1910   863   849   943  1638   869  1187  1134   968   714   833
BGR02B  1920   767   811  1221  1632  1162   279   717   780  1829   574
BGR02B  1930   884   773  1036   830  1376   655  1183  1084  1239  1472
BGR02B  1940  1112   846  1419   807   574   576  1004   668   640   816
BGR02B  1950  1386   824  1207  1502   583  1222   766  1389   736  1044
BGR02B  1960   568  1324   773  1051   675   510   134   414   811   732
BGR02B  1970   648   835   898   737   997   516   567   706  1235   899
BGR02B  1980  1175   555  1056   861   643   934   817   905   685   705
BGR02B  1990   890   786   911   506   826 -9999
BGR03A  1794   903   449   786   889  1272  2306
BGR03A  1800  2994  2702  3390  2524  2306  4185  4023  2521  1724  2919
BGR03A  1810  3188  3211  3109  2304  2976  2238  1685  1665  1699  1700
BGR03A  1820  2966  2120  3558  3901  3643  3950  2625  3554  3070  1930
BGR03A  1830  2349  1826  2059  2534  2635  2152  1579  1756  2106  1500
BGR03A  1840  2744   998   994  1004   937  1009  1052  1061  1220  1201
BGR03A  1850  1313  2143  2119  4033  2845  3991  2820  1899  1337   903
BGR03A  1860   910   524   784   662   971   974  1752  1113  1219  1201
BGR03A  1870  1546  1983  2859  2173   694  1797  1439  1069  1544   608
BGR03A  1880  1401  1703  1528  1254  1872   821   721   876  1046  1949
BGR03A  1890  1456  1226  1878  1587  1323  1621   993  1923   920   694
BGR03A  1900   674  1374  1238  2005   854  1565  1593  1781  1551  1514
BGR03A  1910   750  1055  1235  2209   973  2406  2838  1758  1047  2534
BGR03A  1920  1274  1865  1825  2155  1379   918  1022  1253  2199  1962
BGR03A  1930  1313  1509  1167  1749  2758  1885  1181  2482  2342  1688
BGR03A  1940  1842  1692  1497  1370   634  1009  1722  1112   971   879
BGR03A  1950   779   984   589   743   488   611   753   790   721   800
BGR03A  1960  1416  1546  1228  1159  1233  1351   343  1404   845   609
BGR03A  1970   722   916  1425  1532  1878  1061  1589  1094  1033  1048
BGR03A  1980  1362   750  1324  1002   588   702   517   772   744  1997
BGR03A  1990  1441   977  1059  1003   754 -9999
BGR03B  1783  4055  1369   566   812  2108  2134  1951
BGR03B  1790  2194  2489  3420  4068  3153  1515  1374   387   770   752
BGR03B  1800  1416  1567  2646  3186  3551  2791  2290  2232  1837  2219
BGR03B  1810  2409  2626  2041  2181  2414  2704  2199  2134  2189  1867
BGR03B  1820  2362  1774  2864  3403  3419  4302  3357  3514  3285  2888
BGR03B  1830  2888  2822  2201  2228  1823  1341  1094   847  1036   760
BGR03B  1840  1651   589   875   688  1142  2246  2684  3097  3374  2758
BGR03B  1850  3390  3413  2545  2391   902  1515  1123   910   735   536
BGR03B  1860   922   697  1050  1335  1107  1389  2041  1891  1627  1216
BGR03B  1870  1268  1319  1520  1502   640  2201  1478  1628  2073  1499
BGR03B  1880  2270  1648  1589  1845  2096  1229   755  1212  1581  1754
BGR03B  1890  1320  1459  1238   844  1029  1510   891  1977  1338   842
BGR03B  1900  1016  1269   789  1744   703   901  1029  1388   947  1392
BGR03B  1910  1063  1130   995  1676   858   735  1343  1402  1078  1510
BGR03B  1920  1047  1432  1676  2139  1510   618   994   842  2024  1840
BGR03B  1930  1359  1009  1252  1556  2492  1756  1264  2650  2089  1576
BGR03B  1940  1279  1033   971  1269  1009   621  1237   706   970   909
BGR03B  1950  1855  1378   857  1323   653  1253   778  1470   967  1021
BGR03B  1960  1340  1064   945   653   904   621   180   592   869   859
BGR03B  1970   855  1030  1205  1177  1487   740   947  1158  1003   825
BGR03B  1980  1796   866  1410   900   552   896   613   823   497   910
BGR03B  1990   448   431   810   545   634 -9999
BGR04A  1815   225   294   487   527   372
BGR04A  1820   135   153   246   493   504   694   189   194   264   150
BGR04A  1830   160   298   360   738   734  1046  1223  2931  2956  1429
BGR04A  1840  1619   955  1386  1391  1911  1287  1246  1047  1260  1628
BGR04A  1850  1604  1428  1264  1593   764  1146  1614  2178  1712  1157
BGR04A  1860  1030  1144  1992  1033   891   903  1197  1178   979   776
BGR04A  1870   786  1146  1152   668   787  1068  1215   787  1080   388
BGR04A  1880   774   681   625   599   711   537   400   681  1422  1518
BGR04A  1890 -9999
BGR04C  1900   914  1033  1473  1558  1098   984  1897  1421  1353  1511
BGR04C  1910  1989  1581  2313  2662  1543  2931  3733  2901  2101  2716
BGR04C  1920   858  1343  3426  3330  2594  1516   934  1770  2305  1967
BGR04C  1930  1549  1595  2104  2688  5507  6839  3346  4300  3053  2775
BGR04C  1940  2036  1664  1980  1722   840   877  1438  1131  1370  2394
BGR04C  1950  1983  1756  1490  1709  1729  1777  2681  1587  1325  1226
BGR04C  1960  1799  1370  1386  1072  1036  1338   521  1256  1087  1470
BGR04C  1970  1074  1587  2532  2098  2079  1158  1529  1131  1233  1497
BGR04C  1980  2031  1298  1538  1243  1687  1949  1042  1270  1366  3161
BGR04C  1990  3161  3396  2402  3608  3330 -9999
BGR04B  1819   163
BGR04B  1820   171   166   143   290   308   685   814   946   909   688
BGR04B  1830   581   925   779  1159  1600  1568  1877  1806  1338   796
BGR04B  1840  1154   710  1233  1246  1409  1677  1205  1216  1186  1314
BGR04B  1850  1303  1267  1228  1351  1013  1422  1309  1352  1276  1297
BGR04B  1860   920   917  1466  1154  1130   827  1223  1351  1030   782
BGR04B  1870   748  1016  1096   708   620   734   756   889  1176   553
BGR04B  1880   870   548   746   541   886   667   640   977  1727  1574
BGR04B  1890  1301  1437  1305  1119   993   604   503  1039   826   826
BGR04B  1900   533   546  1125  1483   964  1207  1511  1248  1147  1755
BGR04B  1910  1634  1508  2219  2484  1229  1597  2399  2235  1823  2122
BGR04B  1920   918  1494  2327  2495  1934  1032   876  1601  2190  2258
BGR04B  1930  1779  1717  3010  3152  5850  5472  4358  4598  3277  3110
BGR04B  1940  2992  1894  2016  2321  1237  1463  1455  1289  1830  2447
BGR04B  1950  1943  1990  1393  1635  1567  1580  1853  1831  1354  1670
BGR04B  1960  2220  1921  2468  1512  1207  1407   765  1287  1448  1770
BGR04B  1970  1589  2004  2473  2203  2128  1634  1576  1671  1452  1508
BGR04B  1980  1374  1304  1494  1018  1479  1566   698  1180  1554  2546
BGR04B  1990  2394  2954  2237  2405  2675 -9999
BGR05A  1845  1931  1922  1522  1962  1725
BGR05A  1850  1753  2703  1540  1287  1678  1901  2003  1466  1723  1586
BGR05A  1860  1121  1870  3690  1329  1583  2238  2047  1712  1714  2315
BGR05A  1870  2683  2817  3589  2446  1961  3608  2826  3200  3390  1524
BGR05A  1880  2959  3621  3924  1203  2979  2446  2751  1811  1198  1595
BGR05A  1890  1115  2693  2317  2968   299  2144  4087  4814  1973  2254
BGR05A  1900  1652  3009  2310  1448   871   944  1601  1724  1164  3171
BGR05A  1910  2060  1362  1508  1941   632  2669  2705  3074  1697  3670
BGR05A  1920  1780  1309  1608  1443   779   687   848  1667  1282   704
BGR05A  1930   910   666   980   669   941  1116  1669  2280  2301  2234
BGR05A  1940  1772  2060  2366  2033   981  1255  1195  1025   986  1214
BGR05A  1950  2320  1713  1561  1690   951   216   526   939   824   553
BGR05A  1960  1234   789   718   880   815   685   149  1364  1345  1069
BGR05A  1970   762  1111  1733  1634  1903  1139  1806  1663  1046  1534
BGR05A  1980  2063  1431  2235  1513   908  2384  1638  1310  1320  4785
BGR05A  1990  3270  2798  3004  2994  2619 -9999
BGR05B  1840  2370  1770  2871  2107  1681  1701  1459  3202  2633  2156
BGR05B  1850  2922  2756  2186  1578  2492  3111  1070  1449  1295  1230
BGR05B  1860  1700  2743  3181  1803  1732  2230  2059  2230  2824  2685
BGR05B  1870  3446  2935  3826  2434  2002  2960  2906  3187  3969  2137
BGR05B  1880  2594  3262  2873   883  2422  1781  1662  2372  2353  2612
BGR05B  1890  2511  2125  3092  2308   452  2201  2350  4346  1706  1310
BGR05B  1900  2066  2446  3039  3273  1254  1316  1655  1561  1348  2092
BGR05B  1910  2024  1586  1538  3035  1020  2560  2064  1423   864  1774
BGR05B  1920  1162   836  2129  2741  1706  1056   707   970  1478   950
BGR05B  1930   819  1119   830   544  1062  1367  1026  1781  1465  1981
BGR05B  1940  1123  1546  1636  1845   927   991  1590  1074  1151  1532
BGR05B  1950  2049  1395  1112  1701  1096   461   814   674   634   385
BGR05B  1960  1267  1125  1294  1206  1130   544    60   625   711   695
BGR05B  1970   866  1199  1505  1626  2054  1321  1940  1809  1206   903
BGR05B  1980  1487  1168  1357  1111   643   808   614   911   744  2303
BGR05B  1990  2600  2416  2500  2716  3232 -9999
BGR06A  1747  2015  1099  1238
BGR06A  1750   921   427   345   478   353   187   406   438   912   956
BGR06A  1760  1062  1215   528   477   354   633   940  1360  2796  2134
BGR06A  1770  1916  2548  2100  2479   225  1145  1730  1643  1524   790
BGR06A  1780  1749  2881  4750  4792  2301  1420  2080  2264  1888  2091
BGR06A  1790  2159  2679  3290  3465  3078  2435  2918  1237   754  1007
BGR06A  1800   982   967  1381  1329  1167  1261  1838  2546  1771  1484
BGR06A  1810  1327  1311  1081  1174  1817  1721  1632  2260  1925  1970
BGR06A  1820  2333  1088  1135  1288  2267  3182  1997  2976  2756  2860
BGR06A  1830  1984  2134  1587  1785  1870  1694  1851  1692  1926   540
BGR06A  1840  1902  1350  1104  1865  2014  2002  1258  1137   896  1260
BGR06A  1850  1989  2058  1783  2170  1539  2005  1011   584   856   868
BGR06A  1860  1476  2616  3792  2380  1539  1583  2577  2680  1792  1131
BGR06A  1870  1076  1551  1579  1207   695  1644  2309  1677  2111  1149
BGR06A  1880  1471   916   963  1103  1557   768   540   988  1041  1671
BGR06A  1890  1708  1951  2637  1757  2203  1492   896  2918  1867  1669
BGR06A  1900   821   735   922  2078   854   986  1225  1528  1095  2011
BGR06A  1910  2152  1595  1687  2080   730  1552  2774  2581  1431  1789
BGR06A  1920  1198  1246  2781  3474  2526  1302   633  1679  2809  2918
BGR06A  1930  2437  2626  3275  3497  2387  3237  1674  2020  3505  2402
BGR06A  1940  2116  2088  2259  3525  1693  1977  2718  1613  2391  2955
BGR06A  1950  2528  2357  1643   733   480   544   729  1026   991   981
BGR06A  1960  1778  1720  1355   607   622   590   119   994   944   907
BGR06A  1970   749   826  1584  3074  3063  1936  1205   584   515   504
BGR06A  1980   766   643   905   779   607   553   536   688   771  1563
BGR06A  1990  1745  1553  1452  1787  1300 -9999
BGR06B  1751   133   152   292   287   197   457   429   400   318
BGR06B  1760   302   398   249   518   424   642  1032  1352  2785  2338
BGR06B  1770  2104  2421  1536  2030    92  1865  2026  2444  1827   932
BGR06B  1780  2052  3487  5578  5333  1976  1359  2309  2769  2357  1747
BGR06B  1790  2005  2732  2496  3589  3788  3151  4291  1384  1203  1581
BGR06B  1800  1497  1333  1892  2144  1694  2002  1775  1637   929   932
BGR06B  1810   907  1274  1383  1416  1932  1850  1767  1979  1458  1558
BGR06B  1820  2756  1659  1790  1128  1495  2743  2280  2466  2807  2894
BGR06B  1830  2092  2148  2333  2816  2914  1949  1390  1367  1502   890
BGR06B  1840  2739  1933  1942  2223  1525  1875  1862  1288  1056  1267
BGR06B  1850  1920  1748  1346  1455   901  1173  1411  1171  1385  1292
BGR06B  1860  1313  1453  1935  1846  1094   867  1122  1207  1536  1606
BGR06B  1870  1788  1903  1689  1194   668  1088  1562  1071  1429   916
BGR06B  1880  1079  1498  1856  1490  1399   901   596   995   921  1468
BGR06B  1890   981  1238  1875  1615  1634  1549   676  1830   579  1462
BGR06B  1900  1086  2071  1871  2219   945   826  1348  1625  1186  1293
BGR06B  1910  1055  1269  1389  1839  1113  1718  2779  1684   944  1809
BGR06B  1920  1010   907  1234  2071  1117   735   653  1017  1330  1563
BGR06B  1930  1425  1483  1972  2124  2611  2096  1247  1374  1186  1298
BGR06B  1940  1250  1574  1577  1714   990  1135  2365  1820  1756  2367
BGR06B  1950  1968  1975  1048   700   658   936  1000  1023   884   933
BGR06B  1960  1440  1627  1545   885   985   897   413   683   970   843
BGR06B  1970   822   892  1129   982  1175   950   890   795   854   866
BGR06B  1980  1345  1078   991   794   596   549   469   685   764  1142
BGR06B  1990   823  1070  1712  1992  1428 -9999
BGR11B  1795  4973  4879  3799  1839  1447
BGR11B  1800  1158  1374  2276  2322  2761  2969  3454  2657  1693  1960
BGR11B  1810  1813  1244   819   558  1050   827   429   728   773   988
BGR11B  1820  1756   993  1291  2022  1525  1969  1738  2516  2489  1603
BGR11B  1830  1504  1151  1107  1007  1377  1217  1376   988   724   799
BGR11B  1840  1477   984  1018  1321   697  1602  1780  1256  1272  1335
BGR11B  1850  2025  2069  2340  2054  2762  2703  2004  2199  1554  1824
BGR11B  1860  1922  1868  2321  1196  1584  1261  1924  1296  1429  1423
BGR11B  1870  4421  1679  1118  1161   680  1234  1223   948  1337   801
BGR11B  1880  1238  1088   856   858  1343   868   914  1031  1091  1208
BGR11B  1890  1558  1361  1752  1136   876  1226   982  2300  1381  1544
BGR11B  1900  1939  2252  2080  2924  1877  2083  2955  2711  2065  2906
BGR11B  1910  2278  1908  1859  2799  1358  2618  2273  2028   895  1923
BGR11B  1920   894  1236  2539  2670  2358  1212  1549  1756  2770  3187
BGR11B  1930  1478  1577  1387  1593  1689  1245   957  1946  1511  1982
BGR11B  1940   945  1256  1399  1725  1327   848  1124   944   732  1283
BGR11B  1950  1749  1457  1186  1628  1322  1457  1696  1838  1009  1092
BGR11B  1960  1798  2124   939   860   873   560   826  1016   943  1011
BGR11B  1970  1130  1597  1534  1199  1106   750   676   498   512   726
BGR11B  1980   650   477   729   765   579   716   485   709   657   853
BGR11B  1990   876   837  1131   983  1305  2097 -9999
BGR13A  1785   739   977  2551  2200  1405
BGR13A  1790  1464  2505  2594  3337  2901   934   986   223  1043  2451
BGR13A  1800  3055  2689  2817  2123  1722  2912  3703  3773  2659  2350
BGR13A  1810  2874  2963  2761  3177  4092  3654  2172  2819  1748  2094
BGR13A  1820  3122  2385  3269  3662  3381  4314  3902  4217  4769  3210
BGR13A  1830  3465  2638  2097  1838  1639  1124  1089  1454  1680  1086
BGR13A  1840  2562  1824  1543   944   825  1200  1660  2053  1866  1538
BGR13A  1850  2085  2380  1278  2103  1369  2130  1833  1539  1028   995
BGR13A  1860  1189  1057  1577  1338  1413  2090  2136  1962  1658  1133
BGR13A  1870  1100  1419  2095  1947   727  2139  1280  1204  1623  1313
BGR13A  1880  1050  1568  1632  1846  2379  1175   744  1351  1575  1961
BGR13A  1890   996  1060  1406  1100  1185   979  1052  2421  1936  1292
BGR13A  1900  1017  1091   827  1497   891   841  1407  1463  1140  1204
BGR13A  1910  1069  1313  1188  1832   617  1876  3265  2093  1135  1980
BGR13A  1920  1306  1363  1440  2067  1486   911   988  1258  2312  1918
BGR13A  1930  1132  1402  1580  2443  2964  2493  1153  1537  2393  1713
BGR13A  1940  1740  1478  1697  2827  1795  1476  1806  1049  1061  1314
BGR13A  1950  1548  1357   842  1034   748   594  1034  1092   766  1039
BGR13A  1960   804   768   845   516  1138   804   237   874   709   738
BGR13A  1970   745   892  1290   988  1292   981  1217  1163  1112   850
BGR13A  1980  1413   852  1353  1078   514   868   717   873   598  1595
BGR13A  1990   989  1056  1558  1421  1242  1070 -9999
BGR13B  1793  2552  1270  1208  1764   816  1233  1353
BGR13B  1800  1463  1255  1635  1311  2379  2216  1957  1441  1185  2655
BGR13B  1810  2735  3387  2977  2404  2478  2433  1750  2114  2485  2173
BGR13B  1820  2944  2070  2794  3080  2388  3317  1959  2083  2214  1425
BGR13B  1830  1858  1693  2242  3123  3552  2561  1904  2187  2264  1325
BGR13B  1840  2225   895  1089   874   860  1827  1750  2475  3265  3183
BGR13B  1850  3307  3873  3427  4103  1393  1783  1440  1434   955   844
BGR13B  1860  1160   622   774   860  1264  1253  2180  2046  2058  1039
BGR13B  1870  1012   888  1104   854   381  1666  1093  1354  1928   920
BGR13B  1880  1951  1586  1363  1270  1654  1040   843  1004  1203  1434
BGR13B  1890  1241  1080  1110   820   716  1514   947  1879   991   746
BGR13B  1900   736  1210   853  1362   728   919  1293  1847   948  1425
BGR13B  1910  1397  1103  1227  1913   903   777  1432  1586   877  1496
BGR13B  1920   974  1286  1544  1583  1221   439   715   830  1744  2079
BGR13B  1930   991   831   900  1786  2146  1548   988  2868  1867  1352
BGR13B  1940   867   768   800  1147  1064   865  1608   882  1266  1120
BGR13B  1950  1320  1320   806  1402   645  1233   939  1642  1011  1173
BGR13B  1960  1095  1046   921   836   684   754   340   769   901   745
BGR13B  1970   851   967  1423  1086  1336   833   831  1118  1043   987
BGR13B  1980  2131   922  1757   887   675  1134   619   713   694   828
BGR13B  1990   708   597   952   568   896  1309 -9999
BGR14A  1921  1864  1950  1943  1637  1058  1047  1150  1600  1344
BGR14A  1930  1519  1433  1699  1376  2057  1785  1344  1375  1644  1779
BGR14A  1940  1652  1635  1886  2211  1519  1788  2093  1533  1647  1724
BGR14A  1950  1990  1975  1772  2004  1966  1938  1805  2560  1899  1867
BGR14A  1960  1865  1550  1652  1343  1612  1384   512  1128  1575  1460
BGR14A  1970  1168  1367  1521  1543  1367  1307  1019   855   887   834
BGR14A  1980   973   960  1316  1010  1115  1245  1082  1335  1174  1293
BGR14A  1990  1266  1537  2001  2243  1688  2610 -9999
BGR14B  1842  1708  1647  1392  1689  1278  1622  1312  1005
BGR14B  1850  1538  1388  1016  1737   695  1266  1180   914   890  1228
BGR14B  1860  1269  1356  1646  1765  1304  1097  1578  1177  1495  1605
BGR14B  1870  1769  1631  1375  1552  1284  1671  1912  2009  2596  1256
BGR14B  1880  2542  1903  2108  2426  2880  2551  1656  2637  2818  4482
BGR14B  1890  2854  4244  3804  2274  2963  2562  1760  3189  2230  1902
BGR14B  1900  2072  2200  1575  2593  1607  2103  2082  2176  1957  2255
BGR14B  1910  1521  1587  1809  2246  1669  2144  2646  2155  1502  2013
BGR14B  1920  1892  2100  1907  2173  1632  1180  1332  1435  1610  1260
BGR14B  1930  1373  1511  1676  1484  2674  2552  1903  2542  2960  3285
BGR14B  1940  2752  2408  2493  2311  1649  1930  2699  2188  2016  2210
BGR14B  1950  2311  2026  2299  2718  2047  1938  2021  2539  2179  2063
BGR14B  1960  1695  1518  1823  1118  1469  1273   614   925   973   961
BGR14B  1970   833   921  1081  1196  1374  1417  1592  1054  1071  1055
BGR14B  1980  1432  1304  1555  1492  1427  1725  1218  1658  1575  1853
BGR14B  1990  2367  2364  3263  3341  3607  3296 -9999
BGR15A  1797  1524   902  1306
BGR15A  1800  1765  1722  2114  2484  2128  2551  2189  1754  1261  1412
BGR15A  1810  1765  1401  1435  1622  2792  2063  1300  1812  1566  1281
BGR15A  1820  1940  3118  2596  2520  1639  2864  1806  2874  2447  1858
BGR15A  1830  1647  1601  1221  1315  1736  1736  1869  1737  2438   839
BGR15A  1840  2716  2615  2197  3398  1980  2117  1319  1611  1165  1216
BGR15A  1850  2339  1833  2115  1942  1564  2372  1488  1540  1654  1524
BGR15A  1860  2331  1831  2155  1261  1271   978  1395  1128  1818  1377
BGR15A  1870  1515  1983  2258  1878  2722  3368  3015  2374  1793  1502
BGR15A  1880  1384  2439  1840  1672  2099  1711  1154  1637  1208  1593
BGR15A  1890  1511  1425  1192  1145  1220  1162   723  3142  1499  1545
BGR15A  1900  1602  1699  1959  2881  1359  1547  2514  1580   913  1154
BGR15A  1910   978   976  1727  2813   819  1878  2083  1696  1171  2128
BGR15A  1920  1118  1612  2004  2829  1919  1190  1630  2217  3629  2677
BGR15A  1930  2191  1438  1751  2694  3271  2756  1786  2118  2051  2363
BGR15A  1940  2644  1755  1667  2148  1192  1611  1763  1463  1139  1682
BGR15A  1950  2505  2800  1591  2382  1551  1150  1374   998   860   911
BGR15A  1960  1157  1109   985   682   536   601   119   506   749   591
BGR15A  1970   436   780   861  1005  1294  1457  1806  1408   749  1037
BGR15A  1980  1025  1101  1198   763   855   783   568   873   853  1235
BGR15A  1990  1272  1835  2913  3549  3518  2442 -9999
BGR15B  1827  3366  3013  2560
BGR15B  1830  2054  2434  1976  1702  2189  2316  1532  1039  2031  1295
BGR15B  1840  3784  2879  3023  3522  2600  2871  1925  2007  1433  1875
BGR15B  1850  2180  2198  2670  2560  3154  3635  2421  2285  2193  2099
BGR15B  1860  1869  1516  1613  1930  1236  1088  2383  1567  2324  1345
BGR15B  1870  2749  2303  2697  2201  1618  2407  2131  1588  1744  1543
BGR15B  1880  1726  2390  1950  1358  1915  1659  1235  2351  1565  2186
BGR15B  1890  1151  1866  2123  2366  2046  1953   922  3813  1763  2328
BGR15B  1900  1974  2661  2458  3432  1800  2075  2320  1888  1089  1461
BGR15B  1910  1083  1762  1580  2234   650  2245  2908  2073  1414  3020
BGR15B  1920  1648  1935  2021  3891  2234  1400  1624  1200  2751  1311
BGR15B  1930  1301  1163  1827  2041  2743  2123  1411  2076  4554  1984
BGR15B  1940  2086  1840  2188  1362  1812  1732  1677  1442  2122  2751
BGR15B  1950  2655  2490  4571  6092  3782  2007  1797  1165   700   817
BGR15B  1960   877   893   734   636   744  1212   442   847  1130   866
BGR15B  1970   635   658   820   718   526   518   345   329   296   463
BGR15B  1980   723   731   955   906   930  1071  1079  1305  1184  1412
BGR15B  1990  1304  1622  2067  2659  2734  2653 -9999
BGR16A  1770  2698  2855  2440  3757   377  2068  1475  1254  1769   465
BGR16A  1780   907   914  1859  2961  1273  2057  1909  2070  1005   985
BGR16A  1790  1239  1866  1976  2345  3355  2623  3257  1209   928   899
BGR16A  1800  1555  2337  3070  2708  2712  2508  2909  2027   771  1059
BGR16A  1810  2117  2100  1488  1326  2015  1335  1122  1459  1248  1029
BGR16A  1820  2138  1401   995  1076  1927  3729  3151  3903  3565  2671
BGR16A  1830  1393  1363  1046  1145  1195  1070   948   848  1513   486
BGR16A  1840  2319   720  1938  1895  1459  1781  1183  1379  1303   808
BGR16A  1850  2263  2002  2029  2182  1799  2102  1264  1362   960   887
BGR16A  1860  1675  1592  2968  1639  1418  1510  1619  1193  2674  1846
BGR16A  1870  1798  2218  2200  2265  1690  2225  3078  2257  2723  1167
BGR16A  1880  1688  2433  1809  1461  1740  1245   724   993  1377  1283
BGR16A  1890  1594  1330  1385   892  1011  1356   851  3303  1681  1094
BGR16A  1900  1308  1265  1368  1842  1173  1156  1451  1478   830  1402
BGR16A  1910  1007   768   417   496   431   911   941   857   885  1166
BGR16A  1920  1151  1390  2595  2432  1939  1430  1979  1649  2702  3923
BGR16A  1930  1811  2275  1823  2374  2539  2087  2270  2156  1856  2409
BGR16A  1940  1844  1712  1837  1669   952   959  1707   668  1120  1231
BGR16A  1950  2029  1456   905  1835  1069  1312  1495  2410  1224  1098
BGR16A  1960  1339  1373  1514   886  1173  1087   136   747   979   872
BGR16A  1970   618   843   882  1134  1337   832   779   850   662   603
BGR16A  1980   949  1036  1435  1101   809   747   867   753   714  1019
BGR16A  1990  1022  1185  1588  1431  1465  2585 -9999
BGR16B  1765  1517  1477  1095  1441   658
BGR16B  1770  1400  1310  1559  1771   112  2288  1698  1430  1558   784
BGR16B  1780   972   802  2571  3906  1688  2471  2949  2942  1418  1483
BGR16B  1790  2191  2910  2754  3147  4112  3142  3551  1371   921   778
BGR16B  1800  1233  1471  2135  1987  1956  1676  2617  1785  1275  1571
BGR16B  1810  2942  2681  2445  2037  2765  1605  1297  1442  1396  1144
BGR16B  1820  2110  1309  1300  1998  2249  3464  2664  3192  3454  3106
BGR16B  1830  2032  2217  1813  2278  2658  2350  1872  1712  2923  1650
BGR16B  1840  3091  3682  3514  3372  2007  2222  1777  1432  1239   951
BGR16B  1850  2368  2533  2480  2245  1711  2166  1063  1419  1173   993
BGR16B  1860  1835  1828  2098  2508  1467  1852  1794  1792  3013  1782
BGR16B  1870  2435  2706  2143  2090  1604  1323  1874  1887  1344  1426
BGR16B  1880  2026   943   194   842  1012   926   725   902  1021   876
BGR16B  1890  1244  1212  1404  1232   860   956   574  2324  1418  1267
BGR16B  1900  2197  2338  1696  1997  1334  1738  2415  2259  1545  2000
BGR16B  1910  1135   877  1266  1653   768  1222  2104  1172   793  1106
BGR16B  1920   860   796   935  1189   974   682   842   700   993   781
BGR16B  1930   722   640   651   814  1200  1347   778   908  1287  1244
BGR16B  1940  1018  1316  1619  1931  1048  1390  1643   906  1444  1500
BGR16B  1950  2339  2298  1578  1917  1632  1663  1953  2028  1037  1207
BGR16B  1960  1436  1249  1457   854  1289  1158   202   891  1063   993
BGR16B  1970   911   973  1126   972   890  1299  1222   905   749   587
BGR16B  1980   941   936  1276  1038   730   865   967  1328   900  1322
BGR16B  1990  1080  1153  1327  1002   914  1652 -9999
