CRT01   1900  1095  1367  1376  1168  1194   806  1272   915   753  1285
CRT01   1910   990   841   915   698   800  1025  1017   970  1912  1143
CRT01   1920  1070   941  1392  1636  1514   636   857   803  2909  3148
CRT01   1930   981   741   866  1078  1683  1549  1240   829   697   943
CRT01   1940   813   991   789  1348  1016  1158  1897  1981  2108  2476
CRT01   1950  4187  3784  2147  2884  1804  1067  2374  3113  2472  2535
CRT01   1960  2464  2198  2439  1284  2515  1790   486  1576  2097  2997
CRT01   1970  1867  2351  2351  2071  1881  3728  4029  2718  3673  3371
CRT01   1980  4869  2612  2818  4402  4686  5775  3803  2585  2038  2983
CRT01   1990  3128  3015  3020  1995  1320  1327  2505  1961  2531  3888
CRT01   2000  4179  3679  3532  3220  2527  1524  2146  1373  1627  2963
CRT01   2010  2197  2161  2173  1501  1426  1641  1703  3182  1828 -9999
CRT01B  1831  1308  1017   852   561   825   821   370   714   444
CRT01B  1840   699   647   762   587   598   764   686   740   673   616
CRT01B  1850   525   499   495   635   294   407   635   241   109   215
CRT01B  1860   499   382   393   472   637   458   431   487   459   508
CRT01B  1870   487   546   561   679   356   420   727   574   408   432
CRT01B  1880   420   611   535   299   791   509   447   648   408   413
CRT01B  1890   561   585   791   568   216   593   838   966   524   762
CRT01B  1900   902  1221   740   813   787   724  1016   753   259   660
CRT01B  1910   461   308   471   357   451   696   864   686   889   882
CRT01B  1920   637   864  2683  1322  1194   718   829   304  1094   635
CRT01B  1930   718   611   631   662  1412  1143   844  1072  1046  1399
CRT01B  1940  1057  1224   965   832   572   674   660   898   748  1097
CRT01B  1950  1415  2116  1266  2225  1097  1692  3087  3044  2301  1412
CRT01B  1960  1552  1435  1194   141  1259  1131   155   636   966  1201
CRT01B  1970  1131  1082  1016  1170  2602  3494  2401  1484  1227  1197
CRT01B  1980  1853  2291  1851  2196  2154  3940  2034  1516   919   743
CRT01B  1990   748  1110  1355  1220  1036  1471  1917  1171  1253  2626
CRT01B  2000  2785  1804  1486  1092  1374   804  1016   637  1017  1120
CRT01B  2010  1211  1526  1845  1427  1066   813  1156   940  1172 -9999
CRT02A  1970  6109  7373  8015  7722  6986  7519  7257 10649  6000  7711
CRT02A  1980  7825  6656  8652  7177  8980  8623  5321  5347  5779  7520
CRT02A  1990  6367  8865  8116  3988  6553  5568  6975  5576  7710  7270
CRT02A  2000  9068  8458  6871  7621  7812  6668  7480  7090  6273  8979
CRT02A  2010  6999  7836  7169  6961  6718  5412  6376  6188  6671 -9999
CRT02B  1962  6427  6491  6109  5437  2603  4458  4992  6083
CRT02B  1970  6783  7394  7837  7689  7659  7725  8053  8908  5081  5156
CRT02B  1980  4585  3810  5068  5235  5854  7163  4775  4458  4458  4459
CRT02B  1990  4243  4674  5119  4577  3075  3302  4701  4309  4470  4550
CRT02B  2000  6012  6625  5308  5374  5487  6629  5461  4206  4166  5740
CRT02B  2010  4548  4330  4906  5906  6000  6009  5423  5656  7169 -9999
CRT03A  1950 18487  3530  9747  5967  5513  6448  3062  3809  4093  3527
CRT03A  1960  2730  2901  2193  3869  3255  2906   946  2579  2572  3958
CRT03A  1970  3352  4802  4786  3628  4963  5074  4967  3712  2903  4209
CRT03A  1980  3934  3658  3358  3392  4013  4481  2595  1996  1948  2574
CRT03A  1990  1808  3148  2949  2552  2431  2138  3504  2620  3048  3007
CRT03A  2000  3724  3502  3324  2772  2529   996  1645  1139  1814  3028
CRT03A  2010  2364  1680  1801  2088  1502  2131  1507  2066  2121 -9999
CRT03B  1955  3378  4149  3924  3813  3465
CRT03B  1960  3949  4436  3143  3246  2125  2673  2102  2516  2525  3831
CRT03B  1970  3259  5117  6721  5436  5910  6593  5670  6471  5796  6923
CRT03B  1980  6323  5886  6174  5662  5435  5829  4315  3810  4275  4945
CRT03B  1990  4402  5323  5013  3808  2774  2758  4544  4486  5757  6614
CRT03B  2000  7645  6181  5560  5523  4193  2887  3849  2847  3841  4713
CRT03B  2010  3944  4050  4542  5241  3666  4109  3743  3983  4031 -9999
CRT04A  1848  1767  2147
CRT04A  1850  1798  2845  2660  2482  1437  1652  1205  1392   707  1272
CRT04A  1860  2097  2106  2659  1251  1082  1374  2231  1976  2544  1800
CRT04A  1870  1302  1370  1578  1707   967  1950  1923  1522  2424   769
CRT04A  1880  2118  2618  3733   321  2258  2378  2015  1433  1201  2798
CRT04A  1890  1742  1917  2457  1775   613  1851  2424  3954  2192  2403
CRT04A  1900  2767  2725  2832  1657  1152  1784  2199  2554   747  1886
CRT04A  1910  1954   576  2238  1725  1021  1334  2152  2316  1469  1850
CRT04A  1920  1690  1170  4648  3469  2182  1196   819   770  1954  1167
CRT04A  1930  1080  1413  1225   984  4004  2321  3012  5168  5318  4661
CRT04A  1940  4363  4112  3911  3626  4186  1447  1294  1659  2950  3174
CRT04A  1950  2220  1638  2376  1238  3348  2530  2297  2619  2591  2111
CRT04A  1960  1471  1814  1382  1361   765   833   659   372   609   620
CRT04A  1970   707   686   822  1557  3512  2926  1967  2784  2562  2408
CRT04A  1980  2275  1392   674  1292  1060  1016  1162   873     0   740
CRT04A  1990   345   733   773   429   607   784   598   552   861  1779
CRT04A  2000  1393  1437  2862  2054  2039   844  1248   618   800  1384
CRT04A  2010  1095  1705  2215  2719  2122  1596  1304  2222  1296 -9999
CRT05B  1912  2464  1247  1131  1484  2186  1856  2119  1541
CRT05B  1920   717  3072  1986  2485  1585  1271  2000   740  2357  2685
CRT05B  1930  1778  2028  2694  2635  5718  3419  2824  2587  5037  3125
CRT05B  1940  3711  3790  5131  4453  1323  3712  3718  2817  3040  2753
CRT05B  1950  3588  3781  2117  3626  2175  4626  4688  3476  3063  2518
CRT05B  1960  3940  3332  3317  1441  2148  1887   229  1497  1606  2952
CRT05B  1970  1868  4919  6523  4552  4575  4547  3810  4079  3785  3837
CRT05B  1980  2696  3658  2211  2083  4174  2525  1411  1096  1004  1261
CRT05B  1990  3065  3831  2555  1301  1966  2952  2422  2820  3168  4222
CRT05B  2000  4701  5115  2664  4056  4890  2201  1880  1779  1373  2973
CRT05B  2010  1359  2754  1043  2365  2086  2795  1982  3149  1932 -9999
CRT06A  1925   844   292   613  1292   822
CRT06A  1930  1066  1004   804  1311  1950  2302  3458  5911  4135  2738
CRT06A  1940  2473  2310  3085  1067  2203  2397  1601  2936  2028  2082
CRT06A  1950   737  1067  1348  3776  1793  2317  2307  1463  1166  1143
CRT06A  1960  1360  1081  1156   536  2307  1677   409  1482  2457  2740
CRT06A  1970  1668  2405  2999  2690  3783  5247  4086  3627  2175  2207
CRT06A  1980  2972  2503  3049  2035  3286  2449  1422  1855  1455  3721
CRT06A  1990  3646  3810  2898  1169  1004  1419   981  1193  1321  2591
CRT06A  2000  3888  3354  4229  4902  6985  4281  4004  1638  1322  2146
CRT06A  2010  1325  1791  1336  1918  1747  2262  1943  3939  3830 -9999
CRT06B  1875  1373  1378   698  1919  1028
CRT06B  1880  1081  1210   673  1067  1271  1563  2274  2616  1999  1309
CRT06B  1890  1297  1537  2290  1943  2440  3099  1562  1250   822  1108
CRT06B  1900  1343  2671  3544  2524  1466  1257  1742  1896  1123  1551
CRT06B  1910   864  1109   587   460   851  1398  1710  1516  1906  1844
CRT06B  1920  1720  1539  1374   892   527   342   344   666   410   524
CRT06B  1930   406   571   750   590  1144  2075  2116  2213  2188  2554
CRT06B  1940  1499  2198  2147  1778   393   790  1629   902  1462  1527
CRT06B  1950  1697  1537   434   324   812   746   735   819   587   572
CRT06B  1960   703  1092   675   767  1318  1029   724  1073  1657  1130
CRT06B  1970   939  5176  7023  6365  5386  4457  3989  3608  2607  3327
CRT06B  1980  4376  1854  3378  3316  3786  2997   827   677   482  1054
CRT06B  1990  1309  3544  4229  3315  2584  3365  3924  4635  3757  3696
CRT06B  2000  4434  3546  1879  1362  2048   940  1843  1283   914  2058
CRT06B  2010  1258  1778  2339  3035  1839  1651  1128  1182   916 -9999
CRT07A  1804   648  1336  1753   852  1336  1677
CRT07A  1810  1284   914   902  1159  1282  1537   660   702   499   656
CRT07A  1820   586   458   384  1055  1028  1296  1626  2108  2503  1511
CRT07A  1830  1359  1093  1156   825   461   563   573  1269  7003  2441
CRT07A  1840  2926  2211  2337  1698  2115  2453  1259  2135  1320  3321
CRT07A  1850  1992  2221  2254  2653   928  1919  1074   905   998   841
CRT07A  1860  1038   730  1001   767  1087  1060  1349  1234  1409  1263
CRT07A  1870  1998  1835  2302  2617   673  1767  2774  1918  2215  1057
CRT07A  1880  1501  2227  2648   267  1678  1080  1753  1906  1448  2099
CRT07A  1890  1485  1176  2564  1643   268  1221  1069  1872   779   598
CRT07A  1900   917  1364   856   873   802   825  1284  1372   241  1513
CRT07A  1910  1427   613  1005  1080   572   703  1200   853   561   859
CRT07A  1920   635   965  1473   954   986   317   446   558   309   404
CRT07A  1930   496   547   464   615   508   788  1195  1281  1400  2836
CRT07A  1940  2010  2480  2338  1634  1676   804  1230  1046   880  1152
CRT07A  1950  1312  2316  1504   728  1020   701   587   787   244   319
CRT07A  1960   749   813   752   796  1041  1778  1008  1338  1409  2476
CRT07A  1970  1171  1079  1784  1965  2880  3129  2147  2354  2072  1997
CRT07A  1980  2167  3342  2936  1485  2266  2138  1258   673   295   762
CRT07A  1990   625   890  1105   647   699  1435  1018  1208  1320  2451
CRT07A  2000  2554  1893  1892  1486  2197  1552  1016  1258  1282  1703
CRT07A  2010  1068  1169  1753  1715  1707  1372  1438  3201  2168 -9999
CRT07B  1856  1717  1498  1283  1072
CRT07B  1860  1638  1422  2049  1549  1619  1829  2033  2138  1706  1666
CRT07B  1870  2263  2123  2172  2482   892  1588  2405  2490  2732  1006
CRT07B  1880  1092  1937  2678   203  2340  1575  1947  2692  2146  2659
CRT07B  1890  2337  1506  2788  2121   546  1795  1423  2792  1335  1174
CRT07B  1900  1393  1727  1903  1696  1417  1626  2210  1942   167  2138
CRT07B  1910  1679   830  1169   944   674   711  1144  1067   909   985
CRT07B  1920   564   940  2108  1400  1199   576   524   813   851   672
CRT07B  1930   822   586   823   624   986  1577  1585  2109  3484  3013
CRT07B  1940  3571  3136  2808  2553   856  2096  1562  1092  1428  1439
CRT07B  1950  1606  1678   765  1170   851  1347   677   927   571   598
CRT07B  1960  1083  1163  1107  1449  1039  1597  1232  1476  1035  1996
CRT07B  1970  1050  1621  2582  2312  3117  3536  2566  1969  1692  1881
CRT07B  1980  2290  2883  2629  2084  2312  2375  1385  1524   485  1054
CRT07B  1990   636  1016  1358   763   775  1575  1511  1372  1372  2502
CRT07B  2000  2274  2096  2593  1918  2070  1371  1334  1436  1600  1918
CRT07B  2010  1562  1740  1602  2466  1740  1525  1525  3041  1884 -9999
CRT08A  1792  3658  4599  3618  3888  2750  2134  1758  1890
CRT08A  1800  1069  1726  1700  2645  2727  2849  2775  1882  1840  1898
CRT08A  1810  2378  1881  1758  1455  1445   850  1358   839   639   783
CRT08A  1820   428   678   962   952   837  1023  1544  1577   974  1592
CRT08A  1830   934  1289  1455  1134   712     0   993   518   752   424
CRT08A  1840   574   458   468   577   827  1593  1767   799  1383  2116
CRT08A  1850  1692  2246  1559  1251   510   696   785   501   311   262
CRT08A  1860   302   155   362   527   262   217   241   238   429   267
CRT08A  1870   459   359   486   345   459   540   826   998  1493   736
CRT08A  1880   705  1294  1870   862  1282  1600  1497  1723  1155  1644
CRT08A  1890  1468   915  1278  1695   376  1003  1044  1561   688  1284
CRT08A  1900   616  1076  1054  1094   946   685   954  1443   939  1753
CRT08A  1910  1290   935  1322   914   673   869  1005  1511  1211  1004
CRT08A  1920  1029   880   787   856   993   336   219   334   787   606
CRT08A  1930   273   358   399   478   471   463   414   702  1035  1343
CRT08A  1940  1476  1459  1450  2265   286  1408  3087  1870  1615  1859
CRT08A  1950  2234  1729  1982  1097  2267  1105  1424  1844  2660  2269
CRT08A  1960  1500  1287  1136   879   645   998   624   725  1121  1308
CRT08A  1970   805  1665  1111  1148  1401  1704  1919  1103  1273  1258
CRT08A  1980  1485  1261  1184  1565  1654  1903  1401  1348   908  1822
CRT08A  1990  1194  1796  1976  1894  1241  1374  2055  1861  1613  1689
CRT08A  2000  1994  1500  1448  1664  1533  1376  1779  1245  1206  1525
CRT08A  2010  1119   965   579   902   749   803  1028  1782  1487 -9999
CRT08B  1795  3138  2492  1768  1617  1404
CRT08B  1800  1646  1580  3187  2215  2175  2160  1775  1761  1169  1725
CRT08B  1810  2308  2263  1663  1907  1923  2123  2229  2338  1385  1222
CRT08B  1820  2009  1300  1212  1447  1690  1539  1099  1940  1362  1106
CRT08B  1830  1249   817   946   547   533   518   619   715   651   424
CRT08B  1840   844   720   738  1163  1161  1308  2083  1511  1892  2490
CRT08B  1850  1969  1857  1793  1095   808   818   813   495   389   267
CRT08B  1860   414   280   268   249   329   280   627   459   676   482
CRT08B  1870   880   778   681   749   674   775  1067  1016  1067   396
CRT08B  1880   470   431  1066   549   928   884  1093  1184   637  1030
CRT08B  1890   725   673  1550  1245   305  1156   867  1282   472  1057
CRT08B  1900   889  1448  1044  1162   991  1058  2227  1615  1143  2496
CRT08B  1910  2211  1854  2782  1995   804  1030  2299  3404  1820  2045
CRT08B  1920  1385   610  1093  1003  1042   535   737  1028  1590  1334
CRT08B  1930   940   762   852   611  1321  1273  1018  1194  1627  1816
CRT08B  1940  2150  2107  2078  2554  1059  1775  1263  1635  1562  1842
CRT08B  1950  1739  2352   850  1808   821  1217  1047  1451  1365   794
CRT08B  1960  1003   829   940   407   905   610     0   933  1095  1132
CRT08B  1970  1124  2509  2898  3003  3134  4870  3951  3597  3721  2532
CRT08B  1980  3887  3143  2783  2719  2858  3251  3011  2413  2134  3441
CRT08B  1990  2870  2998  3188  2403  2349  2731  2146  2375  1896  2718
CRT08B  2000  2058  2224  1702  1232  1155   953  1054   800  1168  1703
CRT08B  2010  1351  1569   992  1182   941   825  1380  2648  1653 -9999
CRT09A  1827  1640  1080  1321
CRT09A  1830  1540  1322  1550   997  1156   992  1397  1098  1056   869
CRT09A  1840  1485   840  1309  1119  1349  1629  1449  1384  1782  1985
CRT09A  1850  2325  1613  2273  1778  1867  1702  1882  1245  1908  1289
CRT09A  1860  1681   731  1603  1067   852  1037  1084  1152  1347  1258
CRT09A  1870  1330  1137  1108  1213   979  1562  1366  1793  1977  1131
CRT09A  1880  1365  1739  2199   495  1756  1435  1614  2022  1184  1665
CRT09A  1890  1638   662   751  1182   279  1130   801  1260  1126  1131
CRT09A  1900   763   876  1202   990  1009  1083  1287  2337   959  1586
CRT09A  1910  2007  1740  1697  1787  1083  1392  1672  1677  1207  1981
CRT09A  1920  1466  1321  1443  1336  1390   780   687   923  1906  1397
CRT09A  1930   929   864   852   967  1105  1256  1641  1423  1818  2787
CRT09A  1940  2003  1753  2097  2355  1183  2389  2216  2185  2273  2021
CRT09A  1950  1454  1765  1035  1552  1257  1335  1807  1652  1551  1946
CRT09A  1960  1258  1498  1692  1295  1321   874   507   611   965  1182
CRT09A  1970  1270  1591  1575  1917  1982  1931  2057  1397  1385  1195
CRT09A  1980  1374  1502  1410  1652  1679  2608  2299  2059  1799  2643
CRT09A  1990  2095  1908  2173  1833  1308  2159  2477  2248  2314  2514
CRT09A  2000  2820  2197  1995  1982  2306  2108  2048  1755  2074  1886
CRT09A  2010  2353  2032  1855  1688  1831  2529  1833  1528  1058 -9999
CRT09B  1778  2009  1617
CRT09B  1780  1600  1691  2933  3104  1054   851  1119  1855  1130  1379
CRT09B  1790  1220  2096  2140  2503  2557  2523  2809  2663  2205  1258
CRT09B  1800  1384  1266  2502  1537  1788  1831  1506  2001  1800  1389
CRT09B  1810  2582  2362  1793  1639  2066  1758  1823  1362  1422   857
CRT09B  1820  1698   733  1512  1739  1440  1473   433   750   650   731
CRT09B  1830     0     0   693   914   514   674   692   903   585   686
CRT09B  1840   472  1093   890   878  1220   918  1042  1385  1525  1766
CRT09B  1850  1841  1665  1628  1920  1476  1080  1042  1003   940  1221
CRT09B  1860   813  1322   762  1206   712   889   780  1627  1144  1172
CRT09B  1870  1106  1082  1260   936  1301  1111  1321  1483  1204  1118
CRT09B  1880   660  1223  1163  1639  1456  1130  1478  2043   991  1818
CRT09B  1890  1670   962  1412   993   265  1502  1296  1574  1057  1039
CRT09B  1900   961  1468  1694  1210   960   927  1475  1451   382  1654
CRT09B  1910  1828  1453  1678  1896   946  1554  1742  1935  1247  1800
CRT09B  1920  1478  1117  1892  1976  1760   791   700  1272  1844  1475
CRT09B  1930   996  1043   956   775  1211  1729  1653  2032  1716  2610
CRT09B  1940  2135  1485  1972  2126   892  1910  2055  1737  1567  1654
CRT09B  1950  1370  1713   955  1510  1266  1501  2226  1785  2014  1766
CRT09B  1960  1886  1245  1939   937  1588  1312   318  1418  1789  1202
CRT09B  1970  1271  1840  1647  1670  2178  3097  2289  1923  1932  1215
CRT09B  1980  1168  1286  1675  1539  1330  1612  1412  1040   875  1328
CRT09B  1990  1243  1299  1620  1128  1220  1270  1319  1332  1189  1545
CRT09B  2000  1300   936  1225   817  1124   617  1114  1366  1302   673
CRT09B  2010   885  1063   954  1113  1062  1101  1245  1093   891 -9999
CRT10A  1750  1119  1610  1765  1322   998  1425  1243  1799  2048  1487
CRT10A  1760  2745  2717  2720  3329  1890  2732  1538  1078   777   942
CRT10A  1770  1684  1253   769  1438  1080  1155   965  1664  1136  1859
CRT10A  1780  1054  1079  1677  1423   599  1887  1464  1124   766  1276
CRT10A  1790   788  1085  1155   800  1108   649   705   463   503   449
CRT10A  1800   602   332   487   536   528   882   907   594   453   610
CRT10A  1810   793   865   669   635   571   577   729   555   525   339
CRT10A  1820   242   458   539   547   558   660   610   535   654   330
CRT10A  1830   535   413   450   299   344   254   384   373   474   114
CRT10A  1840   616   525   521   554   470   765   574   762   994  1676
CRT10A  1850  1817  2273  1842  1754   633   876   990   393   439   296
CRT10A  1860   302   237   168   228   211   267   229   470   654   635
CRT10A  1870  1029   828  1060  1068  1132   952   839  1118  1462  1018
CRT10A  1880   725   473   635   876  1652  1219   838   915  1106   787
CRT10A  1890   907  1575   597   946   753  1041   711  1118   508   622
CRT10A  1900   852   981   909  1374   895  1030  1844  1871   611  1436
CRT10A  1910  1645   928   996   723   497   635  1022  1498  1220  1019
CRT10A  1920   826  1009  1046   889   689   444   422   572   914   319
CRT10A  1930   511   393   496   551   775   815  1055  1447  3048  4321
CRT10A  1940  4117  3994  3102  4292  1524  3151  2464  2213  2112  1504
CRT10A  1950  1259  1320   834  1360  1244   994  1226  1043  1075   877
CRT10A  1960   767   749   599   306   495   559     0   636   852  1169
CRT10A  1970   752   915  1270   838  1283   916  1054   521   560   483
CRT10A  1980   613   853   801   978   614   741   775   762   740   686
CRT10A  1990   851  1084  1397   793   686  1171  1080  1676  1208  1859
CRT10A  2000  1347   775   573   537   890   331  1008  1041   712   997
CRT10A  2010   826   711   765   749   864   804  1003   953  1233 -9999
CRT11A  1732  1130  1309  1284  1143  1020   927  1017  1514
CRT11A  1740  1831  1468  1588  1499  1292  2040  1346  2159  1288  1374
CRT11A  1750   877  1020   386   903   739  1058  1309  1804  1623  1131
CRT11A  1760   991  1063  1176  1313   724   898   775   801  1079  1131
CRT11A  1770  1296  1221   995  1285   319   821  1327   782  1334   782
CRT11A  1780  1882   538  1796  1397   516   960   794  1095   753   790
CRT11A  1790   664   843   893   960  1003   733  1282   915  1114   839
CRT11A  1800   997   671  1194   764  1042  1146  1045   967   818   942
CRT11A  1810  1072  1170   778   868  1105   576   863   840   866   559
CRT11A  1820   957   714   814   720   901   802   740   929   706  1082
CRT11A  1830   904  1050  1018   576   648   662   692   711   930   560
CRT11A  1840  1033   790   825  1652   893  1411  1219  1081  1238  1022
CRT11A  1850  1207   896  1246  1059   691  1138   724   773   877   805
CRT11A  1860  1195   723   928  1004   859   691   891   838  1082   800
CRT11A  1870  1195  1003   830  1379   752  1377  1527  1232  1613   780
CRT11A  1880  1418  1601  1448   563  1403  1298  1335  1160  1143  1197
CRT11A  1890  1516  1235  1818  1944  1048  1768  1221  2308   995  1196
CRT11A  1900  1728  1888  1897  1763  1263  1618  1246  1261   330  1375
CRT11A  1910  1303   960   919  1105   572  1043  1436  1550   940  1435
CRT11A  1920  1270   991  1489   903  1108   572   863   688  1145   717
CRT11A  1930   815   914   961   751  1221  1117   957   979   967   953
CRT11A  1940  1016   953   952   790   535   867   863   840   651  1029
CRT11A  1950   806   637   673   878   978   636  1172   852   933   877
CRT11A  1960   869   931  1020   470   993   534   222   767   677   749
CRT11A  1970   780  1235  1308  1041  1080  1041  1105   795  1136  1485
CRT11A  1980  1184  1447  1613  1359  1157  1765  1105  1195  1259  1105
CRT11A  1990   889  1285  1829   827   927  1207   956  1156   993  1638
CRT11A  2000  1525  1410  1077   928  1080   775   953   839  1436  1220
CRT11A  2010  1524  1282  1143  1426  1028   955  1260  1560  1702 -9999
CRT11B  1769   990
CRT11B  1770  1157  1282  1177  1105   152   953  1195   894  1058   609
CRT11B  1780  1553   382  1657  1024   610   751   873   993   778   898
CRT11B  1790   573   826  1033   953   939   929  1310  1046  1144   777
CRT11B  1800  1200   851  1222   907  1023  1562  1311   991   751   953
CRT11B  1810  1614  1197  1066   931   908   576  1093   550   957   399
CRT11B  1820   915   521   785   776   889   965   648  1018  1131  1117
CRT11B  1830  1168  1146   914   661   623   699  1004   970  1131   669
CRT11B  1840  1424   865  1010  1475   843  1551  1334  1474   978  1613
CRT11B  1850  1258   991  1423  1385   737   877   750   774   802   637
CRT11B  1860   979   635  1067   864   749   724   737   960   953   991
CRT11B  1870   965  1016   883  1197   717  1236  1697   990  1654   827
CRT11B  1880  1233  1493  1436   572  1558  1073  1629  1754  1060  1422
CRT11B  1890  1312  1291  2518  1392  1269  1608   975  2315   887  1176
CRT11B  1900  1131  1419  1070  1122  1027  1658  1278  1264   323  1620
CRT11B  1910  1413   980   985  1204   702   811  1002  1007   953  1469
CRT11B  1920  1297   895  1586  1224  1512   712   700   780  1339   912
CRT11B  1930  1080  1086  1252  1134  1852  1207   869  1062  1128  1103
CRT11B  1940  1140  1119  1232  1335   928  1460  1663  1372  1115  1582
CRT11B  1950  1069  1211   880  1201  1255   663  1275   994  1231  1085
CRT11B  1960  1181  1208  1189   676  1146   740   102  1072   774  1084
CRT11B  1970   891  1455  1726  1285  1784  2329  2021  1301  1739  1950
CRT11B  1980  1854  1600  2426  2365  1374  2743  1397  1499  1438  1346
CRT11B  1990   955  1550  2236  1207  1172  1575  1879  1740  1702  2416
CRT11B  2000  2324  1715  1845  1171  1817  1144  1614  1247  1944  1858
CRT11B  2010  2568  2160  1604  1854  1823  1386  1969  1830  2211 -9999
CRT12B  1793  2423  2561  1971  2841  1704  1513   957
CRT12B  1800  1111  1721  1992  1581  1834  2965  2314  2089  1048   864
CRT12B  1810  1400  1532  1341   856  1514  1372  2251  2368  1553   893
CRT12B  1820  2273  2100  1232   998   863  1024  1097  1147  1898  1655
CRT12B  1830   916   992   841  1084   648   638   925   487  1020   484
CRT12B  1840   332   359   389   541   394   445   357   551   482   445
CRT12B  1850   695   560   600   525   242   523   611   512   917   876
CRT12B  1860   915   760   838  1169  1181   929   891  1017  1133   863
CRT12B  1870   839   754   687   711   572  1080  1970  2262  3415  1502
CRT12B  1880  1346  2428  1818   752  1553  1132  1308  1149   813  1196
CRT12B  1890  1068   776  1284  1209   850  1634   749   917   625   876
CRT12B  1900   742  1029   870   839   585   850   814  1257   498  1128
CRT12B  1910  1524   825  1182  1416  1020  1463  1367  1220   903   986
CRT12B  1920  1143   673   749   902   814   741   752  1438  1575   941
CRT12B  1930  1105  1313  1086  1019   702   597   319   698   737   866
CRT12B  1940   952   909  1587  2009  1578  1410  1553  2040  1401  1918
CRT12B  1950  1435  1155   508   890   818  1042   610   712   692   712
CRT12B  1960   599   419   581   637   548   662   169   520   712   534
CRT12B  1970   545   777   775   934  1157   904  1380  1220   965   843
CRT12B  1980  1131  1155  1105  1030   956  1639   713   840   561   573
CRT12B  1990   382   444   459   500   575   622   729   563   942  1430
CRT12B  2000  1855  2363  2720  2607  1638   931  1334   965  1257  1042
CRT12B  2010  1130   757  1753   843  1271  1259   995  1511  2389 -9999
CRT13A  1748   222   382
CRT13A  1750   294   191   216   257   153   330   374   508   438   381
CRT13A  1760   420   267   309   268   495   296   357   259   384   520
CRT13A  1770   623   877   406   394   334   422   445   599   598   152
CRT13A  1780   435   216   449   559   383   495   344   483   482   318
CRT13A  1790   351   829   827   750  1186   738   800   343   334   185
CRT13A  1800   251   262   420   279   370   497   330   140   309   317
CRT13A  1810   330   230   360   190   600   521   393   262   331   317
CRT13A  1820   394   445   305   422   420   509  2794  2097  1537   560
CRT13A  1830   280   542   713   673   763   585  1080   839  1347   980
CRT13A  1840  1152   971  1563  1716  1958  2730  2719  3078  2984  3616
CRT13A  1850  2498  2445  1588  1842  1069  1467  1119  1117  1163  1283
CRT13A  1860  1651   954  1283  1563  1067   867   840  1029   932  1488
CRT13A  1870  1536  1221  2135  2264  2375  2556  3175  2666  2575  1127
CRT13A  1880   957  1715  1854  1085  1195   727  1016  1397  1118  1157
CRT13A  1890  1018   623  1260  1057   908  1335   625  1295   675  1159
CRT13A  1900  1017  1500  1162  1427   702  1119  1160  1296   598  1326
CRT13A  1910  1169  1220   954   952   662   876  1144   844   817  1085
CRT13A  1920   940   921   978  1641  1042  1093  1258  1185  1499  1236
CRT13A  1930   940  1361  1374  1092  1748  1918  1495  2134  1703  2032
CRT13A  1940  1323  2135  1821  2245  1055   783  1233   744   539  1051
CRT13A  1950   638   663   740  1183   985   640   820   839   461   988
CRT13A  1960   668   636   881   779   602   647   738   482   737   931
CRT13A  1970   763   741   839   877  1499  1436  1003  1120  1296  1258
CRT13A  1980  2136  1461  1995  2140  1817  2145  1321  1482  1715  1227
CRT13A  1990  1156  1232  1740  1513  1360  1957  2298  2554  1259  1866
CRT13A  2000  1857  2540  2516  1956  2098  1521  1227  1918  1923  1930
CRT13A  2010  2058  1619  3289  2718  2248  1232  1501  2058  1938 -9999
CRT13B  1870  2614  2721  2192  3011  3718  3329  2938  2968  1824  3626
CRT13B  1880  1859  2337  2892  4272  4938  3192  2401  2046  2191  2147
CRT13B  1890  2523  3012  2390  2860  1411  2517  1842  2566  1768  1817
CRT13B  1900  2363  3329  2594  2133  1575  1733  4452  3881  1080  1486
CRT13B  1910  3703  1616  2076  1430  1958  2357  1977  1820  1908  1967
CRT13B  1920  1083  1181  1906  1670  2226   839  2163  1295  1394   955
CRT13B  1930   979   685   712   927  1301  1412  1152  1371  1412  1817
CRT13B  1940  2110  2580  2097  3145  2300  2528  2427  1851  1298  1014
CRT13B  1950  1488  1042  1112  1910  1718  1335  1613  1691  2044  1592
CRT13B  1960  1490  1820  2109  1517  2134  1626   165  1118  1041  1208
CRT13B  1970  1195  1395  2304  1868  2768  2516  4178  4480  4814  2949
CRT13B  1980  3463  2816  2164  2335  1488  2151  1743  1572  2092  1508
CRT13B  1990  1449  1565  2152  1478  1208  1430  1448  1579  1259  1920
CRT13B  2000  1831  1734  1094  1157  1255   599   980  1017  1058   965
CRT13B  2010  1131   893  1424  1631  2261  2076  2361  5127  3910 -9999
CRT14A  1850  1716  1830  2163  2503  1435  1068  1043  1017   711  1427
CRT14A  1860  1398  2387  2680  2872  2986  1816  2974  1638  1933  2249
CRT14A  1870  1131  1182  1955  1945  1282  2350  2095  1524  2529  1219
CRT14A  1880  1602  2832  2694  2025  2870  2299  1867  2527  1476  2299
CRT14A  1890  1805  2337  2972  2261  1728  3544  1119  1971   825  1308
CRT14A  1900  2135  2033  2338  2057  2898  2151  2540  4517  3608  1588
CRT14A  1910  3029  2383  1540  1780  1562  1093  1881  1837  2007  1476
CRT14A  1920  1260  2045  1755   838   990   397   711  1031  1301   674
CRT14A  1930   654  1003  1018  1233  1559  1830  1456  1603  1626  3242
CRT14A  1940  2066  1909  1883  2384  1361  1868  1809  2264  1707  1627
CRT14A  1950  2185  1957  1103  2021  1527  1830  1221  1511  1330  1525
CRT14A  1960  1360  1232  1206  1727  1236  1024   547   766  1179  1302
CRT14A  1970  1325  1473  1552  1806  2897  2159  1860  2413  2479  2048
CRT14A  1980  2114  2290  2177  1754  1869  1780   780  1575  1765  1760
CRT14A  1990  1677  1385  1397   789  1147  1195  1817  1549  1347  2465
CRT14A  2000  2519  1798  2075  3141  2441  1270  1746  1055  1987  1539
CRT14A  2010  1175  1246  1391  1663  1032  1150  1233  1824  1861 -9999
CRT14B  1821  2338  2894  3662  1858  2476  1707  2032  1365  1041
CRT14B  1830  1291  1983  2282   944   854  1069  1230   800  1139   839
CRT14B  1840  1786   892  1086  1881  1524  2198  1157  1108   852  1538
CRT14B  1850   721  1426  1870  1740   752   714   586   579  1007  1407
CRT14B  1860  1131  1282   948   813   979  1301  1625  1753  3190  1563
CRT14B  1870  1105  1079  1702  2329  1413  1778  3387  1605  2342  1408
CRT14B  1880  2624  2428  2620   788  2710  1372  1456  1955  2396  2359
CRT14B  1890  3183  1789  2000  1892   707  1845   648  1796  1245  1183
CRT14B  1900  1988  2264  2576  2951  1874  1732  2655  1971   860  2545
CRT14B  1910  1657  1069   916   982   599   812  1209   991  1013   777
CRT14B  1920   905   219   789   602   449   222   459   928  1105   789
CRT14B  1930   561   827   790  1360  1707  1132  1079  1486  1613  2071
CRT14B  1940  1576  1385  1816  1525   750  2338  1278  1677  1092  1892
CRT14B  1950  1270   915   915  2493  1976  2431  2394  3062  1631  1653
CRT14B  1960  1552  1579   840  1237  1244   832   374   685   687   877
CRT14B  1970   950  1547  1347  1515  3129  1727  1551  2492  2363  1507
CRT14B  1980  1195  1728  1525  1334  1982  2057  1185  2019  2096  1638
CRT14B  1990  1683  1579  1526   960   839   981  1741  1502  1995  1855
CRT14B  2000  2261  1689  1742  1917  2722  2565  2604  1157  1691  3100
CRT14B  2010  1320   819  1435  1310  2581  1982  1652  1752  2189 -9999
CRT15A  1938  1916  3341
CRT15A  1940  2041  1778  3740  3977  1487  2390  2382  2352  2717  3140
CRT15A  1950  2353  3078  3471  3943  2974  2164  2785  2340  1977  1420
CRT15A  1960  1395  1743  2221   923  1630  1008   114   882  1050  1083
CRT15A  1970  1361  1029  1323  1589  2149  3537  2571  1153  1388   968
CRT15A  1980  1918  1372  1168  1145  1931  1698  1221  1191  1122  1677
CRT15A  1990  1295   953  1679  1311  1105  1805  1651  1906  1436  2312
CRT15A  2000  2126  1943  2193  1625  1931  1886  1618  1309  1385  2036
CRT15A  2010  2226  2248  1233  1969  2375  1285  1959  3396  2866 -9999
CRT15B  1881  1050  1587   789   968   954   992  1046   725   611
CRT15B  1890   729   673   704  1367   779  1170   536   810   423   458
CRT15B  1900   635  1397  1111   737   814   736   986  1130   383   728
CRT15B  1910  1082   854   635   673   419   636   591  1082   841   561
CRT15B  1920   800  1026  1371   991  1257   677   765   889  1204   677
CRT15B  1930   673   608   483   628   838   891   758   804  1469  1687
CRT15B  1940  1835  1091  1297  2203  1143  2371  2429  1848  1983  1999
CRT15B  1950  1371  2071  2000  2895   990   986   800  1049  1254   946
CRT15B  1960  1203   896  1288   859  1420   955   297   689  1279  1044
CRT15B  1970   954  1021  1348  1309  2231  3662  2483  1251  1103  1217
CRT15B  1980  2675  1085  1161  1508  2046  1746  1169  1020   949  1346
CRT15B  1990   795   792   917   807   763   993  1133  1565  1894  1984
CRT15B  2000  1217  1579  1584  1642  1109  1649  1420  1124  1457  1339
CRT15B  2010  1402  1258  1810  2233  1948  1322  1447  3090  2232 -9999
CRT16A  1906  4433  4014  2464  4369
CRT16A  1910  4141  2590  3710  3178  1906  4053  4613  4115  3938  4318
CRT16A  1920  3188  2773  3645  3797  2047   750  1054  2567  3862  3534
CRT16A  1930  1702  2071  2933  1842  3153  3878  2703  2692  2440  2490
CRT16A  1940  3140  2948  2757  3964  1842  2516  2426  2350  2413  3238
CRT16A  1950  3418  3213  2212  4127  3304  2961  3124  2705  1830  1567
CRT16A  1960  2098  1398  1803  1436  1650  1106   395   916  1244  1232
CRT16A  1970  1589  2223  2934  1841  3112  3454  2542  1817  2746  2489
CRT16A  1980  2344  2190  2531  1932  1896  2035  1664  1565  2187  1715
CRT16A  1990  2326  2133  3010  2084  1715  2313  2312  2945  3169  3496
CRT16A  2000  3331  3014  2377  1001  1491  1714  1209  1499  1490  1327
CRT16A  2010  1588  1918  2758  3746  2808  2363  3037  3835  4106 -9999
CRT17A  1849  2807
CRT17A  1850  2774  3137  5998  5653  6353  6935  4788  1568  1672  2284
CRT17A  1860  1867   979  1118  1283   699  1727  1411  1424  2300  3417
CRT17A  1870  3673  4819  2769  2246  2806  3330  2731  1234  3507  4610
CRT17A  1880  4927  1995  2477  2616  3417  2540  2454  2185  1749  2333
CRT17A  1890  2960  1759  3597  3264  1846  2782  1909  3607  1011  1182
CRT17A  1900  2133  1892  1817  1140   853   978  1500  1245   763  1600
CRT17A  1910  1422  1234  1723  1080   611  1195  1032  1425  1233  1587
CRT17A  1920  1761  1727  3238  2783  2248  1058   762  1676  2710  2197
CRT17A  1930  1455  1081  1946  2108  4705  2858  2287  2058  3329  2057
CRT17A  1940  1600  1328  1168  1741   791  2210  1463  1156  1308  2237
CRT17A  1950  1638  1626   921  2312  1830  1104  1642  1310  1194  1460
CRT17A  1960   421   800  1121  1168  1346   815     0  1218  1117  2033
CRT17A  1970  1678  1998  2446  1729  2492  1652  2374  1629   983  1073
CRT17A  1980  2477  1437  1779  1524  1550  2287  1241   928  1005  1266
CRT17A  1990  1373  1045  1486   187   219   432  1170  1996  1880  1907
CRT17A  2000  1984  2159  2948  1868  2415   839  1765   736  1095  1582
CRT17A  2010   927   800   674  1081  1084   928  1557  3224  3911 -9999
CRT17B  1837  1539  1372  1917
CRT17B  1840  3457  2311  2159  1270   825  1640  2374  1893  2110  2403
CRT17B  1850  2553  4272  4247  3544  2032  2719  2680  2047  2401  1858
CRT17B  1860  1643  1361  2073  2136  1691  1727  2579  2871  3035  1981
CRT17B  1870  2698  1955  1718  1870  1258  2542  4433  2832  4102  1563
CRT17B  1880  1473  2452  3747  2147  3219  3302  2489  2874  1614  3420
CRT17B  1890  3086  3418  3698  3060  2749  3035  2277  3424  1191  1576
CRT17B  1900  2071  2667  2722  2251  1575  1981  2807  2325   546  2123
CRT17B  1910  2363  1905  2837  2567  1110  2019  1996  1651  1813  2464
CRT17B  1920  1916  1755  3035  2604  2466  1372   882  1781  2985  2565
CRT17B  1930  1689  1323  1904  1592  2947  1907  1234  2768  3913  3836
CRT17B  1940  2553  2645  2323  2372  1158  1532  1463   977  1767  2452
CRT17B  1950  2159  2350  2549  2885  2197  1356  3038  3166  1950  2197
CRT17B  1960  1398  1424  1604  1605  2617  1486     0  1347  1333  1883
CRT17B  1970  1281  1930  1831  2263  2629  2731  2540  2565  1716  1923
CRT17B  1980  2667  2022  1337  1314  1373  2298  1171   898   725  1270
CRT17B  1990  1182  1059  1524   419   486  1155  1487  2896  4141  3633
CRT17B  2000  3755  4357  3632  2414  4170  1832  2668  1094  1473  3530
CRT17B  2010  2300  2019  2835  3073  2121  2705  2095  1666  2845 -9999
CRT18A  1893  3195  2289  2339  2227  3036  2447  3090
CRT18A  1900  2567  3913  4661  4015  2095  1694  2325  1690  1524  3341
CRT18A  1910  3632  2222  2883  2935  1461  3951  3735  3924  4056  3734
CRT18A  1920  3616  2926  3191  2044  2224  1156  2693  4677  5209  6278
CRT18A  1930  2160  3306  2732  2918  2993  3125  2109  2889  3328  3632
CRT18A  1940  3340  2147  2565  3429  1741  2795  1930  2286  3253  2825
CRT18A  1950  2127  3619  2235  3252  2375  3735  4882  3768  3194  2007
CRT18A  1960  2490  2134  2325  2279  3099  1922   800  1829  1460  2312
CRT18A  1970  1956  2794  4776  3329  3682  4742  2908  3167  2362  1851
CRT18A  1980  2163  2215  2019  1703  2275  2077  1134  1004   875  1398
CRT18A  1990  1092  1268  1817  1220   846  1826  1933  2911  2719  2383
CRT18A  2000  2327  2427  2514  2231  3175  1460  1488  1410  1982  2223
CRT18A  2010  2325  2532  2427  3441  3177  3048  3023  3692  3641 -9999
CRT18B  1894  3828  4445  3177  5024  2692  2378
CRT18B  1900  1842  2847  4648  3788  2185  1652  3295  2337  1524  2897
CRT18B  1910  4724  2934  4943  3862  1296  3317  3608  2987  3329  2730
CRT18B  1920  3230  2515  3480  1929  2400  1069  1448  2604  3900  4146
CRT18B  1930  2326  2644  3227  3467  3963  2788  1641  2929  2782  3297
CRT18B  1940  3419  2325  2961  3265  1170  2147  1364  2637  3284  2235
CRT18B  1950  2465  2681  2427  3866  3303  3176  4052  3162  2489  2248
CRT18B  1960  1893  1275   990  1631  2143  1751  1003  2004  2454  2514
CRT18B  1970  1994  2032  2324  1937  3979  3928  3467  3188  2870  3507
CRT18B  1980  4095  2925  3645  2693  2509  3409   859  1185   874   991
CRT18B  1990   726   742   737   514   471  1150  1769  2794  1658  2518
CRT18B  2000  1995  3048  3468  3124  4001  3022  2757  1907  1221  2581
CRT18B  2010  1361  3329  2756  4153  2895  2186  1983  1740  1500 -9999
CRT19A  1820  3422  3619  2329  3390  3460  3656  3079  3697  3968  3443
CRT19A  1830  5053  3968  3910  2117  2083  1555  2265  1339  2074  1242
CRT19A  1840  2216  1357  1582  1795  1792  2469  1752  1883  1640  1764
CRT19A  1850  1810  2570  2033  2893  2329  2136  2399  2040  1619  2102
CRT19A  1860  1532  1595  2201  1863  1820  1540  2103  2611  3345  2554
CRT19A  1870  2187  1813  1948  2034  1642  2089  2386  1580  2486  1807
CRT19A  1880  2794  2427  3302  2540  3499  2598  2573  2117  2157  1989
CRT19A  1890  3206  2272  2879  2578  1891  2527  2428  3219  3121  2304
CRT19A  1900  2413  2540  1962  2293  1989  2202  3047  2684  2444  2201
CRT19A  1910  1627  1596  2110  2838  2089  2663  2713  2506  2123  1938
CRT19A  1920  2205  1088  2384  1811  1581  1022  1627  2215  3232  2935
CRT19A  1930  1707  1751  2515  2610  4559  3909  2342  1793  1975  2625
CRT19A  1940  2709  1806  1951  2300  1651  1468   749   889   509   932
CRT19A  1950  1009  1287  1584  1963  1849  1469  1411  1298  1256  1482
CRT19A  1960  1373  1101  1199   990  1157  1044   269   906  1031   969
CRT19A  1970   903  1060  1227  1397  1764  1524  1539  1524  1796  1862
CRT19A  1980  2583  2245  2399  2455  1794  1623  1122  1018  1398  1230
CRT19A  1990  1388  1354  1694  1581  1185  1428  1299  1340  1666  2218
CRT19A  2000  1906  2047  1723  1342  2074  2004  2992  2117  2119  1651
CRT19A  2010  1864  2032  2159  2260  1934  1863  2449  2458  1823 -9999
CRT20B  1928  4752  4256
CRT20B  1930  2204  3556  4312  3744  4879  4182  2489  4560  4980  4486
CRT20B  1940  3485  2645  3121  4311  2480  3672  3519  3796  3882  3833
CRT20B  1950  4345  3992  2569  4546  3397  3307  3859  2956  2912  3152
CRT20B  1960  3152  3182  3127  2421  3091  2998  1624  2062  2508  3274
CRT20B  1970  2724  3670  3641  3739  4191  4686  3391  2753  3021  3250
CRT20B  1980  3528  3628  4459  3105  3572  4178  2223  4812  2739  3350
CRT20B  1990  2231  2582  3232  2076  1457  2117  4021  4417  3924  3048
CRT20B  2000  3098  2738  2358  3259  3669  1964  2329  2908  2316  3937
CRT20B  2010  2795  4024  3122  3711  2396  2314  1680  3294  3204 -9999
