CRW01B  1888  1938  2874
CRW01B  1890  1394  1591  1344  1411   473  3593  5089  2938  2881  3911
CRW01B  1900  3052  2579  2711  1955  2384   503   881   770  1293  1360
CRW01B  1910  2319  1875  1254   914  1221  1389  1959   809   956  1190
CRW01B  1920  1489  1618  1470  1982  1338  1125  1843  1291  1312  1651
CRW01B  1930  1122  1651  2011  1842  2032  2921  1778  2625  2392  2477
CRW01B  1940  3175  2583  2244  2307  1969  2477  2607  3133  2942  2350
CRW01B  1950  1948  2942  1588  2244  1694  2032  1948  1630  2286  2223
CRW01B  1960  2583  2731  2562  1905  2159  2202  1863  1905  2456  1757
CRW01B  1970  2075  2393  4530  2519  3537  2943  2943  3027  3028  2710
CRW01B  1980  3048  1864  2625  2054  1482  2858  1800  2604  1990  2413
CRW01B  1990  1969  2032  2922  2647  1842  3197  2731  3218  1799  2540
CRW01B  2000  1673  2964  2604  2519  2604  2350  1757  2118  1611  2288
CRW01B  2010  2202  2965  2520  2713  1609  1693  1822  1778  2625 -9999
CRW02A  1905  1549  1952  1749  2483  2080
CRW02A  1910  2104  1336  1698  1909  2081  1803  1762  1507  1718  1507
CRW02A  1920  1507  1845  1845  1866  1187   807   870   763   785  1082
CRW02A  1930   848   891  1103  1103  1484  1909  1251  1781  1718  1824
CRW02A  1940  1548  1866  1506  1718  1379  1972  1930  1760  1422  1569
CRW02A  1950  1379  1781  1272  1824  1166  1273  1421  1421  1379  1147
CRW02A  1960  1294  1337  1230   891  1337  1040   828   933   997   893
CRW02A  1970   849   998  1167   997  1230   912   976   764  1082   913
CRW02A  1980   976   890  1357   954   786  1018   679  1294  1061   891
CRW02A  1990   955   998  1020   828   742   913   870   807   595  1103
CRW02A  2000   702   954  1145  1040  1166  1019  1188  1166  1082  1336
CRW02A  2010   657   722  1060   912   870   763   935  1145  1272 -9999
CRW03A2 1758   564   574
CRW03A2 1760   562   332   709   391   454   562   557   410   417   502
CRW03A2 1770   498   620   492   455   539   495  1598  1856  1100  2153
CRW03A2 1780  1119  1138  1679  1119   975  1062  1471  1416   924  1021
CRW03A2 1790  1079  1487  1228  1935  1839  1763  2159  2255  2224  1630
CRW03A2 1800  3025  2440  2347  2515  2582  2838  2822  2684  2897  1903
CRW03A2 1810  2571  2491  2260  2014  2168  2152  2227  2462  2919  2246
CRW03A2 1820  2148  2179  2092  2363  2794  2199  2795  2280  2247  2638
CRW03A2 1830  2031  2359  2057  2125  1683  1972  1794  1593  1498  1415
CRW03A2 1840  2026  1672  1372  1693  1266  1728  1916  1948  2123  2113
CRW03A2 1850  1787  1911  2093  1663  1752  1396  1109  1461  1271  1431
CRW03A2 1860  1336  1549  1349  1461  1384  1509  1305  1306  1406  1668
CRW03A2 1870  1518  1263  1277  1244  1090  1780  1429  1717  1593  1248
CRW03A2 1880  1421  1614  1188   765   948  1063   988  1107  1075  1052
CRW03A2 1890  1274  1388  1482  1101   769   937  1267  1109   826   907
CRW03A2 1900   891   665  1044  1111  1261   976  1039   902   891  1229
CRW03A2 1910  1105   982  1078  1095   801   768   992   824  1140   965
CRW03A2 1920  1394  1182  1605  1691  1369  1024   831   985   940   938
CRW03A2 1930   917   882  1220  1084  1425  1337  1435  1457  1368  1730
CRW03A2 1940  1587  1748  1061  1313  1018  1275  1532  1314  1272  1393
CRW03A2 1950  1439  1421   947  1068  1078  1004  1009   996   817  1057
CRW03A2 1960  1023  1069   983   903   927   995   674   830   974   876
CRW03A2 1970   900   713   949   775   961   870   995   852  1082   922
CRW03A2 1980   750   707   843   825   610   558   644   768   635   712
CRW03A2 1990   597   666   799   512   632   584   799   576   634   684
CRW03A2 2000   480   486   522   476   511   505   568   367   794   715
CRW03A2 2010   603   608   710   749   287   639   528   675   516 -9999
CRW03B2 1831  4648  4682  4252  3115  3205  3252  2752  2320  3008
CRW03B2 1840  3366  2819  2782  2664  2671  3108  2930  3575  3664  3388
CRW03B2 1850  2773  2651  2938  2751  3067  2658  1816  2998  2511  2603
CRW03B2 1860  2740  2758  2526  3134  2245  2814  2715  2489  2816  2924
CRW03B2 1870  2339  2247  2662  2117  2178  3384  3103  2991  3729  2949
CRW03B2 1880  2847  2966  3378  1691  2608  2434  2334  2469  2204  2594
CRW03B2 1890  1912  2731  3033  2699  1544  2040  2347  2418  2341  1989
CRW03B2 1900  1665  1975  2080  1884  2072  2105  2267  1673  1958  2160
CRW03B2 1910  1864  1406  2193  2037  1621  1877  1479  1154  1083  1440
CRW03B2 1920  1810  1559  1811  2341  1959  1385  1635  1603  1679  1662
CRW03B2 1930  1288  1458  1966  2010  2310  2411  1633  2063  2214  2036
CRW03B2 1940  2366  2023  2413  2496  2518  2867  3135  2863  2668  2806
CRW03B2 1950  2859  2881  2318  1509  1136  1437  1521  1287  1795  1794
CRW03B2 1960  1540  1627  1987  2008  2050  2274  1596  1873  1875  1373
CRW03B2 1970  1493  1573  1892  1834  2225  2477  2638  2810  2749  2385
CRW03B2 1980  1636  1781  2183  2176  1612  2881  1913  2136  2394  2295
CRW03B2 1990  2315  2080  2743  2287  2691  1946  1846  2123  2413  1853
CRW03B2 2000  1730  1810  1699  1699  1858  1906  1479  1976  1884  1961
CRW03B2 2010  1495  2130  2143  2366  2024  2374  2088  2723  1857 -9999
CRW05A  1834  2499  1961  2495  1640  1769  1362
CRW05A  1840  2235  2407  1932  2350  1757  1511  2139  2022  1856  1674
CRW05A  1850  1833  2301  1855  2187  2011  1780  1288  2018  1873  1562
CRW05A  1860  1486  2102  2802  2755  2852  2891  2363  2418  2049  2705
CRW05A  1870  3114  1950  1828  1801  1613  1914  2115  1693  2184  1105
CRW05A  1880  1388  1293  1821  1392  1633  1150  1734  1373  1172  1620
CRW05A  1890  1340  1695  1640  1319   649  1995  1910   785   590   919
CRW05A  1900  1335  1335  1602  2351  2172  1736  1706  1911  1413  1263
CRW05A  1910  1862  1135  1907  1476  1288  1512  1884  1484  1102  1335
CRW05A  1920  1419   767   339   662   914   895  1234  1232  1336  1111
CRW05A  1930   874   832  1087   937  1132  1276  1228  1186  1228  1059
CRW05A  1940   932   805   550   783   635  1037  1016  1059  1059   995
CRW05A  1950   932  1291   953  1143   910   974   677   635   868   614
CRW05A  1960   889   868   995  1016   932   656   656   678   657   635
CRW05A  1970   826   762   932   847   953   847   805   762   762   762
CRW05A  1980   783   932  1313  1101   890  1461  1165  1356  1101  1207
CRW05A  1990  1461  1016  1461   998  1440  1207  1228   847   932  1186
CRW05A  2000  1418  1461  1652  1081  1397  1313  1482  1334  1059  1101
CRW05A  2010  1482  1503  1270  1588  2097  1461  1609   868  1209 -9999
CRW100A 1750   953   826   489   741   678   762   974   953   953   826
CRW100A 1760   699   995   868   762   932  1017   720   572   720  1038
CRW100A 1770   910   995   910   720   614   678  1249  1186   614   995
CRW100A 1780  1144   677   762   720   783   826  1143   783   868   953
CRW100A 1790  1080  1143  1185  1439  1566  1397  1355  1080  1207   783
CRW100A 1800  1355  1228  1333  1440  1376  1312  1736  1270  1291  1122
CRW100A 1810  1969  1418  1270   910  1164   995  1333  1672  1503  1081
CRW100A 1820  1419  1038  1356  1441  1610  1356  1821  1335  1292  1356
CRW100A 1830  1356  1292  1504  1420  1610  1420  1483  1250  1080  1104
CRW100A 1840  1500  1207  1333  1270  1355  1545  1376  1651  1443  1461
CRW100A 1850  1312  1185  1355  1185  1397  1333  1101  1186   910  1080
CRW100A 1860   889   995  1059  1397  1123  1207  1101   976   995  1270
CRW100A 1870  1016  1101  1059  1143  1080  1779  1355  1144  1377  1228
CRW100A 1880  1059  1124  1059   975   996  1228   848   910   996   762
CRW100A 1890   848  1143   784   826   635   762   826  1059   826  1102
CRW100A 1900  1228   998  1144  1017   975   868  1187  1038  1102  1525
CRW100A 1910  1016  1037  1059  1080   656   974   996   635   826   847
CRW100A 1920   953   868  1313  1186  1249   932   614  1143   762   889
CRW100A 1930   826   847   995   762  1334  1228  1101  1376  1144  1122
CRW100A 1940  1016  1376  1059  1164   911  1270  1079  1326   955  1064
CRW100A 1950  1062  1424   977  1083  1041   935   977   872  1069   935
CRW100A 1960   872   977  1020   935  1188  1106   870  1127  1106  1167
CRW100A 1970   786  1272  1315  1359  1528  1146  1422  1122  1164  1249
CRW100A 1980  1080  1524  1312  1249   868  1228  1186  1397  1122  1207
CRW100A 1990  1228   953  1418   826  1016  1081   869  1378  1125  1292
CRW100A 2000  1000   974  1037   851   977   898   826   872   977   893
CRW100A 2010  1021   976   893  1106   911   783   910   814   776 -9999
CRW100B 1822  1169  1305  1590  1314  1867  1188  1274  1422
CRW100B 1830  1211  1422  1443  1401  1489  1462  1591  1400  1209  1102
CRW100B 1840  1528  1482  1524  1715  1482  1545  1588  2075  1841  1461
CRW100B 1850  1143  1072  1723  1103  1697  1715  1312  1101  1206  1037
CRW100B 1860   847   847   952  1397  1164  1080   931  1081  1461  1185
CRW100B 1870  1291  1143  1249  1291  1355  1968  1630  1482  1693  1143
CRW100B 1880  1524  1270  1503  1101  1312  1397  1207  1079  1228   932
CRW100B 1890  1037  1419  1016  1566   868   953   720  1376  1807  1297
CRW100B 1900  1715  1164  2223  1630  1799  1186  1293   487   847   953
CRW100B 1910  1017   826  1313  1144   742  1186  1080  1102  1313   996
CRW100B 1920  1186   975  1334  1038   974   741   720  1039   953   996
CRW100B 1930   784   932  1017  1144  1377  1570  1443  1677  1336  1398
CRW100B 1940  1464  1253  1273  1252  1060  1315  1104  1167  1039  1188
CRW100B 1950  1127  1127   935  1083  1106  1125   977   895   742   869
CRW100B 1960  1038  1187  1166   996  1124  1188  1018  1273   996  1146
CRW100B 1970   784  1443  1250  1016  1186   974  1207   762   996  1122
CRW100B 1980  1038  1016  1250   826   805   953   932   975   910   656
CRW100B 1990   783   868  1037   839   937  1024  1045   853   748  1171
CRW100B 2000   641   767   880   617   659   620   741   822   958   727
CRW100B 2010   773   746   657   895   752   657   935   752   550 -9999
CRW101A 1780   739   540   673   673   544   498   652   760   837   710
CRW101A 1790   452   752   428   793   665   407   668   773   599   422
CRW101A 1800   636   536   494   616   508   725   503   560   449   362
CRW101A 1810   581   491   473   491   453   536   578   599   428   386
CRW101A 1820   578   494   449   706  1051   964   752   706   599   699
CRW101A 1830   641   773   860   776   644   839   818   773   452   689
CRW101A 1840   731   644   602   710   557   710   617   638   617   596
CRW101A 1850   447   617   788   575   725   701   617   512   596   575
CRW101A 1860   659   512   531   916   767   937   638   767   552   788
CRW101A 1870   512   872   491   809   623  1542  1083   912  1018   870
CRW101A 1880   701   807   784   573   935   700   765   700   679   680
CRW101A 1890   721   680   828   700   468   763   722   849   658   763
CRW101A 1900   701   786   786   721   786   891   955   911  1270  1006
CRW101A 1910   895   470   832   627   487   919   806   863  1009   762
CRW101A 1920   957   919  1159  1267  1117   748   623  1051   860  1030
CRW101A 1930   773   686   835   725   979  1148   851  1258  1405  1531
CRW101A 1940  1297  1066  1106  1021  1106  1171  1129   746  1218   870
CRW101A 1950   636  1169   573   828   657   807   828   786  1041   701
CRW101A 1960   849   997   848   814   744   828   680   680   912   615
CRW101A 1970   786   870   806   665   762   680   849   849   997   828
CRW101A 1980   955  1508  1485  1041   805   998   870  1104   720  1234
CRW101A 1990   763   828   934   636   849   784   974   788   744  1060
CRW101A 2000   997  1124  1148  1187  1127   793  1059  1060   811   809
CRW101A 2010   974  1242   953  1405  1001   872  1018   763   956 -9999
CRW101B 1780   370   483   305   323   389   559   723  1084  1151  1046
CRW101B 1790  1098  1223   705   854  1020   733  1442  1127  1201   735
CRW101B 1800   979   843   721  1010  1080  1250   669   716   593   640
CRW101B 1810   985   786   691   691   691   786   738   814   977   546
CRW101B 1820   824   523   711   951  1310  1260  1117  1004   880  1526
CRW101B 1830   909   995  1365  1440  1070  1407  1292  1071   716   609
CRW101B 1840  1004   890   850   890   649   783   689   719   573   951
CRW101B 1850   515   696   743   609   790   656   602   676   590   743
CRW101B 1860   810   649   617  1058   657   878   837  1038   716  1088
CRW101B 1870   925  1125   683   925   837  1246  1027  1027  1111   727
CRW101B 1880   557   748   725   536   773   809   679   701   510   744
CRW101B 1890   849  1041   807   744   510   575   828   849   933   893
CRW101B 1900   914   807   912  1064  1125   725   976   884   690  1053
CRW101B 1910   659   693   623   746   512   790   638   898   937   596
CRW101B 1920   704   662   891   893  1171   594   725   617   659   935
CRW101B 1930   683   623   932   680  1129  1258   910  1441  1187  1441
CRW101B 1940  1377  1293  1103  1272  1080  1504  1361  1148  1321  1041
CRW101B 1950   916  1062   805   953   783   953   783   932  1312   784
CRW101B 1960   932  1059  1080   741   868   762   614   868   784   614
CRW101B 1970   593   678   679   699   741   742   741   932   889   679
CRW101B 1980   847  1293  1101  1080   741  1102   890   996   868  1123
CRW101B 1990   932   847  1059  1017   911   826   996   830   953  1106
CRW101B 2000   868   974   805   847  1125  1207   932  1250   762   700
CRW101B 2010   783  1355  1122  1059  1164   974  1165  1397   995 -9999
CRW103A 1823   957   771   951  1038   520   844   971
CRW103A 1830   636   760   665   728   881   769   473   877   985   641
CRW103A 1840   793   890   735  1075  1167  1117   693   881  1134  1181
CRW103A 1850   856  1005  1135   901   961   922   856   365   620   623
CRW103A 1860   602   469   516  1072   602   613   610   598   474   731
CRW103A 1870   835   536   731   664   773  1009   988  1069  1078   885
CRW103A 1880   926  1119  1098   868   872   781   760   827   718  1089
CRW103A 1890   714   818   925   791   725  1053  1370  1243  1237  1176
CRW103A 1900  1089  1047  1571  1304  1268  1243  1424  1201  1238  1304
CRW103A 1910  1411   786  1376  1262   868  1591  1520  1104   955   993
CRW103A 1920  1424  1531  1877  1424  1233   790   937  1153   814  1135
CRW103A 1930   752   644  1051   898  1504  1455  1150  1761  1582  1582
CRW103A 1940  2180  2246  1790  1706  1366  2156  1811  1494  1365  1489
CRW103A 1950  1404  1550   911  1295   933   955   997   891   890   678
CRW103A 1960   998   890   977  1103   933   870   657   594   679   531
CRW103A 1970   742  1002   765   996   889  1037  1525   804  1208   804
CRW103A 1980   932  1354  1060   952   698  1122  1441  1206  1207  1652
CRW103A 1990  1037  1165  1249   825  1166   931   952   741   974  1333
CRW103A 2000   826   889  1631   846   974  1737  1504   994   720  1419
CRW103A 2010   783  1546  1143  1461  1102   804  1228  1037  1186 -9999
CRW103B 1825  1020  1153  1242  1144  1090
CRW103B 1830   932   399   738   720   767   825   994   464   657   560
CRW103B 1840   909   905   930   971  1166  1084   494  1054  1386  1081
CRW103B 1850   997  1231  1231  1167  1424  1715   995   403   741   658
CRW103B 1860   699   741   931  1376   932  1186  1080   910   931  1059
CRW103B 1870  1016   805   804   826   593  1545  1397  1483  1767  1228
CRW103B 1880  1566  1313  1588   910  1207  1101   847   952  1270  1524
CRW103B 1890  1143  1270  1101  1270   593  1376  1503  1693  1482  1016
CRW103B 1900  1037  1080  1503  1482  1249   995  1143   741   952  1101
CRW103B 1910   847   784   974  1016   804  1355  1037   889   910   826
CRW103B 1920  1313  1312  1207   805  1228   659  1143   995   953  1080
CRW103B 1930   593   445   783   678   805   910   889  1101  1143  1228
CRW103B 1940  1736  1926  1672  1355  1143  1778  1651  1376  1016  1334
CRW103B 1950  1101  1672   847  1059   889  1058   995   953  1251   847
CRW103B 1960  1060  1334   995  1439   889   741   656   550   932   910
CRW103B 1970   953   656  1037   635   974   783  1186   805   932   804
CRW103B 1980   953  1185  1228  1228   614   889   889  1185   805   868
CRW103B 1990   889   572   741   635   741   763   720   573   847   998
CRW103B 2000   952  1144  1144   974   762   910   678   635   889  1058
CRW103B 2010   551  1145   937   848   765   720   847   765   742 -9999
CRW104A 1908   970  1686
CRW104A 1910   402   720   938  1103  1095  1507  1784  3880  2208  2467
CRW104A 1920  2194  2295  1990  1604  2237   965  1301  1138   671  1232
CRW104A 1930   954   978  1033  1481  1453  2628  1606  2366  2009  1691
CRW104A 1940  1524  2207  1437  1000  1064  1762  1429  1026   937  1262
CRW104A 1950  1059  1413   945   826   953   889   882   572  1016  1088
CRW104A 1960   778   995  1080   738   952   897   611   621   714   596
CRW104A 1970   524   588   914   731   509   365   588   518   604   476
CRW104A 1980   462   484   564   803   572   390   365   390   373   485
CRW104A 1990   429   326   405   337   405   294   294   342   246   358
CRW104A 2000   334   374   468   333   526   421   389   500   365   421
CRW104A 2010   350   405   445   469   342   310   255   288   326 -9999
CRW105A21822  1349  1237  1377  1257  1187   969  1267  1351
CRW105A21830   602   662   755   884  1018   863   652   655   448   541
CRW105A21840   693   794   913  1017   892  1061   955   950  1135  1055
CRW105A21850   738   785   938   608   485   497   665   668   694   502
CRW105A21860   544   488   479   806   671   753   777   769   732   786
CRW105A21870   619   576   586   630   517   864   704   605   623   486
CRW105A21880   368   466   520   624   529   589   538   535  1042   966
CRW105A21890   840   677   835   534   416   461   593   794   818   702
CRW105A21900   851   805  1017  1223   844   699   635   644   922   818
CRW105A21910  1295   732  1025  1065   739   763  1073  1065  1303  1103
CRW105A21920  1111  1040  1397  1262  1135   675   738   675   611   778
CRW105A21930   929   706   921   913  1286  1723  1175  1334  1405  1191
CRW105A21940  1381  1167  1128   952   858   913   976   826   857   794
CRW105A21950   882   933   929   699   620   557   611   667   755   605
CRW105A21960   714   714   611   667   708   709   635   603   588   699
CRW105A21970   667   605   565   525   746   612   660   627   627   470
CRW105A21980   785   730  1031   946   638   746   834  1036   770  1008
CRW105A21990  1076   723   890   804  1121  1088   937   945   786   652
CRW105A22000   556   604   714   714   676   764   676   834   803   572
CRW105A22010   667   812   597   556   543   532   501   485   461 -9999
CRW105B21818   556   445
CRW105B21820   566   839  1012   826  1003   929   908   803  1003  1374
CRW105B21830   494  1096   993  1134   726   692   772   540   350   560
CRW105B21840   794   881   786   905   818   786   548   770  1032   897
CRW105B21850   675   715   611   452   714   803   579   572   683   484
CRW105B21860   468   525   517   707   595   651   683   627   763   611
CRW105B21870   739   635   557   627   357   611   595   484   870   619
CRW105B21880   657   445   750   574   586   549   666   619   487   633
CRW105B21890   445   671   573   597   312   552   613   652   564   880
CRW105B21900   801   778   897   945   810   699   707   645   872   748
CRW105B21910   830   486   812   834   675   830   814  1200  1103  1241
CRW105B21920  1165  1140  1655  1710  1469   975  1061   954   880  1371
CRW105B21930  1014  1090  1387  1146  1436  1780  1474  1283  1575  1399
CRW105B21940  1770  1694  1529  1614  1437  1470  1368  1295  1313  1207
CRW105B21950  1103  1273  1097  1103   878   899   985   742   741   702
CRW105B21960   815  1004   690   770   846   997   763  1119   732   896
CRW105B21970  1007   978   857  1104   792   992  1073   791  1135  1074
CRW105B21980  1223  1171  1613  1293   846   870  1082  1227   908  1182
CRW105B21990  1189   812  1082  1049  1443  1544  1589  1358   757   905
CRW105B22000   851   814  1012   931   896   978   973  1075   891   873
CRW105B22010   835   772   598   653   762   716   487   589   484 -9999
CRW107A 1804  1695  1720  1634  1401   890  1122
CRW107A 1810  1122   874   683   727   769  1024   641   620   811   510
CRW107A 1820  1059   995  1312  1694  1863  1312  1206   932   995  1291
CRW107A 1830   741  1066   979  1108  1148  1066  1066   898   979   895
CRW107A 1840  1090  1083   847   805   783   487   635   638   678   658
CRW107A 1850   403   445   551   341   508   447   381   508   382   383
CRW107A 1860   362   533   533   746   554   641   470   512   383   575
CRW107A 1870   599   318   470   428   468   818   638   428   706   554
CRW107A 1880   303   489   940   491   748   683   683   686   447   856
CRW107A 1890   704   809   860   739   303   262   470   554   731   839
CRW107A 1900  1039   769   877  1146   763   701   827   720   551   572
CRW107A 1910   510   381   530   508   508   826   744   786   826   679
CRW107A 1920   889   762   974   762   889   466   699   699   931   889
CRW107A 1930   783   508   635   699   932   974   804  1016   995  1016
CRW107A 1940   889   847   952  1122   952   932   995   974   952   805
CRW107A 1950   889   931   551   720   720   614   741   677   826   593
CRW107A 1960   635   614   529   656   657   699   677  1016  1207  1207
CRW107A 1970  1101  1249  1630  1567  1398   572  1101  1101  1017  1291
CRW107A 1980   762   912  1080  1164   910   974   741  1037   762   974
CRW107A 1990   931   489   573   635   763   741   783   487   656   720
CRW107A 2000   720   848   614   614   572   551   529   508   466   444
CRW107A 2010   489   530   487   508   424   360   530   445   318 -9999
CRW107B 1808   826  1018
CRW107B 1810   998   730   825   974  1287  1223  1250  1556  1452   589
CRW107B 1820   701   606  1013  1307  1420  1638  1329   932  1073  1006
CRW107B 1830   924  1088  1289  1109  1068   981  1038  1042   951  1064
CRW107B 1840  1259  1131   904   951  1079   971   616   765   683   724
CRW107B 1850   529   744   858   893   843   847   673   822   781   494
CRW107B 1860   565   735   739   951   673   909   627   652   581   663
CRW107B 1870   858   570   570   770   576   724   462   730   710   382
CRW107B 1880   390   582   827   417  1018   904   910   724   843   897
CRW107B 1890   683   529   945   730   258   535   704   606   665   930
CRW107B 1900   909   847  1013  1320  1146   996  1084   909   893   926
CRW107B 1910   827   673  1088   781   781  1001  1196   955  1391   898
CRW107B 1920  1350  1270  1337  1246  1291   755  1138  1248  1142  1108
CRW107B 1930   809   638   874   744  1171  1363  1087  1533  1554  1064
CRW107B 1940  1384  1403  1479  1400  1060  1315  1229  1252  1018   933
CRW107B 1950   763   890   763   916   572   614   657   678   910   678
CRW107B 1960   699   678   741   657   784   932   765   931  1229  1250
CRW107B 1970  1335  1271  1695  1546  1250   847  1507  1231  1400  1677
CRW107B 1980  1442  1507  1484  1422   955  1250  1167  1403  1271  1573
CRW107B 1990  1676   529   680   901  1355  1482  1376   826   931  1207
CRW107B 2000  1165  1439  1103  1252   995   763   742   765   614   657
CRW107B 2010   657   699   827   615   868   551   508   763   550 -9999
CRW108B 1790   894  1119   773  1049  1672  1351  1216   814   751   679
CRW108B 1800   785   525   477   875   716  1296   676   628   573   557
CRW108B 1810   764   851   739   750   678   359   612   421   684   430
CRW108B 1820   608   620   799   811   969   946   962  1041  1065  1081
CRW108B 1830   723   986  1192  1057   946  1033   954  1026   812   762
CRW108B 1840  1228   955  1012  1301  1381  1116   636  1054  1160  1272
CRW108B 1850   850   706   763   656  1067   612   572   798   905   675
CRW108B 1860   548   675   882   993   810   995   899   770   922   977
CRW108B 1870  1072   953   754   913  1127  1135  1278   890  1090   834
CRW108B 1880  1004   850   738   596  1051  1048   898   945   739   851
CRW108B 1890  1081   914  1153   730   461   526   541   556   786  1246
CRW108B 1900  1232  1065  1231  1160   969   627   850   675   881  1061
CRW108B 1910   850   541   653   596   556   635   757   611   715   653
CRW108B 1920   834   778  1088  1214   897   527   652   754   740   841
CRW108B 1930   629   667   715   627   961   842   643   668   802   651
CRW108B 1940   714   597   747   643   611   683   707   786   643   579
CRW108B 1950   548   509   502   382   413   413   464   405   389   350
CRW108B 1960   358   478   386   315   271   416   326   344   270   358
CRW108B 1970   266   278   286   262   383   326   231   272   390   318
CRW108B 1980   287   230   223   270   151   207   286   400   357   350
CRW108B 1990   363   365   407   365   384   461   390   345   302   437
CRW108B 2000   508   468   485   557   326   519   390   548   296   389
CRW108B 2010   238   391   231   359   271   287   302   325   268 -9999
CRW109A 1788  1078   827
CRW109A 1790  1008   644  1022  1635  2066  1243  1568  1333  1529  1152
CRW109A 1800  1334  1071   901  1423  1517  1901   850  1386  1118  1246
CRW109A 1810  1239  1058   857  1259   979  1053  1406  1272  1647   578
CRW109A 1820   877   791  1047  1363  1557  1686  1491  1770  1428  1494
CRW109A 1830  1066  1321  1279  1449  1242  1342  1104   935   657   748
CRW109A 1840   826   891   872  1188   891  1062  1104  1317   998   997
CRW109A 1850   872   891   976   872   891   744   849   933  1148   870
CRW109A 1860  1083   997   828  1232  1145  1229  1124   807   912  1145
CRW109A 1870  1167  1231   934  1124   807  1315  1400  1443  1569  1167
CRW109A 1880  1060  1083  1294   933  1124  1018  1083  1060  1125  1251
CRW109A 1890   786  1081  1209   988   554   706   811   898   644   769
CRW109A 1900  1069   940  1263  1473  1155  1183  1877   982  1024  1069
CRW109A 1910   683   725   578   489   665   811   767   919   832   727
CRW109A 1920   895  1066   961  1003   641   599   620   704   683   512
CRW109A 1930   386   449   447   533   735   700   594   668   578   752
CRW109A 1940   557   536   623   818   602   620   710   623   599   432
CRW109A 1950   515   623   494   644   470   365   365   345   494   494
CRW109A 1960   510   599   491   489   339   339   258   447   276   510
CRW109A 1970   403   447   445   531   489   531   466   706   686   578
CRW109A 1980   665   835   814   727   704   731   744   967  1034  1679
CRW109A 1990  1744  1209  1639  1228  1820  1630  1441   851  1228  1397
CRW109A 2000  1186  1143   955  1060   805   974   552   910   783   720
CRW109A 2010   635   721   762   720   530   614   614   593   571 -9999
CRW109B 1792  1069  1695  1703  1093  1366  1373  1227  1051
CRW109B 1800  1602   834   864  1239  1071  1207   495   991   803   890
CRW109B 1810  1130  1047   899  1047   919   852   909   686  1111   536
CRW109B 1820   575   814  1195  1338  1294  1441  1272   911  1081  1124
CRW109B 1830   953  1208  1250  1124  1124   848   890   721   593   531
CRW109B 1840   551   635   510   827   786   699   699   783   783   783
CRW109B 1850   614   783   931   720   847   720   762   910   783   847
CRW109B 1860   889   677   868  1016   974   847  1122   995   826   995
CRW109B 1870  1164   910   868   783  1122  1334  1164  1185  1693  1037
CRW109B 1880   952  1122  1079   847   932   910   889   720   889   953
CRW109B 1890   868   826   889   783   529   572   762   805   826  1038
CRW109B 1900  1144  1270  1291  1101  1101  1037  1291   868  1249  1101
CRW109B 1910   974   677   847   762   826   995  1016   910   847   720
CRW109B 1920   889   572   910  1058   847   635   783   657   762   826
CRW109B 1930   593   571   593   614   677   804   720   445   614   699
CRW109B 1940   868   487   678   699   466   762   656   593   530   407
CRW109B 1950   383   411   362   382   282   320   445   234   339   297
CRW109B 1960   402   318   423   297   424   466   339   436   381   381
CRW109B 1970   383   573   444   529   508   402   531   404   529   678
CRW109B 1980   530   679   974   893   763  1207   911  1442  1059  1045
CRW109B 1990  1515   932  1382  1340  1294  1272  1335  1081  1231  1674
CRW109B 2000  1355  1186  1083  1334   953  1312   974  1524   698   916
CRW109B 2010   849  1081   974   805   935   678   765  1270   848 -9999
CRW111A 1890   374   270   557   390   556   739   708   691   643   764
CRW111A 1900   900   889  1246  1698  1445  1341   765   532   517   643
CRW111A 1910   477   381   636   548   682   892  1000  1135  1088   968
CRW111A 1920  1107   763   882   786   819   597   738   842  1240  1414
CRW111A 1930   908   938  1197   921  1297  1349  1001  1485  1167  1373
CRW111A 1940  1233  1155  1541  1733  1015  1207  1161  1302   995  1303
CRW111A 1950   954  1082   794   754   628   961   850   962  1019  1019
CRW111A 1960  1215  1208  1146  1078   921  1207   833   969   969   717
CRW111A 1970   723   738  1016   778   743   592   692   574   676   731
CRW111A 1980   802   834  1175   828   622   812   889  1136   675   765
CRW111A 1990   739   844   959   667   740   714   593   760   342   437
CRW111A 2000   373   405   391   310   374   351   539   572   536   756
CRW111A 2010   498   482   676   549   495   532   569   581   593 -9999
CRW111B 1883   437   549   307   352   342   280   366
CRW111B 1890   202   319   334   384   322   659   583   286   235   497
CRW111B 1900   413   495   620  1003   796   813   437   468   487   476
CRW111B 1910   570   445   787   716   728   890  1145   763   959   805
CRW111B 1920  1309   568  1479  1588   891   639   491   522   905  1034
CRW111B 1930   836   801   985   944  1238  1675   950  1186  1068  1439
CRW111B 1940  1074  1103  1271  1381  1081  1153  1588  1787  1458  1589
CRW111B 1950  1621  2086  1369  1747  1263  1429  1302  1396  1315  1248
CRW111B 1960  1438  1405  1462  1340  1129  1566  1276  1715  1594  1199
CRW111B 1970  1467  1194  1484  1383  1247  1147  1448   962  1076  1059
CRW111B 1980  1238   992  1318  1135   651  1246  1158  1118  1050   743
CRW111B 1990   953  1064  1163   926   814  1421   872   620   421   486
CRW111B 2000   357   538   442   265   495   452   498   581   397   551
CRW111B 2010   432   458   492   472   393   559   328   421   470 -9999
CRW112A 1850   805   805   826   508   699   551   550   975   635   572
CRW112A 1860   678   296   551   932   741   868  1102   826   762  1017
CRW112A 1870   741   530   953   974  1059  1144   995  1080  1312   551
CRW112A 1880  1207  1144  1292   720  1291  1207   805  1038   995   932
CRW112A 1890   762   932  1165   741   402   953  1313   868   995   826
CRW112A 1900   680   742   910  1313  1122   614  3593  1536  1146  1533
CRW112A 1910  1486  1319  1499   991   701  1270  1232   710   880   494
CRW112A 1920   536   988  1221  1482  1542  1096  1907  1909  1843  1964
CRW112A 1930  1142  1017  1749  2135  2677  3293  1865  1588  2519  2053
CRW112A 1940  2455  2180  1905  2561  1545  2519  2709  2540  2286  2053
CRW112A 1950  1947  2138  1164  1799  1503  1715  1630  1482  1736  1588
CRW112A 1960  1841  1466  1715  1546  1800  1758  1377  1397  1440  1503
CRW112A 1970  1398  2096  2308  1567  1800  1376  1652  1228   911  1482
CRW112A 1980  1736  1609  2054  2118   868  1292  1694  1905  1461  1461
CRW112A 1990  1630  1165  1673  1630  2075  2096   847   889  1228  1312
CRW112A 2000   678  1017   868   699   995   657   658  1016   868   912
CRW112A 2010   741  1080  1039  1101   826  1059  1186  1185   932 -9999
CRW112B 1853   979   987  1187   998   731   937   901
CRW112B 1860   515   570   629   448   857   590   543   582   409   362
CRW112B 1870   562   743   519   531   587   873   843   692   664   445
CRW112B 1880   837   750   791   469   657   643   683   704   750   657
CRW112B 1890   489   483   663   349   422   934   585   585   416   452
CRW112B 1900   503   402   797  1063   893   627   590   714   483   627
CRW112B 1910   477   282   544   457   411   623   739   627   693   390
CRW112B 1920   519   673  1130  1387  1233   955  1561  1648  1561  1500
CRW112B 1930  1001  1093  1304  1458  1545  2117  1329   940  1907  1650
CRW112B 1940  1730  2095  1740  1718  1336  1823  1658  1698  1508  1274
CRW112B 1950  1018  1127   615  1108   830   746   895   638  1045   893
CRW112B 1960  1111  1111  1229  1167  1188   934   912   806   935   997
CRW112B 1970   956  1018  1380  1039  1018   701  1103   680   596  1103
CRW112B 1980  1207  1186  1673  1292   635  1123  1228  1249  1038  1313
CRW112B 1990  1229   805  1208  1038  1567  1186   657   531   932  1018
CRW112B 2000   868  1187   847   657  1166   911   699  1462   911  1249
CRW112B 2010  1059  1611  1093  1207   847  1614  1652   932  1234 -9999
CRW113A 1909  3758
CRW113A 1910  5369  4233  5761  4104  4898  5525  5395  4625  4272  4232
CRW113A 1920  4251  3589  3440  2405  2197  1577  4364  2670  1702  2620
CRW113A 1930  2060  3077  3541  4974  4449  6922  5145  7053  5819  4305
CRW113A 1940  5136  3429  4801  5023  3784  5758  4928  5118  3650  4003
CRW113A 1950  4767  4887  3105  4845  3846  4034  4969  3994  3766  4031
CRW113A 1960  4680  4642  4447  4108  3664  3071  2393  2902  2139  1864
CRW113A 1970  2140  2773  2667  2286  2794  3175  1736  2201  2477  2900
CRW113A 1980  2477  2625  1778  1990  1059  1651  1397  2308  1206  2138
CRW113A 1990  1397  1059  1270   974  1355  1418  1101  1059  1059  1651
CRW113A 2000   890  1439  1524  1122  1171  1334   933   783  1401  1843
CRW113A 2010  1485  2288  2329  4192  3206  2117  2080  2328  1780 -9999
CRW115A 1890   382   870   603   334   556   938   587   515   484   508
CRW115A 1900   710   803  1024   977   689   509   877   977  1527  1038
CRW115A 1910  1285   893  1527  1171  1120  2009  1931  1935  1928  1263
CRW115A 1920  1479  1150  1417  1510  1577  1089  1911  1148   722  1212
CRW115A 1930  1339  1599  2421  2294  3313  3971  2866  3804  3519  2990
CRW115A 1940  3896  3927  2837  3790  2732  3071  3059  4170  3389  3725
CRW115A 1950  3100  2690  1991  2647  2619  3198  3432  2838  2924  3166
CRW115A 1960  3323  3095  3216  2800  2885  2588  1994  1975  1886  1781
CRW115A 1970  2143  2270  2185  2530  3114  2483  2244  1536  2674  2161
CRW115A 1980  2823  2525  2441  2236  1357  2649  1844  3201  1883  2413
CRW115A 1990  2392  2012  1566  1292  1884  2202  2541  1862  2457  2371
CRW115A 2000  1905  2731  2943  2413  2413  1376  1673  1016  1651  2054
CRW115A 2010  2013  2858  2013  2900  2413  2184  2045  2328  1525 -9999
CRW115B 1890   355   331   265   342   375   578   611   523   455   489
CRW115B 1900   689   832   803   853   810   550  1032  1071  1518   904
CRW115B 1910  1197   932  1474  1179  1233  2111  1751  2050  1884  1242
CRW115B 1920  1489  1176  1541  1387  1560  1129  1940  1150   748  1192
CRW115B 1930  1365  1533  2431  2324  3282  3988  2826  3549  3649  2822
CRW115B 1940  3969  3811  3006  3769  2667  3027  3009  4128  3471  3645
CRW115B 1950  2350  3450  2208  2572  2540  3156  3589  2751  2906  3200
CRW115B 1960  3291  3197  3210  2658  3049  2725  1744  2016  1851  1927
CRW115B 1970  2142  2229  2206  2351  3136  2597  2210  1635  2563  2201
CRW115B 1980  2827  2572  2672  2027  1319  2647  1915  3133  1905  2392
CRW115B 1990  2307  1842  1694  1271  1863  2307  2329  1847  2561  2244
CRW115B 2000  1969  2709  2796  2247  2582  1359  1548  1291  1291  2265
CRW115B 2010  2075  2672  1969  3133  2328  2074  2161  2354  1461 -9999
CRW1A   1929  2711
CRW1A   1930  2189  2321  2664  2583  2757  3027  2233  2849  2999  3170
CRW1A   1940  2950  3824  2862  3289  2755  2848  2557  3159  4080  2987
CRW1A   1950  3107  3432  2062  3059  2271  2210  2125  2377  2491  2459
CRW1A   1960  3010  3011  3177  1820  2903  2797  1695  1377  2310  2902
CRW1A   1970  2753  1807  3226  1972  4009  3586  4645  3204  4234  3064
CRW1A   1980  3550  2249  3119  2934  1276  3038  2572  3718  2296  2443
CRW1A   1990  2288  2047  3219  2467  1685  2985  2762  2994  1760  2628
CRW1A   2000  2015  4007  3180  2417  3519  3368  2092  1848  1760  2393
CRW1A   2010  2183  3101  2098  3310  1928  2503  2653  1866  2713 -9999
CRW2B   1888   581   389
CRW2B   1890   342   345   370   213   175  1150  2752  2625  2392  2455
CRW2B   1900  2582  2371  3980  2498  3154  1291  2096  1249  2202  2392
CRW2B   1910  2350  1863  2455  1969  1799  1799  1715  1122  1672  1736
CRW2B   1920  1757  2180  2159  1990  1651  1080  1376  1334  1164  1863
CRW2B   1930  1037  1355  1503  1672  1863  2307  2244  2856  2688  2625
CRW2B   1940  3218  2794  2308  2921  2477  3239  2625  3112  3408  2879
CRW2B   1950  2479  3898  1907  3007  2563  2393  2520  2097  2054  2542
CRW2B   1960  2309  2499  2775  1589  2160  1801  1482  1568  1737  1292
CRW2B   1970  1991  1398  1822  1213  1440  1461  1694  1503  1419  1439
CRW2B   1980  1017  1167  1859  1166   910  1525  1145  2096  1209  1355
CRW2B   1990  1083  1297  1504   680   932  1276  1250   961   997  1746
CRW2B   2000   975  1573  1528  1045  1704  1526  1294  1386  1111  1856
CRW2B   2010   785   785  1428  1304  1268   910  1053   967  1000 -9999
CRW5B   1840  2979  1433  2246  1608  1699  1856  2362  4010  4039  1725
CRW5B   1850  1155  1567  1828  2175  2039  1540  2018  1906  1844  2151
CRW5B   1860  2646  2736  2644  2688   811  3928  3242  3236  2471  3053
CRW5B   1870  3673  2476  2754  2562  2169  2688  2486  2104  2273  1445
CRW5B   1880  2422  2083  2635  1891  2210  1784  1847  1255  1045  1510
CRW5B   1890  1294  1515  1964  1885   741  1783  2016  1422  1635  1635
CRW5B   1900  2037  1869  1995  2823  2526  2015  2056  2311  1356   741
CRW5B   1910   552   447  1124   997  1038  1612  1845  1908  1618  1512
CRW5B   1920  1620  1515  1528  1738  1441   911   572   868  1468  1694
CRW5B   1930   977  1041  1167  1123  1326  1632  1101  1150  1314  1207
CRW5B   1940  1228  1209  1125  1291   998  1250  1272  1207   974  1167
CRW5B   1950  1037  1525   910  1441  1143  1228  1167  1038  1378   910
CRW5B   1960  1062  1356  1525  1503  1376  1271  1101  1153  1250  1318
CRW5B   1970  1379  1398   932  1144  1232  1122  1571   961  1039  1434
CRW5B   1980  1508  1548  1994  2012  1431  1822  1825  2231  1697  1804
CRW5B   1990  2108  1024  1510  1363  1791  2064  1641  1043  1620  1533
CRW5B   2000  1641  1982  2137  2074  1389  1886  1159  1587  1114  1416
CRW5B   2010  1715  1931  1204  2048  2284  1470  1880  1515  1685 -9999
