FCT01A  1755  2293  1960  1600  1947  2175
FCT01A  1760  1804  2550  3430  4081  4374  3755  4061  3121  3444  3256
FCT01A  1770  1889  2726  2594  1234  1807  1562  1877  2626  1436  1539
FCT01A  1780  1435  1601  2516  2350  1529  1816  2592  2177  1790  1360
FCT01A  1790   965  1524   842   852   917   905  1253  1070  1615  1825
FCT01A  1800  2682  1881  3062  3710  3093  3474  3104  3063  2734  2547
FCT01A  1810  2622  1926  1879  1459  1845  1168  1630  2113  2238  1161
FCT01A  1820  2197  1671  1916  1912  1890  1445  2014  1644  1302  1796
FCT01A  1830  2934  2003  1631  2278  1809  1965  1471  1603  1337  1108
FCT01A  1840  1196  1324  1124  1065  1500  1817  1080  1667  1895  1107
FCT01A  1850  1241   555   644   635   404   899   556   856   853   663
FCT01A  1860   979  1183   432   991  1360  1549  2451  1689  2085  2007
FCT01A  1870  1752  1562  1943  2147  1123  2477  3238  1783  3099  1080
FCT01A  1880  1842  1195  1702  1333  2237  1689  1944  1625  1385  2568
FCT01A  1890  2096  1537  1829  2858  1955  2020  2248  2313  2061  1271
FCT01A  1900  1739  1855  1879  1959  1921  2017  2023  1847  1655  2734
FCT01A  1910  2087  1499  1778  1463  1435  1566  2721  1951  2477  1912
FCT01A  1920  2344  1640  3531  3338  2416  1255  1556  1916  2193  2251
FCT01A  1930  1466  1322  1361  1268  2196  1752  1647  1426  2906  2239
FCT01A  1940  1402  1616  2334  1848  1057  1978  1735  1389  1295  1413
FCT01A  1950  1507  1325  1039   935  1348  1073  1310  1425  1249  1281
FCT01A  1960  1424  1425  1405  1491  1466  1325  1498  1247  1347  1119
FCT01A  1970  1257  1575  1588  1435  1955  1550  1384  1219  1181  1169
FCT01A  1980   889  1295  1600  1423  1448  1562  1372  1372  1236   981
FCT01A  1990  1190   967  1343   736   836  1158  1106   592   613   870
FCT01A  2000  1012  1033  1190   905  1182  1188  1030   980  1752  1093
FCT01A  2010   711  1117   902  1372   991  1108  1081  1893  1499 -9999
FCT01B  1734  1841   856  1139  1563  1765  2059
FCT01B  1740  2467  1930  1728  1706  1969  3899  3306  3030  3658  4638
FCT01B  1750  4364  3597  2337  1909  2140  1816  1613  1934  2171  2102
FCT01B  1760  3521  3763  4211  4376  3772  4034  3176  3216  3035  1907
FCT01B  1770  2758  2350  1322  1385   419  1490  1918  2658  1587  1749
FCT01B  1780  1846  1769  2693  2147  1525  1525  2387  2494  1632  1549
FCT01B  1790  1149  1405   889   978  1017   961  1333  1221  1817  2465
FCT01B  1800  2796  1654  3789  4306  3735  3633  3355  3610  2976  2841 
FCT01B  1810  2722  2028  1998  1615  2069  1447  1868  2408  2317  1158
FCT01B  1820  2454  1907  2228  1937  1985  1623  2001  1882  1520  1816
FCT01B  1830  3405  2211  1973  2479  2008  1528  1366  1142  1123   854
FCT01B  1840  1085  1041   892  1032   991  1414   866  1418  1351   981
FCT01B  1850   926   611   600   623   447   801   560   775   730   534
FCT01B  1860   957  1055   191   915  1461  1245  2350  1868  1803  1616
FCT01B  1870  1653  1540  1981  1946   958  2430  3146  1897  3678  1368
FCT01B  1880  1882  1232  1854  1348  2149  1537  1696  1676  1375  2568
FCT01B  1890  2175  1422  2086  3245  2047  2073  1846  2481  2699  1456
FCT01B  1900  1643  1908  1544  2021  1925  1898  2239  2152  2019  2851
FCT01B  1910  2428  1753  2216  1723  1633  1866  2704  1768  2249  1699
FCT01B  1920  2593  2287  3705  4455  3272  1927  2135  2774  2972  3060
FCT01B  1930  1742  1921  2262  2262  4231  3048  2198  1805  3403  2553
FCT01B  1940  1720  1805  2404  2302  1144  2518  2235  1689  1752  1460
FCT01B  1950  1768  1372   927   776   927   829   889  1006  1007   851
FCT01B  1960  1031  1333  1236  1220  1105  1183  1437  1232  1447  1297
FCT01B  1970  1398  1537  1359  1338  1703  1539  1194  1030  1156  1168
FCT01B  1980  1054  1499  2184  1540  1626  1651  1410  1410  1029  1016
FCT01B  1990  1272  1028  1384   826   826  1371  1232   866   814  1094
FCT01B  2000  1474  1397  1335  1272  1667  1743  1449  1318  2009  1493
FCT01B  2010  1011  1400  1344  1462  1059  1134  1097  1988  1721 -9999
FCT02A  1792  1681  1663  3319  2109  1727  3779  2804  2174
FCT02A  1800  1367  1106   748  1739  1226  2812  1514  1705  1435  1436
FCT02A  1810  1579  1462  1240  1288  2225  1017  1048   906  1392   598
FCT02A  1820   837   850   942   911  1109   984  1054  1104   549   593
FCT02A  1830  1317   818   615  1041   587   674   852   889   800   699
FCT02A  1840   806   928  1239  1173   882  1153   963  1221  1180   940
FCT02A  1850   927  1086   959  1296   834   743   885  1150   831  1013
FCT02A  1860  1798   901   366   936   960  1296  1324   859   858   726
FCT02A  1870   647   726   819   724   421  1568  1237   518  1320   377
FCT02A  1880   693   613   704   919  1301  1482   991  1353  1137  1358
FCT02A  1890   927  1146  1146  1072   810   702   909   955   810   713
FCT02A  1900  1095  1041   819  1054  1578   942  1333  1555  1004  1400
FCT02A  1910  1221   954   990  1068   807  1563  1841  1045  1512  1033
FCT02A  1920  1146   725  1689  1411  1118   381   701  1258  1324   906
FCT02A  1930   636   547   675   711   832  1271   623  1235  1719  1299
FCT02A  1940  1324  1938  3409  2603  1257  1091  1775   831   613  1140
FCT02A  1950  1897  1245  1050  1408  1183  1150   973  1171  1097  1443
FCT02A  1960  2458  1831  1427  1353   979   874   773   829  1056   862
FCT02A  1970   756  1209  2367  1455  2302  1086  1503  1174  1286  1528
FCT02A  1980  1114  1233  1559  1335   922  1041   754   904   523  1168
FCT02A  1990  1421  1136  1933   857  1084  1019  2136  1401  2812  1890
FCT02A  2000  1389  1383  1477  1640  2331  3025  3735  1592  1490  2151
FCT02A  2010  1062  1668  1131  2173  1379   712  1194  1566  1836 -9999
FCT03A  1667  2760  2450  2148
FCT03A  1670  2548  3304  3781  4645  3991  3903  2893  2777  3003  2613
FCT03A  1680  2876  3222  1927  2434  5337  3254  2759  2378  1137  1174
FCT03A  1690  1169  1720  1643  1888  2811  2247  1778  2184  1674  1229
FCT03A  1700  1567  1263   764  1033  1432  1125  1920  2109  1325  1041
FCT03A  1710  2470  2489  3132  2798  1955  1570  1164  1931  1026  2261
FCT03A  1720  2029  1997  2044  1704  1652  1589  1854  1652  1487  1184
FCT03A  1730  1176  1438   740  2395  1729  1289   802  1519  1598  2642
FCT03A  1740  2292  1652  2329  1737  1264  1768  1710  1104  1230  1897
FCT03A  1750  1146  1540  2033  3647  2816  1339  1644  1697  2153  1351
FCT03A  1760  2415  2408  1487  2032  1346  1605  1728  1528  1260   920
FCT03A  1770   928  1511   863  1197   115   865  1666  2351  1236   802
FCT03A  1780  1614  2296  2010  1216   713  1537  1328  1225  1400   899
FCT03A  1790   668   830   635   570   643   608  1135   568  1417  1444
FCT03A  1800  1387  1106  1084  1097  1145  1050   814   897   673   553
FCT03A  1810   721   533   394   396   584   292   699   635   827   457
FCT03A  1820   940   801  1118  1017   749   800  1118   635   800   559
FCT03A  1830   876   648   674   838   737   623   572   615   432   508
FCT03A  1840   597   774   978   877   610   686   953   928  1016   838
FCT03A  1850   724   774   445   698   686   610   660   470   838   454
FCT03A  1860   724   698   284   368   649   711   636   600   382   355
FCT03A  1870   547   674   800   673   560  2260  1550   698  1145   383
FCT03A  1880   406   597   496   673   842   649   521   903   610   749
FCT03A  1890   787   623   712   953   737   584   533   762   573   649
FCT03A  1900   686   902   407  1067  1055   699  1045  1183   685   854
FCT03A  1910   877   610   635   724   368   509   753   660   737   609
FCT03A  1920   699   533   831  1118  1029   599   419  1117  1436   711
FCT03A  1930   676   533   573   563   762   571   267   483   788   521
FCT03A  1940   661   470   686   762   498   840   673   928   648   864
FCT03A  1950  1587   711   661  1028   840   774  1143   902   991   850
FCT03A  1960  1351  1310  1246  1296   787   878  1080   635  1003   673
FCT03A  1970  1131   965  1676  1830  1933  1042   838   484   571   776
FCT03A  1980   635   775  1066   844   445   660   521   559   381   533
FCT03A  1990   675   470  1055   698   826  1003   890   978   617   978
FCT03A  2000  1029   916  1029   902   876  1105   851   546  1016  1322
FCT03A  2010   927   575   916  2095  1347   738  1031  1119  1309 -9999
FCT03B  1676  2022  2530  2711  2521
FCT03B  1680  2638  2912  1977  2263  3960  2594  2883  2249  1021  1151
FCT03B  1690  1183  1551  1462  1985  2739  2081  1389  1737  1404  1301
FCT03B  1700  1402  1045   671   952  1361  1014  1655  1866  1292   992
FCT03B  1710  2197  2545  2898  2685  1938  1310  1039  1823  1076  2282
FCT03B  1720  2037  1806  1903  1721  1457  1414  1783  1497  1334  1046
FCT03B  1730  1105  1618   690  2391  1523  1103   773  1475  1615  2281
FCT03B  1740  2193  1514  2090  1504  1144  1741  1516   952  1142  1731
FCT03B  1750  1031  1507  1675  3467  2418  1178  1202  1173  1770  1352
FCT03B  1760  2030  1890  1157  1938  1134  1566  1846  1449  1159   948
FCT03B  1770   948  1463   765  1257   155  1029  1620  2117   941   814
FCT03B  1780  1671  2689  2062  1153  1031  1442  1323  1425  1645  1005
FCT03B  1790   986   712   591   573   685   554  1121   956  1749  1386
FCT03B  1800  1347   881  1011  1047   826   834   651   598   588   573
FCT03B  1810   559   473   470   393   560   318   664   560   676   376
FCT03B  1820   699   690  1066  1070   578   795   966   636   767   508
FCT03B  1830   749   648   622   648   597   572   482   470   406   534
FCT03B  1840   687   774  1033   918   586   692   699  1207   851   723
FCT03B  1850   759   676   413   724   536   560   615   521   726   357
FCT03B  1860   737   660   242   393   890   649   640   548   355   476
FCT03B  1870   536   718  1046   767   524  2422  1602   711  1020   368
FCT03B  1880   496   609   371   623   827   726   572   876   610   674
FCT03B  1890   738   521   725   991   673   587   571   839   510   623
FCT03B  1900   711   978   420   978  1055   622   928   991   677   826
FCT03B  1910   711   597   763   698   432   508   572   625   661   559
FCT03B  1920   598   521   740  1182   998   775   483  1181  1334   686
FCT03B  1930   586   521   547   450   700   713   330   471   865   651
FCT03B  1940   690   496   600   624   558   724   699   851   584   927
FCT03B  1950  1448   673   751  1041   891   812  1270   891  1016   927
FCT03B  1960  1487  1308  1361  1516   825   909   952   673   889   713
FCT03B  1970  1028  1030  1842  2210  1693   957   695   445   524   747
FCT03B  1980   770   483   747   713   370   356   437   434   345   431
FCT03B  1990   571   508   728   576   804   965   679   955   580  1063
FCT03B  2000  1042   880  1088   686   769   966   700   648   973  1219
FCT03B  2010   765   584   915  1766  1309   928  1247  1042  1462 -9999
FCT04A  1704  1416  1783  1994  1504   916  1626
FCT04A  1710  2727  4712  4205  2783  1449   547  1054   801   667  1324
FCT04A  1720  1454  2820  2627   978  1148   627   736  1040   994   455
FCT04A  1730   779   665   551   802   831   910   659   694   796   910
FCT04A  1740   685   528   765   708   837  1637  1125  1305  1207  1249
FCT04A  1750  2033  1174  1464  2897  1920  2056   975  2012  1290  2158
FCT04A  1760  1637  2364  2008  3526  1939  2165  2225  2624  2570  1233
FCT04A  1770  2578  3711  1365  1168   152  1113  1249  1689  1169   482
FCT04A  1780  1046   951  1973  1579  1004  1285   974  1060  1013   965
FCT04A  1790  1207  1552  1071  2600  2130  1135  1692  1461  1739  1014
FCT04A  1800  1521  1293  1683  1702  1360   912  1890  1401   838  1203
FCT04A  1810  1279   968  1309  1475  1525  1340  1735  1718  1742   801
FCT04A  1820  2300  1353  1594  1988  1245  1333  1259  1288   505  1060
FCT04A  1830  1159  1138  1480  1251  1278  1484  1133  1371   790   914
FCT04A  1840  1383  1372  1921  1734  2036  1735  1412  2336  2632  1055
FCT04A  1850  2335  1846  1965  3171   563  1780  1310   858  1768  1299
FCT04A  1860  1615  1148   254  1457  1245  1825  1680  1343  1128  1194
FCT04A  1870   706  1054   700  1313   648  1449  2096   642   826   370
FCT04A  1880   750   848  1424  1372  1860  1435   903  1004  1072  1159
FCT04A  1890   827   890  1393  1650   915  1195   649  1423   868   841
FCT04A  1900  1148  1186   738  1283  1253  1167  1703  1386  1282  2224
FCT04A  1910  1144  1072  1460  1296   648  1727  3417  2184  2465  1905
FCT04A  1920  2857   740  2845  3061  1565   345   228   245   571   800
FCT04A  1930   470   521   711   648  1244   751   444   737  1384   828
FCT04A  1940   623   889   969  1753   699  1308  1245  1030   901  2007
FCT04A  1950  1666  1168   826   863   724   611   825  1168   851   509
FCT04A  1960  1118   534   726   409   406   318   539   413   623   571
FCT04A  1970   508   686   638   851  1041   902  1221   457  1017   737
FCT04A  1980  1118   774  1283  1195   978  1131   838   952   410   825
FCT04A  1990   586   723  1106   597   566  1084   812  1258   636   940
FCT04A  2000   699   699   572   568   743   560   965  1185  1359  1007
FCT04A  2010   804   851   712  1426  1182   674   800  1246  1071 -9999
FCT04B  1690  2224  2483  1607   931  3343  2727  2520  2257  1588  1879
FCT04B  1700  1915  1901  1009  1273  2400  4287  3839  2141  1008  1106
FCT04B  1710  1281  2784  2256  1891  1802  1002  1667  1899  1611  2280
FCT04B  1720  2602  2924  1725  1282  1298  1377   950  1188   920  1034
FCT04B  1730   895   967   499  1278  1701  1359  1105  1620  1352  2029
FCT04B  1740  1347  1494  1545  1592  1294  2502  1615  1825  1181  2050  
FCT04B  1750  2669  2139  2153  2622  1766  1370  1236  1758  1855  2029
FCT04B  1760  1996  2297  2703  3949  2589  2478  2410  1998  2308  1136
FCT04B  1770  2274  2812  1208  1286   218   749   918  1798   968   586
FCT04B  1780   968  1045  1811  1721   908  1126  1434  1640   978  1196
FCT04B  1790  1384  1756  1423  1295  1715   979  1892  1160  1361  1003
FCT04B  1800  1494   927  1601  1372  1193   927  1564  1627   838  1500
FCT04B  1810  1435  1410  1689  1017  1041   624  1195  1525  1677   865
FCT04B  1820  1563  1410  1194  1575  1842  1233  1678  1079   724   979
FCT04B  1830  1122  1220  1511  1373  1059  1168   877  1133   939  1118
FCT04B  1840  1195   940  1588  1257   890  1574  1092  1461  1455   724
FCT04B  1850  1194   790   954  1209  1068  1093  1170   851  1285   941
FCT04B  1860  1321   927   361   866   995  1336  1466  1766  1792  1778
FCT04B  1870  1498  1562  1096  1372   613  1501  2047   699  1220   409
FCT04B  1880   695   920   808  1037  1221  1047   778   942   889   940
FCT04B  1890   941   927  1137  1337  1563   890   992  1666   953  1031
FCT04B  1900  1055  1188   700  1793  2921  1830  1842  2046  2730  4919
FCT04B  1910  3506  2593  1854  2861  1068  2656  3607  1770  1575  1004
FCT04B  1920  1652   931  3255  3547  2557  1253   628  1704  2327  2415
FCT04B  1930  1284  1981  2070  1728  3190  2477   651  1537  2511  1322
FCT04B  1940  1155  1065   843  1350   844  1360  1648  1385   878  2517
FCT04B  1950  2611  2373  1707  1387  1164  1042  1155  1216   747   725
FCT04B  1960  1117   812  1118  1035   836   762   957   654  1011   716
FCT04B  1970   650   699   813   996  1567   941   878  1094   902   979
FCT04B  1980  1054   656  1241   964   616   786   391   394   200   354
FCT04B  1990   417   296   611   487   555   996  1209  1124   783   845
FCT04B  2000  1024   764   989   658   761   879   667   604   908   840
FCT04B  2010  1029   611  1097  2205  1268   962   944  1435  1121 -9999
FCT05A  1664  4550  3637  2955  2517  1374  2309
FCT05A  1670  1922  2147  1319  2823  2505  2089  1020  1574  1259  1228
FCT05A  1680  1887  1351  1431  1317  1833  1581  2309   984  1091  1112
FCT05A  1690  1241  2206  1571  1293  2001  1724  1027   866   351   638
FCT05A  1700   485   658   693   427   783  1027  1089   748   613   601
FCT05A  1710   970  1089  1218  1181  1997  1270  2836  2894  1896  2564 
FCT05A  1720  2532  2681  2392  2472  2047  2950  1665  3742  3557  3345
FCT05A  1730  1953   875  1006  2430  2088  1074  1851  2361  1828  1708
FCT05A  1740  1935  1157  1298  1072  1222  3134  2245  2443  2894  2978
FCT05A  1750  2146  1086  1270  1073   917  1032   861  1483  1976  1598
FCT05A  1760  2092  3203  2300  2418  1778  2681  1810  1288  1988  1397
FCT05A  1770  1697  2583   836  1185   199   847  1094  1770  1215   722
FCT05A  1780  1697  1539  1553  1001   540  1185  1244  1046   636   804
FCT05A  1790   607   916   777   976  1552  1201  1553  1030   805  1076
FCT05A  1800   876   988   936   917  1103  1270  1300  1018  1061   907
FCT05A  1810   833   567   623   596   748   113   543   636   949   508
FCT05A  1820  1287   699   678   715   733   669  1046   531   777   711
FCT05A  1830  1063  1005   808   996   798   813   972   695   515   456
FCT05A  1840   612   649   715   875   959  1079  1298   994  1637  1413
FCT05A  1850  1641  1787  1766  1920  1079  1149  1241   794  1058   706
FCT05A  1860  1299   889   268   852  1059  1204  1218  1342   809  1147
FCT05A  1870  1102  1190  1228  1174   515  1303  1483   850  1567   566
FCT05A  1880  1382   998   948  1064  1278  1400  1158  1455   989  1457
FCT05A  1890   989  1328  1655  1341   726   884   655   925   708   963
FCT05A  1900  1366  1257  1316  1865  2093  1893  3302  2117  1228  1403
FCT05A  1910  1116   876   960   790   508  1030  1582  1624  1299  1413
FCT05A  1920  1892  1244  1128  1821  1721   649   905  1364  1595  1498
FCT05A  1930  1214  1229  1623  1232  4291  2780   790  2117  3419  1907
FCT05A  1940  1566  1301  1245  1369   765  1313  1242   918   755  1404
FCT05A  1950  1976  1411  1333  1173   949   922  1145  1284  1205  1271
FCT05A  1960  1972  1527  1595  1441   974  1047   876  1116  1203  1185
FCT05A  1970   805  1361  1623  1411  2304  1996  1425  1062  1454  1115
FCT05A  1980   820  1030  1384   922  1158  1340   736  1157   734  1243
FCT05A  1990   959  1030  1483  1045  1255  1341  1429  1403  1369  1657
FCT05A  2000  1375   932  1750  1121  1227  1595  1199   594  1439  1231
FCT05A  2010   691   836   700  1877  1315  1016   908   995  1103 -9999
FCT05B  1660   211   166   155   300   176   941  1279  1283  1455  2159
FCT05B  1670  2126  1852  1240  1492  1838  1720  1628  1405  1110  1131
FCT05B  1680  1063  1004   797  1467  1652  1894  2290  1167  1051   532
FCT05B  1690   971  1709  1644  1143  1755  1734  1062  1143   577   659
FCT05B  1700   589   866   486   315   774  1270   785  1143   578   704
FCT05B  1710   889  1131  1582  1608  2505  1365  3036  2382  2518  2483
FCT05B  1720  1986  2637  2142  2659  2371  2697  1913  3690  3528  2812  
FCT05B  1730  2166   861   558  2207  2093  1160  2004  2577  1973  1866
FCT05B  1740  1902  1441  1253  1083  1309  3578  2157  2577  2803  2989
FCT05B  1750  2273  1164  1233   881  1055  1124  1225  1578  2261  1962
FCT05B  1760  2391  3616  2493  2247  1527  1804  1611  1544  2031  1268
FCT05B  1770  1652  2368   898  1262   335   737  1307  2257  1264   778
FCT05B  1780  2231  2285  1883  1338   746  1075  2181  1639  1124   875
FCT05B  1790   812  1087   984  1638  2498  2131  2037  1313  1245  1624
FCT05B  1800  1256  1412  1469   706  1030  1259  1190  1001   808   692
FCT05B  1810   621   367   550   494   731   212   635   564  1140   578
FCT05B  1820   974   593   812   759   867   770  1044   706   762   879
FCT05B  1830  1199  1002   764   875   739   668   890   607   579   353
FCT05B  1840   776   681   849   962  1400  1327  1119  1189  1341  1239
FCT05B  1850  1420  1818  1897  2223   969  1157  1107  1200   988   782
FCT05B  1860  1398  1285   310   819  1213  1275  1348  1331  1161  1207
FCT05B  1870  1256  1187  1199   977   607  1596  1305   763  1411   374
FCT05B  1880  1143  1022  1058   945  1200  1302   974  1304  1554  1754
FCT05B  1890   938  1007  1442  1341   806   823   698   875   706   997
FCT05B  1900  1341  1058  1173  1876  2175  1794  3067  2253  1176  1685
FCT05B  1910  1256  1005   990   805   536  1019  1447  1315  1241  1373
FCT05B  1920  2188  1853  1907  1950  1685   809   889  1496  1695  1188
FCT05B  1930  1086  1187  1552  1157  4239  3332   892  2317  4307  2032
FCT05B  1940  1340  1214  1286  1020   792  1269  1426  1157   621  1313
FCT05B  1950  2018  1340  1298  1157   947   988  1257  1354  1484  1143
FCT05B  1960  2088  1807  1763  1383  1079  1115  1016   960  1157  1102
FCT05B  1970   840  1293  1665  1315  2231  1933  1441  1187  1341  1102
FCT05B  1980   952   976  1517   990  1030  1369   763  1116   835  1171
FCT05B  1990  1032  1102  1496  1030  1058  1440  1524  1426  1199  1581
FCT05B  2000  1467  1397  1482  1044  1425  2061  1216   692  1456  1356
FCT05B  2010   762   684  1397  2357  1439  1087  1044  1171  1149 -9999
FCT07A  1740  1046   778   788   635   650  1130   955   872   851   736
FCT07A  1750   472   620   738   639   466   383   569   858   847   746
FCT07A  1760   521   667   578   701   733   979   659   876  1470   705
FCT07A  1770  1174  1458   818   914   145   592   610   606   496   352
FCT07A  1780   720   773   892  1258   756  1117  1227  1109  1017  1075
FCT07A  1790  1036  1558   989  1350  1223   835  1224   887   667   637
FCT07A  1800  1076   650   755   977   702  1020  1063  1448  1416  1284
FCT07A  1810  1347  1014   985  1101   764   622   786  1228   987   623
FCT07A  1820  1566  1055  1321  1152  1083  1800  1490  1422   577   915
FCT07A  1830  1020   869   741   755   902   798   830   651   419   740
FCT07A  1840   662   643  1142   731   854   766   969  1100  1158   823
FCT07A  1850   637   722   751   818   354  1144   931   813  1092  1007
FCT07A  1860  1020   598   267   724   711   915  1185  1120  1204  1081
FCT07A  1870  1507  1209  1120   981   473   893  1493  1094  2137   650
FCT07A  1880  1495  1236  2014  1540  1949  1294  1426  1265   860  1034
FCT07A  1890   841  1003  1301  1795  1511   904  1105  1235   689   825
FCT07A  1900  1181   851   953  1006   941   952  1001  1103  1068  1308
FCT07A  1910  1625   865   954  1536  1080  1973  3023  2109   966  1334
FCT07A  1920  1448   495  2517  2083  1678   674   749  1328  1562  1500
FCT07A  1930   762   739  1004   991  1727  1867   796  1537  2467  1436
FCT07A  1940  1029   914  1270  1668   905  1363  1515  1273  1067  1629
FCT07A  1950  2254  1714  1077   848   550   601   754   662  1246   916
FCT07A  1960   774   940   955  1235   898   997  1108  1118   954   936
FCT07A  1970   784   731  1548  1491  1558   985   955   665   699   637
FCT07A  1980   795   895  1079   658   848  1057  2860  1206   460   335
FCT07A  1990   258   397   229   599   445   914  1091  1304   595  1358
FCT07A  2000  1262   709   544   389   484   503  1221  1134  1434  1030
FCT07A  2010   733   547   623   488   825   719   275   432   507 -9999
FCT07B  1679   352
FCT07B  1680   585   360   285   350   521   324   444   497   489   444
FCT07B  1690   366   534   466   370   511   568   577  1091   881  1006
FCT07B  1700   671   659   597   460   672   882   733   597   473   438
FCT07B  1710   375   443   772   739   780   665   858   993   566   830
FCT07B  1720   779   675   483   588   787   574   662   709   715  1097
FCT07B  1730   571   836   521  1174   835   659   685   868  1282  1241
FCT07B  1740  1709  1535  1108  1191   976  1536  1683  1935  2301  1608
FCT07B  1750  1047  1033  1288  1522  1491   647   663  1054  1459  1140
FCT07B  1760   635   877   618  1368   598   892   891   896  1436   789
FCT07B  1770  1022  1206   707   656   155   414   627   638   566   282
FCT07B  1780   526   569   932  1266   545  1046  1106  1462  1144  1090
FCT07B  1790   951  1839  1366  1849  2323  1723  1708  1137   789   672
FCT07B  1800   854   694   903   889   773  1094  1780  1703  1573  1821
FCT07B  1810  2342  1363  1535  1280   942   718   942  1012   817   543
FCT07B  1820   784   749   997  1066   827  1029   965   979   530   900
FCT07B  1830  1457  1082  1013   851  1024   902   624   626   481   488
FCT07B  1840   742   633  1356  1076   939  1031  1224  1395  2383   845
FCT07B  1850  1049  1425  1327  1787   669  2367  1219  1448  2188  1871
FCT07B  1860  1957  1448   305  2148  1298  1340  2508  2503  2046  1287
FCT07B  1870  1828  1580  1521  1461   451  1321  1754  1310  3023   762
FCT07B  1880  1956  1259  1905  1791  2082  1337  1422  1348  1282  1982
FCT07B  1890  1181  2198  1879  1791  1462  1096  1194  2032  1145  1043
FCT07B  1900  1525   914  1271  1486   927  1054  1075   787   954  1169
FCT07B  1910  1131   673   865  1157   546  1260  2809  2146  1373  1378
FCT07B  1920  1779   865  2248  2454  1869   827  1512  1640  2223  3041
FCT07B  1930  1393  1233  1288  1068  1984  2377   838  1872  2279  1764
FCT07B  1940  1659  1481  1640  2491   909  1666  2425  1580   935  3026
FCT07B  1950  3751  2017  1405   543   934  1051  1177  1089  1168   997
FCT07B  1960  1050   838   805   737   584   936   898  1151  1035  1393
FCT07B  1970  1073  1386  1640  1323  2074   926  1246  1182  1460  1637
FCT07B  1980  1094  1103  1228  1026   870   727   534   677   327   731
FCT07B  1990   528   516   819   496   775   857  1220  1260  1170  1250
FCT07B  2000  1073  1170   622   571   648   708  1270   381  1336  1474
FCT07B  2010  1155  1870  1854  2287  1740  1245   876  1132   978 -9999
FCT08A  1735  1195   508  1071  1003  1321
FCT08A  1740  1100  1299  1249  1195  1789  1981  1678  1449  1297  1338
FCT08A  1750  1092   790   953   979   813   851   751  1172  1181   978
FCT08A  1760   877  1308  1146  1028   762   661   686   751   867   787
FCT08A  1770  1004   851   330   483   165   533   497   686   521   509
FCT08A  1780   611   724   965  1448   520  1207  1475  1435  1194  1295
FCT08A  1790  1068  1346  1183  1638  1994  1016  2072  1259  1055  1092
FCT08A  1800  1296  1376  1644  1182  1460  1537  1766  1133   977  1156
FCT08A  1810  1031   787  1220   980  1133   863  1082   965   800   483
FCT08A  1820   648   843   787   840   965  1056   977  1042   865  1066
FCT08A  1830  1316  1409  1172  1067   965   889   762   711   635   406
FCT08A  1840  1158  1181  2261  1423   978  1232   867   889   905   496
FCT08A  1850   991   638   610   585   306   456   420   559   470   508
FCT08A  1860   381   356     0   457   711   686   877   597   419   625
FCT08A  1870   610   622   407   482   229   432   685   432   762   381
FCT08A  1880   650  1060   888   959   923   549   668   711   627   909
FCT08A  1890   871   905  1079  1337  1291   778   699   902   573  1687
FCT08A  1900  1245  1130   813   813   686   851   762   647   598  1130
FCT08A  1910  1324   815  1067  1793   876  1819  2443  2035  1562  1629
FCT08A  1920  2314  1486  1498  1754   813   461   584   978  1029  1112
FCT08A  1930   533   483   685   331   622   585   254   457   650   776
FCT08A  1940   762   711   762   965   790  1131  1499  1296  1004  1817
FCT08A  1950  2693  1549   890   724   813   902  1029   978   876   929
FCT08A  1960   889   878   904   673   559   943   787  1029  1003   919
FCT08A  1970   698  1004  1029  1094  1092   764   953   724   941   889
FCT08A  1980   651  1043   692   420   432   698   495   650   267   722
FCT08A  1990   406   637   685   648   779   660   813   864  1106  1378
FCT08A  2000  1169   896   649   410   331   531   537   875  1003  1275
FCT08A  2010   990  1244   998  1436  1307   998  1084  1229  1126 -9999
FCT08B  1712  2427  1927  1741  1257   648  1525  1872  1298
FCT08B  1720  1410   912  1547  1049  1610   841   802  1198  1563  1252
FCT08B  1730  1787   698   896  1336   940  1364  1151   826   737   831
FCT08B  1740   593  1182   939   360  1287  2033  1847  1287  1056   953
FCT08B  1750   813   444   737   825   750   521   762   635   635   902
FCT08B  1760   610  1516  1284   777   779   762   610   838  1067  1029
FCT08B  1770  1145   850   306   599   178   518   559   702   470   381
FCT08B  1780   623   695  1068  1527   742  1625  1384  1220   953  1017
FCT08B  1790   828   978   708  1083  1671  1334  2282  1164  1224  1143
FCT08B  1800  1220  1334  1199  1357  1220  1284  1334   991  1410  1030
FCT08B  1810  1004   902  1222   965  1169  1208  1487   954   902   331
FCT08B  1820   789   647   895  1330   996  1343  1106  1107   887   934
FCT08B  1830  1259  1436  1173   979   978  1007  1322  1003  1017   610
FCT08B  1840  1597  1070  2212  1995  1577  1832  1485  1616  1375   885
FCT08B  1850  1171   582   650   628   459   641   495   889  1170   787
FCT08B  1860   596   696     0   729   610   638   775   852   525   812
FCT08B  1870  1042   844   660   624   181   800  1195   573   952   343
FCT08B  1880   737   648   876  1020  1285   804   622   762   775   952
FCT08B  1890   749  1042  1094  1172  1373   673   660   826  1105   927
FCT08B  1900  1309  1118   712   927   572   865  1004  1054   699  1118
FCT08B  1910   977   724  1132  1168   838  1308  2756  2122  1156  1296
FCT08B  1920  1816  1372  1703  1943  1118   368   698  1461  1588  1030
FCT08B  1930   521   674   597   381   813   698   292   470  1029   901
FCT08B  1940   813   775   876  1291   495  1092  1537  1207   865  2033
FCT08B  1950  2846  1854   865   813   711  1016   826   828   561   663
FCT08B  1960   753   991   942   483   445   635   558   851   724   944
FCT08B  1970   673  1080  1169  1257  1183   940   978   838  1359  1156
FCT08B  1980   698   692   597   434   362   584   369   533   281   648
FCT08B  1990   458   521   637   447   547   573  1171   967   829  1020
FCT08B  2000   876   852   627   535   406   383   599   496   825   979
FCT08B  2010   731  1079   818   941  1073   776   800   748  1008 -9999
FCT09A  1877   637   914   673
FCT09A  1880   788  1054   903  1132  1374  1118   876  1160   851  1477
FCT09A  1890   900  1168  1270  1549  1359  1079   933  1207  1347   865
FCT09A  1900  1182  1106   990  1042   944   920  1081   597   917  1139
FCT09A  1910   661   762   839   673   573  1092  1003   839   917   850
FCT09A  1920  1157   681  1651  1080  1232   533   775  1181  1346  1272
FCT09A  1930   864   784   915   585  1185  1219   597  1170  1716  1423
FCT09A  1940  1119  1080  1104  1287   762  1677  1663  1054   699  1829
FCT09A  1950  2705  1310  1300  1117   753   990   864   978  1117   991
FCT09A  1960   942  1261  1117   879   957   778  1003   927  1004   609
FCT09A  1970   878  1041  1395  1613  3954  2017  1427  1244  1022  1050
FCT09A  1980  1335  1584  1399  1795  1222  1384  1157  1588   993  1987
FCT09A  1990  3092  1364  2538  1545  1625  1400  3142  2467  1765  1795
FCT09A  2000  2201  2001  1218  1193  1068  3469  3874  2172  1411  3232
FCT09A  2010  1841  1538  1840  2020  1933   816   993  1442  1772 -9999
FCT09B  1892  6399  3724  3481  1385  1295  1678  1653  1467
FCT09B  1900  1768  1528  1664  1275  1098   881   981   924   733  1243
FCT09B  1910  1011  1032  1086  1249   534  1163  1529  1274  1022  1092
FCT09B  1920  1527  1309  1697  2164  1353   808   740  1041  1336  1151
FCT09B  1930   940  1004   849   677  1183  1130   588   921  1653  1913
FCT09B  1940  1610  1512  1282  1563   864  1727  2655  2197  1511  2502
FCT09B  1950  4229  2400  1347  1550  1944  1576  2133  1829  2032  1679
FCT09B  1960  2044  2388  1956  2197  1892  1427  1436  1739  2299  3214
FCT09B  1970  1562  1997  3480  2261  4203  3848  2643  1756  1613  1600
FCT09B  1980  1593  1956  1705  1652  1659  2174  1184  1182   978  1729
FCT09B  1990  2426  1298  2907  1401  1346  1426  2314  1627  1627  1451
FCT09B  2000  1463  1626  1168  1619  1625  3881  5866  3234  2400  1897
FCT09B  2010  1230  1880  1192  1524  1404  1312   836  2127  2098 -9999
FCT10A  1763   575   674   746   773   683   927   920
FCT10A  1770   699   832  1145   800   712   830   623  1137  1099   632
FCT10A  1780  1128  1664  2035  1772  1207  1468  1346  1457  1084  1420
FCT10A  1790  1295  2190  1746  2013  1615  1683  2553  2769  1720  1911  
FCT10a  1800  1821  1394  3182  3277  2974  3731  1701  1537  1338   879
FCT10a  1810  1014   680   665   623   725   909   869  1097  1041   903
FCT10a  1820  1677  1248  1906  1527   978  1369  1162  1149  1537   776
FCT10a  1830   618   739   915   699   853   470   318   406   399   425
FCT10a  1840   484   466   520   394   447   551  1083  1149  4411  6723
FCT10a  1850  4185  3827  2012  2914  3482  3615  3750  2616  5893  2604
FCT10a  1860  2464  1042  3077  3394  2950  3586  4028  2876  1416  1794
FCT10a  1870  1786  2551  2136  2711   862  2986  5102  2332  4301  1079
FCT10a  1880  1714  2023  1795  2073  2342  1234  2592  2357  1649  1801
FCT10a  1890  2096  1893  2338  3264  1843  1575   992  1587   813  1251
FCT10a  1900  1388  1448  1234  1310  1054  1310   877  1159  1384  1589
FCT10a  1910  1130  1385  1550  1653   727  1790  1448  2223  1386   864
FCT10a  1920  2032  1181  3011  1830  2222   979   419  1949  2313  2546
FCT10a  1930  1526  1192  1947  2177  3727  4300   801  2648  2908  1626
FCT10a  1940  1122  1316  1206  2417   711  1931  2082  1093  1054  1384
FCT10a  1950  1690  1601  2019  1498   906   711  1118  1247  1054   916
FCT10a  1960  1792  1117  2400  1327  1036   889  1261  1403  2261  1589
FCT10a  1970  1024  1130  1728  1283  2806  1161  1424  1219  1424  1577
FCT10a  1980  1703  1511  2172  2124  1024  1460   839  1359   905  2667
FCT10a  1990  1892  1994  2199  1257  1854  1704  1501  2171  1338  2081
FCT10a  2000  1821  1349  2226  1445  1656  4460  3393  1011  2674  3158
FCT10a  2010  1727  2403  1257  2872  1696  1672  1960  2236  2493 -9999
FCT10B  1793  1671  2406  2150  3266  2928  2145  2056
FCT10B  1800  2708  1426  3210  3206  2873  3372  2571  2679  1955   760
FCT10B  1810   767   703   604   510   729   764   887  1113  1017   955
FCT10B  1820  1359  1036  1466  1688   979  1267  1488   958  1382   851
FCT10B  1830   592   889  1054   681   740   484   333   401   434   454
FCT10B  1840   595   462   490   462   499   576  1298  1144  5293  6279
FCT10B  1850  3388  3733  1692  3453  3692  3325  3777  2746  5997  2332
FCT10B  1860  2405  1096  3112  2932  2855  2987  3480  2579  1118  1820
FCT10B  1870  1558  2612  2074  2387  1236  2877  4810  2510  4524  1121
FCT10B  1880  1425  2067  1774  1818  2420  1218  2771  2198  1729  2034
FCT10B  1890  2160  2033  2375  3182  1517  1460  1258  1615   914  1156
FCT10B  1900  1778  1388   929  1524   966  1259  1016  1346  1259  1454
FCT10B  1910  1398  1331  1448  1260   813  1994  2202  1994  1333   788
FCT10B  1920  2032  1041  3048  2134  2045   927   406  1981  1994  2680
FCT10B  1930  1552  1233  1943  2400  3725  3721   916  2781  3216  1695
FCT10B  1940  1003  1438  1105  2329   792  1866  1650  1336  1003  1442
FCT10B  1950  1638  1803  1829  1524   965   915  1143  1295  1261   902
FCT10B  1960  2105  1447  2135  1389   978   714  1359  1246  2235  1524
FCT10B  1970  1245  1057  1589  1284  2910  1420  1322  1041  1321  1587
FCT10B  1980  1908  1379  1803  2199  1148  1461   983  1461   560  1767
FCT10B  1990  1973  1651  2400   876  1553  1588  1541  2244  1355  2159
FCT10B  2000  2099  1524  2071  1372  1973  4661  3178  1222  2514  3416
FCT10B  2010  1690  2628  1122  3239  1652  1639  1790  2439  2324 -9999
FCT11A  1775  1637  2229  1542  1709  2597
FCT11A  1780  2563  3994  2580  1269  1876  1867  2829  1469  1461  1046
FCT11A  1790  3288  2415  2370  1060   747  1427   451   369  2204  2089
FCT11A  1800  2035  1510  2307  2175  1839  2513  1556  1470  1339  1454
FCT11A  1810  1706  1318  1017   975  1216   749  1244  1221  1749   748
FCT11A  1820  1766  1203  1485  2653  1736  1737  2064  2020  1372  1252
FCT11A  1830  1933  1064  1539  1439  1313  1708  1301  1214  1270   624
FCT11A  1840  1058  1088  1340   903   721  1131  1285  1616  1807  2851
FCT11A  1850  1252  1269   874  1603  1174  1804   996   850  1400   938
FCT11A  1860   972   830  1105  1297  1097   844  1011   956  1028  1041
FCT11A  1870  1072   912   395   877   254   659  1090   541  1366   438
FCT11A  1880  1287  1348  1036   883  1239  1203   844  1325  1165  1318
FCT11A  1890   894  1212  1580  1360  1732  2142  1206   810   185   246
FCT11A  1900   568   506   341   633   316   674   611  1018   744  1264
FCT11A  1910  1411   902   621  1537   346   645  1680  1289   898  1138
FCT11A  1920  1360   672  1428  2065  1321   567   510  1248  1229  1389
FCT11A  1930   480   635   749   666  1041  1208   483  1204  1543  1158
FCT11A  1940   794   851   749  1115   621   621  1215  1157   736  1143
FCT11A  1950  1016  1146  1187   677   779   829   677   903  1129   945
FCT11A  1960  1048   861   963   917   463   543   649   550  1014   898
FCT11A  1970   855  1089  1763  1318  3396  1228  1442  1126  1442  1549
FCT11A  1980  1207  1541  1790  1744  1774  2026   820  1057   165  1030
FCT11A  1990  1016   956  1450  1032   879  1060  1349  1733   964  2043
FCT11A  2000  1144   881  1016   622   636  1947  1192  1397  1383  1820
FCT11A  2010  1342  1089  1541  2824  2601  1149  1304  1559  2237 -9999
FCT11B  1775   327  1306  3232  2667  1836
FCT11B  1780  2004  2681  2390  2754  1954  1359  1806  3035  2568  1370
FCT11B  1790  1046  1169   725   778  1932  1131  1318  1680  2329  1764
FCT11B  1800  1326  1609  1369  2089  2230  2102  1937   409  1228  1223
FCT11B  1810  2089  1837  1539  2081  1371  1072  1441   805  1066   664
FCT11B  1820  1821  1115  1436  1665  1087  1129  1186   805   735   653
FCT11B  1830  1241  1031  1244  1115   819   791   931   753   611   288
FCT11B  1840   681   594   974   777   791   678   649   848  1342  1132
FCT11B  1850  1134   792   479  1116   880   876   670   613  1075  1270
FCT11B  1860  1070   679   806  1342   974   846   946   794   621   777
FCT11B  1870   908   695   666   812   468   567   812   483   466   313
FCT11B  1880   641   685   508   733   580   550   468   877   438   904
FCT11B  1890   708   973  1626  1003  1016   751   608   949   649   793
FCT11B  1900  1087   841   893   834   834   663   637   776   509  1006
FCT11B  1910  1032   596   608   791   283   622  1883   890   973  1186
FCT11B  1920  1074   819  1453  1665  1666   663   381   791   579   593
FCT11B  1930   536   456   536   282   649   607   367   762  1384  1552
FCT11B  1940   917  1425  1383  1524   974  1143  1411  1172   762  1190
FCT11B  1950  1385   790  1412  1270   762   395   663   711   734   523
FCT11B  1960   710   720   872   931   624   861   776   818  1679  1098
FCT11B  1970  1104   903  1454   905  1637   882   868   649   536   599
FCT11B  1980   621   735   832   865   821   765   707   778   297   935
FCT11B  1990  1001   664  1686  1019   735  1120  1501  1814  1284  2616
FCT11B  2000  1919  1720  1680   833   731  3026  1652  1681  1728  2202
FCT11B  2010  1385  1114  1299  2178  1568   696  1337  1201  1638 -9999
FCT12A  1830   972   573  1442  1058   924   621   883   627   803   602
FCT12A  1840  1618  1185   996  2092  2031  2553  2588  2237  2150  2810
FCT12A  1850  2344  1850  1919  1793  1185   889  2272  1948  3082  2717
FCT12A  1860  2182  1976  1974  2436  2789  2356  3179  3921  4172  3683
FCT12A  1870  2501  3217  2474  1778  1709  2202  2611  2712  5166  1496
FCT12A  1880  1806  2018  1327  1554  1412  1286  1375  2385  2949  3797
FCT12A  1890  2973  2916  3345  3234  2244  1483   956  1358   659  1063
FCT12A  1900  1019   993   470  1004   548   721   641   641   543   935
FCT12A  1910   917   559   715   664   369   639   816  1174   819   592
FCT12A  1920  1073   771  1374  1660  1087   622   353   629   762  1484
FCT12A  1930   667   546  1030   875  1419  1597   638  1575  1639  1398
FCT12A  1940  2456  1257  1679  2611  1568  4179  6101  4054  4056  4738
FCT12A  1950  4658  2584  2472  1301  1495   983   777   630   394   438
FCT12A  1960   661   416   436   281   174   189   255   353   377   402
FCT12A  1970   257   395   482   726   936   529   912   482   846   626
FCT12A  1980   993   916  1207   525   353   288   381   625    86    71
FCT12A  1990   268   244   536   397   395   522   863   860   823   659
FCT12A  2000   808   973  1807  2544  2014  2480  2144   946  1625  1852
FCT12A  2010  1099  1978  2178  3000  1924  1976  1891  3054  2410 -9999                     
FC223a  1896   335  1135   573  1259                                    
FC223a  1900  2337  1269  2076  1533  1710  3892  4228   856  1100   803
FC223a  1910   966   340   415   884   438   959  3167  3082  2245  1490
FC223a  1920  1380   752  2548  3625  1903   897   580   696   724   922
FC223a  1930   600   973  1428   845  3641  3633  1500  3565  2521  2199
FC223a  1940  1267  1087  2008  2462  1172  1586  1026  1002   648  2049
FC223a  1950  2096  2692  2020  1365  1216   448   849  1278  2751  3387
FC223a  1960  2314  3231  4609  2922  1940  1693  2815  2811  1771  1639
FC223a  1970  1335  1301  2447  2220  4827  3836  2096  1210  1473  1393
FC223a  1980  1146   670  1000   867   472   486   396   450   197   691
FC223a  1990  1234   699  2063  1249  1155  1184  2422  3457  4018  2660
FC223a  2000  3730  1641  1529  1865  1251  1701  1706 -9999            
FC223B  1878   449   200
FC223B  1880   489   292   734   520   439   276   289   497   411   558
FC223B  1890   601   713   589   327   395   301   267   306   167   195
FC223B  1900   438   321   299   334   293   416   547   294   294   538
FC223B  1910   431   182   285   264   153   191   641   483   311   351
FC223B  1920   178    66   305   155   300   215    78   365   583   654
FC223B  1930   299   329   396   174   530   665   388   339   209   164
FC223B  1940   117   115   110   237   141   413   598   291   189   444
FC223B  1950   443   436   334   326   269   121   230   291   363   259
FC223B  1960   237   295   532   368   230   448   449   391   392   781
FC223B  1970   632   604   690   679  1036   871   563   213   215   287
FC223B  1980   272   267   231   234   221   202   129   155   145   142
FC223B  1990   225   239   439   236   250   269   299   474   622   543
FC223B  2000   462   501   610   454   268   396   327 -9999
FC301A  1737   298   204   257
FC301A  1740   196   266   171   209   240   331   270   246   137   279
FC301A  1750   217   201   159   220   384   566   322   326   283   121
FC301A  1760   171   150   229   179   268   316   309   488   853   307
FC301A  1770   275   146   129   671   181  3043   314   374   326   120
FC301A  1780   187   180   184   301   115   306   409   431   300   280
FC301A  1790   289   315   201   509   413   415   385   323   500   595
FC301A  1800   367   203   248   270   192   218   310   358   281   316
FC301A  1810   219   282   235   205   578   272   273   174   244   121
FC301A  1820   316   208   286   270   202   279   293   298   227   148
FC301A  1830   344   212   302   237   249   250   262   214   199   168
FC301A  1840   317   218   429   288   192   162   205   267   229   413
FC301A  1850   327   286   306   357   167   208   196   265   234   185
FC301A  1860   328   209    55   184   173   131   144   112   130   108
FC301A  1870   129   121   177   151   110   247   242   126   136    73
FC301A  1880    91   111    75   126   109   154   151   213   258   266
FC301A  1890   217   290   293   299   276   228   183   322   148   180
FC301A  1900   267   209   407   329   219   183   126   143    89   134
FC301A  1910   156   184   217   142    77   101   128   170   183   147
FC301A  1920   175    89   122   168   122   104   122   208   218   235
FC301A  1930   146   131   188   191   290   328   170   190   598   429
FC301A  1940   667   436   378   353   190   384   272   308   188   239
FC301A  1950   261   210   190   146   178   170   211   236   299   297
FC301A  1960   263   203   184   185   163   120   116   134   142   164
FC301A  1970   174   257   497   513   553   337   374   271   224   267
FC301A  1980   190   175   233   302   205   359   216   279   167   237
FC301A  1990   269   212   384   206   214   276   372   311   286   183
FC301A  2000   189   154   164   108   112   189   251 -9999
FC301B  1757   456   355   190
FC301B  1760   334   376   305   458   392   492   294   204   260   188
FC301B  1770   352   415   158   315   110   329   543   523   203    90
FC301B  1780   175   231   302   289   114   283   728   706   428   468
FC301B  1790   638   450   216   354   358   257   445   301   503   520
FC301B  1800   632   362   334   435   325   598   504   389   324   258
FC301B  1810   260   163   197   187   318   200   593   382   146    92
FC301B  1820   589   263   325   304   229   208   286   320   207   183
FC301B  1830   403   332   215   166   182   148   151    85   150   126
FC301B  1840   253   157   307   169   129   255   301   258   292   215
FC301B  1850   132   215   164   395   425   306   272   262   445   284
FC301B  1860   443   269    50   217   146   181   385   249   247   226
FC301B  1870   220   237   230   196   125   368   401   173   312    68
FC301B  1880   157   170   118   134   220   169   149   207   208   337
FC301B  1890   191   194   171   319   246   179   148   243   154   184
FC301B  1900   296   208   206   282   268   231   233   205   104   223
FC301B  1910   183   202   165   296   138   322   512   207   224   185
FC301B  1920   293   135   386   410   271   122   278   372   467   497
FC301B  1930   294   216   264   285   491   353   187   356   640   425
FC301B  1940   261   182   179   262   166   242   420   543   477   960
FC301B  1950   738   457   342   340   254   292   250   314   234   231
FC301B  1960   420   266   338   333   327   313   389   361   387   342
FC301B  1970   362   367   726   579   736   273   248   184   157   173
FC301B  1980   213   218   233   238   201   387   195   311   146   504
FC301B  1990   530   317   625   217   266   330   355   424   276   358
FC301B  2000   452   238   497   377   404   738   515 -9999
FC304a  1886  1654  2064  1199  2447                                    
FC304a  1890  1097  1475  1494  1872  2053   978  2330  2010   973  1014
FC304a  1900  1515  1836  1905  2572  2437  2077  2333  1660  1095  2105
FC304a  1910  1660  1180  1186   936   583  1836  2665  1579  1710  1579
FC304a  1920  1238  1318  2734  2838  2203   817   331   407  1232   776
FC304a  1930   512   880  1051   642  2315  1761   640  1312  2054  1888
FC304a  1940  1046  1053  1806  1478  1003  1956  1803  2239  1282  3523
FC304a  1950  2743  2512  1490   976  1272   959   994  1273   782   619
FC304a  1960  1593  1271  1071  1353   799  1126  1293  1556  1932  1278
FC304a  1970   928  1710  2617  1478  2822  1827  1068  1077  1210  1459
FC304a  1980   923  1369  2205  1501  1250  1719   894   865   380  1019
FC304a  1990   856   899  1274   815   801   802  1951  1157  1510  1561
FC304a  2000  1117  1265  1212  1008  2266  3016  2675 -9999            
FC304B  1655   907  1096  1213  1039   958                              
FC304B  1660  1050  1413  1486  1487  1446  1427  1320  1252  1079  1092
FC304B  1670  1332  1256  1149  1911  1737  1739  1703  1511  1684  1238
FC304B  1680  1720  1121   794   922   968   783   829  1430  1151  1220
FC304B  1690  1568  1707  1901  1342  1366  1183   599   710  1026  1054
FC304B  1700   548  1092   948   415   656   622   729   952   657   868
FC304B  1710  2656  4311  3653  1980  2225  1758  2178  2144  1438  1389
FC304B  1720  2178  1533  1933  2318  2279  1813  1243  1446  1399  1864
FC304B  1730  2341  1190   925  2112  2414  1355  1258  1764  2025  2074
FC304B  1740  1679  1252  1264  1438  1223  2017  1481  1405  1283  1011
FC304B  1750  1323   857  1173  1460   720   514  1149  1546  1956  1457
FC304B  1760  1751  1682  1067  1241  1087  1216   861  1308  1761  1278
FC304B  1770  2160  1588   681  1098     0   645   840  1391   908   710
FC304B  1780  1419  1477  2060  2164   623  1620  1856  2021  1628  1538
FC304B  1790  1683  1240   887  1251  1206   863  1196   801  1557  1286
FC304B  1800  1967  1799  2173  1804  1515  1541  1625  1767  1139  1424
FC304B  1810  1315  1177  1089  1038  1264  1166  1578  1394  1645   825
FC304B  1820  2263  1506  2017  1629  1437  1713  1683  1563   991  1468
FC304B  1830  1818  1540  1408  1340  1094  1301  1127  1405  1349  1035
FC304B  1840  1561  1062  1698  1285   969  1364  1118  1718  1053  1212
FC304B  1850  1482   966  1252  1412   691  1190   951  1212  1435  1201
FC304B  1860  1237  1268   188  1144  1312  1714  2054  2360  1961  1526
FC304B  1870  1707  1358  1482  1330   778  2453  1780   981  1684   525
FC304B  1880  1335   915  1378   962  1332  1120  1051  1471  1028  1618
FC304B  1890  1224  1485  1419  1244  1121   901  1067  1331   609   872
FC304B  1900  1009  1159  1312  1875  1453  1091  1038  1064   932  1556
FC304B  1910  1306  1059   962  1156   725  1549  2261  1396  1634  1126
FC304B  1920  1365   740  2178  1833  1724   699   512   703  1028  1012
FC304B  1930   944  1229   890   623  2242  1753   719  1314  1374  1351
FC304B  1940  1167  1052  1089  1095   846  1625  1449  1218   704  1575
FC304B  1950  1998  1424   990   987   879   723   788   895   744   619
FC304B  1960  1094   707   791   829   523   657   632   765   957   933
FC304B  1970   799   947  1182   779  1587   913   970   513   862   605
FC304B  1980   548   933  1135   945   702   867   629   758   564   720
FC304B  1990   752   664  1024   647   784   915  1172   806   956   798
FC304B  2000   513   534   713  1103  1354  2158  2072 -9999
FC310a  1622  1860  1256   784  1250  1201  1881  2288  1967
FC310a  1630  1482  1267   813   651  1646   832  1299  1302   851   408
FC310a  1640   250   753  1802  1905  2019  1760  1659  2593  3056  3218
FC310a  1650  4020  5131  5414  4517  4232  3730  4706  4828  5585  2604
FC310a  1660  5047  4889  4082  3880  2698  1972  2423  3434  1790  2546
FC310a  1670  3241  2242   962  3567  1755  3166  2130  1327  2491  1843
FC310a  1680  1745  1883  1134  2499  3292  2584  3180  2979  2448  2218
FC310a  1690  1635  2884  1886  1296  2692  1610  1133  2008  1264  1873
FC310a  1700  1016  1447   818   862   873  1246  1720  1276  1399  1142
FC310a  1710  2750  2222  2090  2214  2522  2419  1724  2314  1535  2948
FC310a  1720  1392  1741  1394  1622  1854  1046   917  1582  1026  1514
FC310a  1730  1253   728   549  1107  1945   702   709  1089   855   964
FC310a  1740   971   571  1015   747   505  1143   969   910   917  1334
FC310a  1750  1088   699   941   777   802   774   412   810   727   353
FC310a  1760   570   645   583   594   631   635   481   557   640   666
FC310a  1770   548   766   508   795   243   967  1013  1167   789   541
FC310a  1780   931   777  1038   864   913   640  1143  1192   918  1110
FC310a  1790   914   744   684   770   925   817  1220   876   905   989
FC310a  1800 -9999
FC310a  1829  1039
FC310a  1830  1232  1539  1911  1380  1193  1013   972   910   626   454
FC310a  1840   463   575   928  1366   750   555   729   405   563   600
FC310a  1850   706   652   445   598   509   346   604   527   849   873
FC310a  1860   966  1684   819   978  1252  1633  1006   792   817   750
FC310a  1870   493   617   499   543    60   996   656   295   427   135
FC310a  1880   447   485   412   504   547   391   359   422   274   398
FC310a  1890   408   332   462   543   401   407   401   502   348   395
FC310a  1900   707   700   708   925  1730   739   875   645   560   636
FC310a  1910   836   753   549  1096   489   742  1255   837  1129  1038
FC310a  1920  1169   931  1539  1334   847   567   941  1191  1009   933
FC310a  1930   699   750   832   433   836   768   357   639   843   522
FC310a  1940   481   628   707   542   305   573   977   647   537  1818
FC310a  1950  3005  1350  1116   924   829   834   646   885   900   900
FC310a  1960  1435   916   796   791   388   377   511   469   467   627
FC310a  1970   596   682   791   834  1969  1779  1635  1059   932   562
FC310a  1980   546  1092   921   747   536   626   570   876   342   551
FC310a  1990   482   513   668   542   818   619   752   733   686  1093
FC310a  2000  1309  1020   875   643  1588  2941  3055 -9999
FC310b  1664  3215  2286  2914  3768  1794  2465                        
FC310b  1670  3525  3070  1507  2726  1596  3327  2303  2191  3454  2746
FC310b  1680  3028  1954  1214  3038  3547  2733  3526  4470  3099  3034
FC310b  1690  1821  2984  2716  2298  5807  4396  3272  4656  2687  3366
FC310b  1700  1886  1908  1582  1839  1506  1750  2390  1627  1291  1207
FC310b  1710  1622  2379  1780  1969  1371  1536  1543  2180   785  1463
FC310b  1720   863   929   724   897   810   809   670  1474   865  1158
FC310b  1730   635   553   715  1112  1703   810   785   868   820   785
FC310b  1740   907   557   792   603   486   680   751  1067   739   856
FC310b  1750   689   498   799   697   716   611   855   895   572   529
FC310b  1760   672   762   535   688   508   763   539   657   629   716
FC310b  1770   641   740   416   537   103   768  1058  1049   986   569
FC310b  1780  1053  1390  1103  1000   754  1108  1419  1924  1689  1746
FC310b  1790  1211  1440  1361  2007  1638  1685  2236  1879  2707  2077
FC310b  1800  2608  3071  3047  2993  4465  3811  6778  5470  4267  3759
FC310b  1810  2542  2760  3385  1358  1648  1551  1493  1837  1719   581
FC310b  1820  1804  1114  2775  1816  1286  1336   872  1867   578  1083
FC310b  1830  1184  1421  1622  1289  1297  1210  1267  1044   642   539
FC310b  1840  1102  1342  1631  1149  1313  1180  1307  1942  1268  1048
FC310b  1850  1237  1049   837  1762  1264  1572  1006   894  1307  1213
FC310b  1860  1257  1403   245  1239  1348  1123  1211  1381  1440  1408
FC310b  1870  1219  1092  1330  1435   624  1692  1967   774  1492   390
FC310b  1880   937   800   885   691  1639   885   988   674   759   853
FC310b  1890   677   989  1072  1254   960  1057   725  1199   691  1075
FC310b  1900   903  1220  1249  1240   869   839  1094  1150   921   980
FC310b  1910  1144   846   765  1037   461   628  1109   798   757   561
FC310b  1920   863   503   898   780   867   468   507   948  1251  1216
FC310b  1930   757   747  1475  1049  1662  1091   717   803  1272   920
FC310b  1940   944   884  1405  1358   655  1746  1572   913   806  2279
FC310b  1950  2169   889   638   601   527   523   446   475   510   586
FC310b  1960   772   606   642   740   357   357   629   551   619   841
FC310b  1970   753   569   684   631  1208  1011   851   764   828   482
FC310b  1980   456   459   488   574   409   521   340   597   208   384
FC310b  1990   275   295   655   491   702   769   824   653   510   856
FC310b  2000   961   609  1281  1024  1733  2876  2811 -9999            
FCL01b  1745  1299  1323  1183  1375   698                              
FCL01b  1750   612   531   769   806   886   909  1135   908   631   907
FCL01b  1760   760  1096   645  1197   825   859   493   576   897   810
FCL01b  1770  1195  1204  1374  1346    81   721  1424  2302  1949  1377
FCL01b  1780   966  1164  1740  2054  1334  1486  1245  1291  1060   711
FCL01b  1790   644   744   859  1296  1019   638  1803   764   611   483
FCL01b  1800   698   434   787   563   416   771  1171   853   694   488
FCL01b  1810   573   431   478   437   403   306   296   586   508   441
FCL01b  1820  1088   516   908   883   519  1026  1077  1531  1526   694
FCL01b  1830   770   602   588   411   506   570   807   635   864   612
FCL01b  1840   794   531   876   654   913   973  1225  2481  3220  3546
FCL01b  1850  2495  1605  1276  1633   839  1287  1642  2327  2575  1670
FCL01b  1860  1608  1396   216  1834  1117   700  1324  1350  1214   736
FCL01b  1870   806   640   790   612   370   763   900   713   833   528
FCL01b  1880   711   722   942  1068   948   626   652   592   437   673
FCL01b  1890   571   833  1239  1189   791   654   161   178   377   413
FCL01b  1900   412   453   365   526   565   575   493   438   416   541
FCL01b  1910   645   321   366   462   365   458   780   683   652   741
FCL01b  1920   931   652   860  1070   828   799   583  1056  1274   585
FCL01b  1930   470   638   508   371   526   511   699   610   928   712
FCL01b  1940   668   474   516   573   590   823   862   779   521   739
FCL01b  1950   792  1009   690   620  1012   589   998   684   651   468
FCL01b  1960   700   581   562   389   421   439   551   612   599   743
FCL01b  1970   445   667   558   539   826  1076   981   712   754   556
FCL01b  1980   497   542   358   407   250   254   253   504   269   216
FCL01b  1990   264   256   515   350   489   353   530   318   642   351
FCL01b  2000   569   558   425   270   337   322   469 -9999 
FCL1Bx  1822  1594  1895  1994  1667  1340  1564  1386  1468            
FCL1Bx  1830  1226  1282  1620  1512  1415  2675  1603  1484  1356  1093
FCL1Bx  1840  1954  1981  1666  1816  1876  2565  2396  2205  3106  1716
FCL1Bx  1850  1688  1491  1519  1659  1225  2023  2286  1450  1450  1251
FCL1Bx  1860  1538  1568   592  2068  1532  1764  2772  2034  2263  1534
FCL1Bx  1870  1219  1597  1282  1338   945  1883  1843  1019  1934   850
FCL1Bx  1880  1043  1439  1205  1856  2217  1899  1444  2226  1300  1691
FCL1Bx  1890  1359  1864  3041  2181  2545  1887  1438  1868  1361  1341
FCL1Bx  1900  1503  1526  1439  1905  1292  1447  1317  1515  1334  1826
FCL1Bx  1910  1459  1093  1227  1140   761  1497  2957  1757  1528  1444
FCL1Bx  1920  2156  1250  1992  2075  1384   741   870  2662  2694  2044
FCL1Bx  1930  2049  1758  3490  3399  4204  3310  2119  3603  4676  2492
FCL1Bx  1940  1784  2439  1644  3903  1226  2362  2424  2066  1190  3357
FCL1Bx  1950  2443  2654  1636  2687  2083  1447  2333  1576  2122  1793
FCL1Bx  1960  2782  2228  2623  1954  1622  1103  1807  2035  2615  1714
FCL1Bx  1970  2290  2430  3645  2957  3849  3493  1987  1597  2186  3085
FCL1Bx  1980  2298  2590  3197  2702  2135  2813  1526  2008  1599  1799
FCL1Bx  1990  2408  2243  1778  1303  1575  2252  2869  2739  2415  2330
FCL1Bx  2000  2390  1938  2057  1749  2580  4477  4377 -9999            
FCL01X  1690  1525  1895  1823  1492  2609  2146  1552  1313  1185  1396
FCL01X  1700  1052  1069   817   935  1167  1420  1119  1099   743   585
FCL01X  1710  1303  1236  1577  1485  1794   911  1173  1720  1715  1474
FCL01X  1720  1491  1201  1236  1707  1465  1193  1266  1936  1034  1222
FCL01X  1730   905  1139  1053  1970  1595  1072  1129  1758  1453  1501
FCL01X  1740  1964  1547  1519  1186  1115  1591  1246  1335  1375  1412
FCL01X  1750  1103  1365   982   850   747  1259   683  1137  1510   685
FCL01X  1760  1036  1172   993  1114   878  1256  1237  1309  1548  1279
FCL01X  1770  1418  2256  1148  1295   310  1482  1578  1541  1002   566
FCL01X  1780  1463  1042  2153  1303  1031  1338  1345   980   911  1089
FCL01X  1790   852  1085  1160  1113  1179   889   851   457   509   544
FCL01X  1800   755   621   682   761   609   976   880  1033   800   992
FCL01X  1810  1058   875   922   867  1684   854  1317  1112  1907   828
FCL01X  1820  1253  1099  1064  1173  1122  1399  1825  1169  1071  1053
FCL01X  1830   802  1151  1062   843   799   689   771   574   540   499
FCL01X  1840   661   707  1011   904   676  1031   748   877  1360  1146
FCL01X  1850  1078  1119  1005  1996   834  1799  1677  1438  2197  1845
FCL01X  1860  1939  1873   542  2186  1532  1106  1682  1529  2039  1813
FCL01X  1870   950  1523  1167  1312   866  1728  1478  1001  2240   973
FCL01X  1880  1705  1090   735  1038  1312  1175   909  1210  2387  1713
FCL01X  1890  1446  1169  2176  2151  2222  2761  1356  1871  1235  1478
FCL01X  1900  1457  1104  1210  1820  2612  1565  2567  2171  1472  2234
FCL01X  1910  1587  1305  1303  1337   709  1530  2194  1282  1432  1052
FCL01X  1920  1495   888  1632  1353  1379  1018  1232  1715  1808  1964
FCL01X  1930  2066  1390  2381  2231  3615  2073  1387  2091  2777  2039
FCL01X  1940  1757  2985  1880  3860  1257  2682  2567  2998  1698  2894
FCL01X  1950  1741  2411  1490  2709  1664  1967  2250  1425  2109  1412
FCL01X  1960  3034  1889  2254  1390  2296  1156  2101  1675  2536  1165
FCL01X  1970  2224  2558  2805  2052  3787  2174  1510  1366  1486  1527
FCL01X  1980  1240  1524  2014  1853  1579  2390  1357  1706  1415  1563
FCL01X  1990  1670  1059   505   468  1011  1168  1748  1227  1319  1398
FCL01X  2000  1309  1160  1288   810  1601  2302  1979 -9999            
FCL10C  1849  4914
FCL10C  1850  4050  3540  3244  2472  2220  1262  4196  3284  2576  3540
FCL10C  1860  1968  2206  1668  1388  1032  1318  1960  1936  2598  2042
FCL10C  1870  2014  2078  1892  1464   684  1572  1748  1042  1508   980
FCL10C  1880  1250  1354  1366  1628  1502  1240  1110  1612  1550  1880
FCL10C  1890  1958  1544  2412  2484  2066  1564  1412  1410  1340   986
FCL10C  1900  1288  1356  1374  1538  1234  1302  1284  1438  1626  2550
FCL10C  1910  3780  2052  1914  2582  1878  2492  2808  2538  2178  1842
FCL10C  1920  2358  1956  2940  3896  2910  2456  2514  2788  3568  3322
FCL10C  1930  1634  1650  1634  1120  1424  1238   714  1326  1096  1234
FCL10C  1940   764   720   644   670   432   490   574   540   340   668
FCL10C  1950   808   552   690   460   392   456   466   610   534   430
FCL10C  1960   594   596   614   456   442   546   564   412   474   586
FCL10C  1970   462   750   682   762   900  1810   648   654   322   256
FCL10C  1980   328   980   684  1666   998  1182  1108  1116  1230   950
FCL10C  1990  1034   528   538   842 -9999
FCL11A  1775  2844  2292  2176  2126   750
FCL11A  1780  2688  2914  2448  2552  1780  4554  5110  4206  2262  2514
FCL11A  1790  2260  2856  2128  1786  2296  1300  2648  1670  1366  2354
FCL11A  1800  2530  3332  4236  3486  2196  1906  1882  1496  1162  1042
FCL11A  1810  1448   988   896  1006  1344   968  2064  1712  2696  1188
FCL11A  1820  2018  1276  1206  1050  1412  1358  1110  1768  1224  1598
FCL11A  1830  1210  1684   986  1124   740   866  1272   950   648   790
FCL11A  1840  1056  1550  2554  1660  1628  1982  1402  3248  2966  2334
FCL11A  1850  1722  1480  1392  1658   608  1932  1266   992  1056   882
FCL11A  1860  1176   856   686   608   666   612   800  1262  1546  1730
FCL11A  1870  1232  1386  1522  1504   740  2088  2066   866  2630   560
FCL11A  1880  2124  1228  1750  1556  2146  1594  1136  1350  1010  1378
FCL11A  1890  1090  1098  1332  1688  1572   978  1068  2100  1686  1336
FCL11A  1900  2394  2090  1502  2440  2334  1678  3028  2870  1410  2656
FCL11A  1910  2030  1170  1246  1102   636  1962  2500  1768  2396  1372
FCL11A  1920  1590  1078  2788  3328  1978   960  1524  3806  3920  2804
FCL11A  1930  1466  1860  1730  1914  2910  2302  1134  1286  2338  2504
FCL11A  1940  2042  3238  3032  4088  2170  4654  3884  3492  2126  2940
FCL11A  1950  1950  2868  1740  3316  2688  2792  2218  1668  1510  1238
FCL11A  1960  1818  1618  1758  1378  1622  1414  1710  2196  1862  1598
FCL11A  1970  1306  2426  2482  2066  2942  2858  1582  1208  1672  2182
FCL11A  1980  1408  1650  1782  1192   972  1830  1048  1028  1022  1498
FCL11A  1990  1494  1242  1954  1170  1538  2130  2596  2152  2790  2306
FCL11A  2000  2588  2190  2478  2028  2566  2218  2008 -9999
FCL11B  1730  3168  2376  2525  2934  1868   935  4140  5535  3862  5118
FCL11B  1740  3957  2232  3146  3047  1688  2740  2257  2312  3756  4149
FCL11B  1750  4838  2616  1759  2899  2215  2272  3128  3784  3515  2687
FCL11B  1760  2780  4410  3881  4124  2378  2465  2024  1908  3068  1864
FCL11B  1770  3199  3870  2012  3695   752  4775  5344  5071  4548  1855
FCL11B  1780  2926  2765  2649  2328  1382  2555  2238  2240  1388  1757
FCL11B  1790  1316  1742  1221   921  2013  1521  2445  1816  1547  2068
FCL11B  1800  1996  1282  2051  2025  1169  2087  2155  2325  1796  1766
FCL11B  1810  2314  1639   809  1109   884   634   895  1370  1711   821
FCL11B  1820  1316  1294  1725  1734  2138  2290  1224  2127  1862  1698
FCL11B  1830  1556  1819  1806  1982  1479  1401  1081   620   768   580
FCL11B  1840  1417   978  1311  1191  1143  1400  1073  1397  1676  1209
FCL11B  1850   956   861   732  1273   650   991   964  1072   958  1199
FCL11B  1860  1281  1264   837  1750  1466  1330  1614  2354  2386  1730
FCL11B  1870  1171  1591  1474  1343   675  1412  1544   607  1705   391
FCL11B  1880  1076   940  1209   961  1542  1291  1127  1113   769  1045
FCL11B  1890   921   979   989   915  1032   675   459   701   479   732
FCL11B  1900   912   866   690  1101   915   798   743   686   474   818
FCL11B  1910   833   224   240   229   102   520  1151   772   693   637
FCL11B  1920  1114   606  1238  1414   906   368   318   809   946   693
FCL11B  1930   729   698   759   684  1281  1365   377   768   762  1060
FCL11B  1940  1066   993  1689  2267  1256  2243  3110  2252  1423  1716
FCL11B  1950  1937   973   610  1339  1205   804  1011  1030   944   614
FCL11B  1960  1068   846   816   627   838   540   589   222   273   123
FCL11B  1970    85   336   556   836   949   795   955   778   687   688
FCL11B  1980   599   823  1132   785   443   712   392   638   258   631
FCL11B  1990   697   663   788   557   547   659   721   701   642   935
FCL11B  2000  1031   670   703   490   410   348   279 -9999  
FCL12a  1677   830  1329  1104                                          
FCL12a  1680   974   974   669   946  1120  1062  1528   946   794   683
FCL12a  1690   824   937   845   793   811   897   912   822   709   741
FCL12a  1700   688   860   779   797   797   800  1015   926   870   600
FCL12a  1710   672   763   687   702   587   532   768   907   604   525
FCL12a  1720   523   572   532   580   616   395   292  1142   779  1070
FCL12a  1730  1074   699   543   641   966   728   616   771   616   779
FCL12a  1740   762   545   789   533   496   724   921   724   577   455
FCL12a  1750   491   406   304   475   394   437   298   440   424   548
FCL12a  1760   607   587   611   647   498   607   590   630   734   610
FCL12a  1770   654   679   484   551   215   568   856   781   628   418
FCL12a  1780   676   694   800  1045   812   918  1072  1080   821  1170
FCL12a  1790   914  1376   875  1306  1418  1218  1289   917  1229  1294
FCL12a  1800  1564  1229  1515  2312  1310  1418  1308  1146  1084  1416
FCL12a  1810  1244  1111  1110   922   800   813   963   843  1075   550
FCL12a  1820  1014   928   792   956  1063  1171  1326  1369   705  1283
FCL12a  1830  1268  1237  1075  1127  1063   936   873   924   818   825
FCL12a  1840  1119  1161   923  1047   978  1288   832  1290  1026   802
FCL12a  1850   972   756  1189  1141   671  1092   728   942   936   952
FCL12a  1860   899   787   658   746   849   843   895   780   974  1079
FCL12a  1870   961   988   940   830   329   702   939   604   666   405
FCL12a  1880   714   764   766   752   921   859   719  1448   993   990
FCL12a  1890   840   853   825   849  1061   906   923  1358  1267   675
FCL12a  1900   822   811   633   864  1157  1090  1209   827   565   449
FCL12a  1910   387   300   477   569   587   949  1025   862   579   764
FCL12a  1920   853   663  1567  1313  1376   694   802  1143  1350  1448
FCL12a  1930   936  1159  1492   916  1241  1193   860   792  1050   969
FCL12a  1940   864   738   667   664   566   523   804   742   588   650
FCL12a  1950   807   933   610   518   846   692   795   713   774   623
FCL12a  1960  1320   742   791   810   834   770   682   687   754   859
FCL12a  1970   677   842   943   977   847   837   594   608   656   715
FCL12a  1980   736   782  1169   848   696   755   966   942   754   638
FCL12a  1990   533   742  1100   873   656   846   943   962  1165  1241
FCL12a  2000  1085   939   787   707   658   692   363 -9999         
FCL12B  1624  1926  1251  1755   930  1022   871
FCL12B  1630   896  1066   671   528   892   810   892  1121   679   314
FCL12B  1640   230   719   641   726   737   784  1212   902  1309  1231
FCL12B  1650  1349  1565  1948  3004  1383  1378  2158  1993  1812  1466
FCL12B  1660  2450  2275  1494  1323   914   560   714   653   170   325
FCL12B  1670   515   500   819   434   567   560   608   837   700   250
FCL12B  1680   502   718   633   744   699   726   607   756   718   499
FCL12B  1690   925   702   736   712   688   587   581   675   565   493
FCL12B  1700   388   508   486   485   578   630   686   697   488   540
FCL12B  1710   674   655   859   642   560   492   583   825   507   546
FCL12B  1720   586   652   529   658  1314  1054   527   794   835  1454
FCL12B  1730  1099   610   661   704   854   563   684   728   671   771
FCL12B  1740   828   714   785   842   676   720  1159   933   732   695
FCL12B  1750   693   525   449   655   606   557   811   721   599   542
FCL12B  1760   687   577   648   526   469   546   571   510   615   547
FCL12B  1770   744   589   506   417   162   474   575   671   487   297
FCL12B  1780   652   542   724   695   654   632   790   749   578   895
FCL12B  1790   611   600   573   563   812   669   579   474   650   614
FCL12B  1800  1102   774   649   723   669   650   641   629   569   882
FCL12B  1810   687   924   572   568   544   552   824   561   717   361
FCL12B  1820   619  1092   949  1308  1159  1192  1481  1470   859  1274
FCL12B  1830  1350  1245   967  1014   804   895   813   861   657   506
FCL12B  1840   767   744   674  1024   658   765   587   888   869   655
FCL12B  1850   727   527   684  1224   518   953   624   745   672   767
FCL12B  1860   880   644   418   652   746   626   754   789   916   851
FCL12B  1870   615   710   715   702   180   539   854   544   527   230
FCL12B  1880   612   698   607   669   781   652   568   861   634   728
FCL12B  1890   654   717  1036   831   758   755   637   979   805   710
FCL12B  1900  1144   766   755   716   736   842   869   807   821   758
FCL12B  1910   626   655   733   593   407   695   978   966   618   793
FCL12B  1920   681   301   922   991  1083   581   521   924  1700  1309
FCL12B  1930   897  1038  1046   842  1105  1265  1152  1000  1212  1285
FCL12B  1940  1073  1184  1046  1035   677   820  1379  1247   996  1350
FCL12B  1950  1394  1694   775   811  1162  1021  1460  1051   832   712
FCL12B  1960   973   657   882   697   745   904   740   763   723  1003
FCL12B  1970   714   978  1023  1035  1730  1191   992   914  1024   966
FCL12B  1980   944  1559  1447  1080  1335  1163  1203  1215   960   843
FCL12B  1990   752  1114  1156   843   911  1211  1020   972   969  1139
FCL12B  2000  1054  1216   912   707   839   665   793 -9999
FCL13a  1592   491   951   968  1158  1068   459   443   354
FCL13a  1600   353   697   731   628   842   949   791   695   609   526
FCL13a  1610   683   512   671   668   512   661   438   694   623   617
FCL13a  1620   568   664   512   404   289    97   279   366   639   570
FCL13a  1630   659  1186   952   726  1466  1078  1189  1136   827   536
FCL13a  1640   184   554   335   333   286   281   383   530   501   434
FCL13a  1650   507   503   607   562   381   266   493   711   896   617
FCL13a  1660   489   514   650   415   470   487   357   259   233   364
FCL13a  1670   404   204   227   449   315   268   226   141   249   311
FCL13a  1680   404   305   185   353   401   486   359   330   301   330
FCL13a  1690   347   331   333   437   415   331   252   510   223   335
FCL13a  1700   392   403   271   356   405   605   590   443   142   198
FCL13a  1710   327   391   331   244   204   175   250   419   224   181
FCL13a  1720   187   220   311   351   309   115    46   416   460   656
FCL13a  1730   607   448   482   959  1101   794   613   877   630   901
FCL13a  1740   899   657  1222   901   632  1116   733   593   605   732
FCL13a  1750   732   527   443  1013   982   879   479   722   934   770
FCL13a  1760   933   907   633   636   490   479   616   583   571   667
FCL13a  1770   702   889   454   570   122   705   792   810   523   306
FCL13a  1780   434   500   513   504   326   492   671   581   470   544
FCL13a  1790   371   433   270   543   580   442   390   217   437   450
FCL13a  1800   495   765  1002  2545  2387  2393  3208  1903  1222   922
FCL13a  1810   791   503   726   399   466   371   868   618  1024   305
FCL13a  1820   599   669   549   859   819   936  1124   833   419   757
FCL13a  1830   753   922   587   439   441   418   480   421   542   421
FCL13a  1840   648   499   421   612   539   682   380   653   550   566
FCL13a  1850   827   395   630   711   569   660   594   958  1078   915
FCL13a  1860   773   577   289   644   660   544   526   538   685   693
FCL13a  1870   670   765   538   510   256   640  1015   519  1105   270
FCL13a  1880   748   653   468   568   599   590   400   715   526   722
FCL13a  1890   778   690   845   645   951   849   711   926   702   502
FCL13a  1900   528   796   590   972  1316   975   700   723   558   858
FCL13a  1910   944   978  1197   922   403   749   900   641   927   704
FCL13a  1920   592   397  1004  1073   804   346   406   775   935   894
FCL13a  1930   482   565   824   340   979   713   465   582   896   785
FCL13a  1940   735   684   845  1159   867  1076  1540   765   682   743
FCL13a  1950   829   753   377   156   294   549   510   830   599   744
FCL13a  1960  1053  1229  1370  1109  1033   743  1013   880   962   645
FCL13a  1970   732   640  1260   811   836   640   530   438   588   570
FCL13a  1980   524   575   945   563   468   681   496   655   237   682
FCL13a  1990   602   624   747   528   599  1275   966  1197   645   737
FCL13a  2000   863   622  1087   758  1184  2147  2424 -9999
FCL13b  1500  1031   616   618   758   873  1139   797   560   564  1066
FCL13b  1510   456   827  1647   819   741   815   587  1063   909   393
FCL13b  1520   517   576   619   757   565   457   662   282   445   722
FCL13b  1530   599   589   737   828   942   891  1198  1710  1645   977
FCL13b  1540   644   526   538   715  1012   467   568   820  1307  1350
FCL13b  1550   871   493   825  1686  1712   791   386   527   656   962
FCL13b  1560  1295  1552  2355  2033  1093   471   483   649  1377  1211
FCL13b  1570   904  1064  1261  1583  2060   985   572  1067  1535  1203
FCL13b  1580  1026  1037   683   508   692   556   399   397   376   179
FCL13b  1590   437   392   447   740   846  1186  1159   552   767   412
FCL13b  1600   571   552   376   438   415   615   525   521   540   507
FCL13b  1610   701   397   505  1029  1022   857   391   323   355   386
FCL13b  1620   405   518   703   821  1421   558   610   521   723   446
FCL13b  1630   452   636   759   332   768   695   769   677   673   528
FCL13b  1640   357   634   428   466   443   465   462   785   597   537
FCL13b  1650   594   555   635   784   650   414   755   617   808   542
FCL13b  1660   771   651   631   626   570   587   605   457   377   522
FCL13b  1670   586   430   327   547   582   604   325   465   598   546
FCL13b  1680   504   479   284   445   691   748   937   979   545   537
FCL13b  1690   520   709   506   579   935   661   433   779   500   523
FCL13b  1700   269   559   432   549   500   840   882  1086   451   470
FCL13b  1710   553   588   455   286   302   214   153   395   168   311
FCL13b  1720   280   390   492   535   513    60     0   486   440   475
FCL13b  1730   510   598   377   790   793   699   417   552   617   954
FCL13b  1740   680   590   970   699   715   870  1010  1289   970  1128
FCL13b  1750   946   717   489   880   731   582   301   359   476   418
FCL13b  1760   521   620   418   483   346   303   370   427   518   512
FCL13b  1770   512   489   354   344     0   577   344   711   420   235
FCL13b  1780   332   406   502   531   335   566   649   684   537   919
FCL13b  1790   431   543   379   483   596   459   434   304   585   530
FCL13b  1800   702   615   677   488   491   445   582   562   733   878
FCL13b  1810   964   824  1015   497   448   399   693   315   573   248
FCL13b  1820   455   537   431   437   450   524   414   528   395   587
FCL13b  1830   567   730   605   599   411   394   495   309   327   394
FCL13b  1840   460   349   240   352   338   572   290   486   344   158
FCL13b  1850   386   240   233   349   174   356   349   409   512   719
FCL13b  1860   746   588   267   570   588   623   554   504   478   503
FCL13b  1870   280   533   259   331   175   123   444   189   285   106
FCL13b  1880   357   264   206   339   316   229   286   203   322   551
FCL13b  1890   508   584   595  1017   810   619   948   568   178   418
FCL13b  1900   300   299   448   249   351   221   401   327   284   686
FCL13b  1910   558   537   461   528   199   764   890   551   167   275
FCL13b  1920 -9999
FCL14A  1806  3676  2876  1352  2500
FCL14A  1810  2592  2378  2934  2420  2308   622   796  4412  2376   124
FCL14A  1820  2120  1000  2176  2178  2356  2688  1252  2714  1766  1786
FCL14A  1830  2022  2492  1982  2302  2226  1900  1502  1018   916  1584
FCL14A  1840  2390  1932  2776  2548  2246  2172  1256  2480  2654  2294
FCL14A  1850  1498   418   588  1668   426  1674  1698  3502  4026  3762
FCL14A  1860  3190  2550   728  2030  2302  2086  2528  3148  4534  4010
FCL14A  1870  2402  2706  2494  2424  1202  2794  5290  2862  5968  1056
FCL14A  1880  3218  1388  2340  1814  3180  3598  4034  3866  2968  3202
FCL14A  1890  2618  1960  1412  3120  2544  2726  4174  3906  3700  2972
FCL14A  1900  3366  3842  2628  3262  3456  2738  3840  2672  1532  2360
FCL14A  1910  1754   876  1872  1308  1052  2440  3306  4546  4282  3710
FCL14A  1920  3550  2888  3884  3288  2360  1026  1898  2984  3176  2742
FCL14A  1930  1406  1530  1892  1160  3792  3070  1544  1534  2230  2184
FCL14A  1940  1822  1426  1948  1614   900  1284  1762  2324  1932  2862
FCL14A  1950  2226  2580  2274  2518  2580  1758  2530  1924  1942  2216
FCL14A  1960  2558  3062  2050  2342  1756  1210  1418  2734  2714  2420
FCL14A  1970  2434  3198  3332  2946  3450  1902  1468  1872  2022  2800
FCL14A  1980  1682  1698  2030  1380  1442  1980   932  1158  1040  1976
FCL14A  1990  2942  2658  3760  1570  2164  2392  3938  1692  3108  3130
FCL14A  2000  2730  2818  2264  1564  4708  2394  3602 -9999
FCL14B  1789  2610                                                      
FCL14B  1790  2907  2900  1453  3182  2420  2221  1721  1155  1471  2230
FCL14B  1800  2636  1930  1689  2369  2132  3141  1660  1425   890  1712
FCL14B  1810  1625  1226  1127   942  1002   318   500  1065   822  1248
FCL14B  1820  1676  1221  2330  1761  1700  1654  1165  1243   828  1293
FCL14B  1830  1634  1899  1881  1828  1514  1388  1063   595  1211  1172
FCL14B  1840  1874   952  1510   794  1494  1869  1561  2782  2354  1847
FCL14B  1850  1078   220   350   810   324  2324  2577  2550  3113  4115
FCL14B  1860  2620  2928   862  2247  2021  3352  2885  4708  4469  3437
FCL14B  1870  2418  2688  3108  3354  1928  4138  5994  2029  5179  1820
FCL14B  1880  5377  2402  3736  2803  3452  2276  2474  3858  3607  4162
FCL14B  1890  4418  3837  4334  4679  3955  4352  3212  3508  2697  1983
FCL14B  1900  2787  2900  2110  2098  2429  2466  4118  3653  4371  5724
FCL14B  1910  4056  2024  2135  1141   522  1430  2711  2056  2489  2445
FCL14B  1920  2071  1429  2709  3557  2754  1098  2812  3340  3581  2948
FCL14B  1930  1732  1411  1484  1135  3227  2381  1673  2605  4428  3005
FCL14B  1940  2242  1959  1928  1393  1158  1653  1596  1444  1487  2417
FCL14B  1950  2165  1607  1262  2047  1745  1101  1657  1728  1685  2209
FCL14B  1960  2886  3028  2634  2061  1661  1548  2290  2084  1619  1262
FCL14B  1970  1503  2556  3059  4036  6325  3840  2483  1695  1574  2743
FCL14B  1980  1766  1849  1956  1256  2007  2038  1141  1584  1075  1953
FCL14B  1990  2600  2724  4905  2094  2698  1601  1799  1141  1936  1541
FCL14B  2000  1646  1173  1539   906  1507  1174  1281 -9999  
FCL15a  1891   964  1035   799   983   934   822   957   770   681
FCL15a  1900  1025   778   673   787   736   647   672   646   611   852
FCL15a  1910   905   675  1014   673   454   746   797   883   783   699
FCL15a  1920   745   623  1300  1171  1376   618   732   883  1126   988
FCL15a  1930   755  1004  1050   799  1206  1242   647  1476  1844  2578
FCL15a  1940  1991  2044  3023  2171  1402  2744  1682  1237  1417  2024
FCL15a  1950  1563  1739  1074  1459  1882  1487  1567  1437  1797  1334
FCL15a  1960  1670  1425  1350  1328  1688  1459  1243  1183  1404  2295
FCL15a  1970  1418  1570  1923  1741  2198  1550  1406  1382  1374  1195
FCL15a  1980  1103  1517  1581  1357  1012  1422  1135  1413   873  1142
FCL15a  1990  1006  1054  1261  1116   855  1472  1200  1419  1552  1627
FCL15a  2000  1257  1343  1149  1022   869   916   973 -9999
FCL15b  1674  2393  2511  2402  2071  3421  2779
FCL15b  1680  2802  1737  1207  1605  2818  1796  2192  1982  1388  1823
FCL15b  1690  1621  1491  1552  2052  1882  1739  1357  2038  1649  1453
FCL15b  1700  1316  1200   984   908  1331  1711  1652  1538  1539  1041
FCL15b  1710  1399  1914  1711  1787  1992  1220  1498  2105  1542  1510
FCL15b  1720  1350  1391  1744  2184  1799  1937  1749  1709  1688  2417
FCL15b  1730  1067  2115   750  1482  1415  1101  1866  1830  1407  1592
FCL15b  1740  1393  1550  1351  1168   960  1658  1513  1870  1457  1781
FCL15b  1750  1499  1187   936  1008   815   857   902  1262  1721  1315
FCL15b  1760  1186  1500  1723  1722  1202  1292   995  1110  1224  1499
FCL15b  1770   943  1544   868  1038     0  1071  1742  1975   968  1221
FCL15b  1780  1426   932  1442  1755  1257  1249  1807  1547  1500  1548
FCL15b  1790  1427  1521  1215  1441  1627  1222  1241  1052  1302   997
FCL15b  1800  1808  1464  2116  2062  1708  1859  1482  1893  1265  1657
FCL15b  1810  1387  1283  1209  1060  1375  1227  1599  1312  1905   880
FCL15b  1820  2018  1480  1195  1365  1318  1181  1838  1402   832  1049
FCL15b  1830  1206  1197  1108  1059  1127  1131  1162  1009   932   584
FCL15b  1840  1099  1088  1254  1384  1154  1253  1665  1453  1265  1376
FCL15b  1850  1069   878  1104  1339   934  1377  1008  1050  1273  1114
FCL15b  1860  1703   940   291   953  1219  1219  1920  1475  1296  1727
FCL15b  1870  1167  1304  1349  1289   783  1464  1299   927  1146   577
FCL15b  1880   592   808   912   989  1059   986   825   944   889  1068
FCL15b  1890  1015  1092  1406  1131  1117   982   842   826   603   552
FCL15b  1900   769   689   745   782   825   656   802   803   853  1003
FCL15b  1910   950   808  1043   872   546   715   933   878   883   960
FCL15b  1920   923   881  1626  1397  1221   768   978   929  1250  1253
FCL15b  1930   854  1193   948   514   959   887   433   871   798  1169
FCL15b  1940  1345  1307  1494  1577  1432  2948  2504  1947  2253  1955
FCL15b  1950  1799  1483  1217  1422  1258  1085  1024   833  1121   901
FCL15b  1960   974  1021   730   715   581   715   684  1025   777   887
FCL15b  1970   709   799   740  1212  1030  1011   485   193   703   832
FCL15b  1980   769  1099  1057  1028   786  1098  1055  1111   499   554
FCL15b  1990   583   641   826   733   761   987   994   958  1148  1031
FCL15b  2000  1089   889   827   514   622   637   813 -9999
FCL16a  1747  3068  2523  2522
FCL16a  1750  2338  2314  2656  2868  2118  2077  1784  1264  1180  1307
FCL16a  1760   996  1746  1072  1816  1398  1805  1564  1086  1454   719
FCL16a  1770  1195  1113   573   595     0   449   413   689  1159  1058
FCL16a  1780  1194  2852  3545  3394  1501  1401  1167  1918  1140  1006
FCL16a  1790   994  1478  1660  1743  1830  1075  1630   716   910   343
FCL16a  1800   707   321   761   634   827   770  1064   742   294   601
FCL16a  1810   620   536   582   821  1021   766   725  1205   709   509
FCL16a  1820   954   727  1189  1248   883  1034   901   915  1052   465
FCL16a  1830   797   524   639   356   454   437   336   311   258   142
FCL16a  1840   512   407   478   606   637   634   776   558   701   863
FCL16a  1850   470   893   735   913   466   698   715   404   611   311
FCL16a  1860   509   366   128   591   475   310   745   821  1056  1278
FCL16a  1870  1276  1366  1667  1667   773  2003  2616  1808  2096   948
FCL16a  1880   829  1145  1314  1183  1125   833  1066  1447  1644  2139
FCL16a  1890  1968  2491  2969  2712  2156  1578   506   925   415   620
FCL16a  1900   771   769   327   475   495   572   551   688   554   977
FCL16a  1910  1096   565   748   524   497   519   939  1283   728   699
FCL16a  1920   869   535   914   752   619   243   473   690   730   659
FCL16a  1930   371   252   350   203   391   400   236   213   433   428
FCL16a  1940   487   421   438   674   571   447   563   600   187   470
FCL16a  1950   821   533   578   751   585   367   633   560   833   525
FCL16a  1960   819   722   778   699   793   976  1355  1333  1076  1301
FCL16a  1970  1407   932  1500  1558  2020  1049  2127  1329  2140  1278
FCL16a  1980  1833  1052  1147  1482   823   725   586   707   267   726
FCL16a  1990   666   661  1587   848   731  1346  1219  1566   836  1258
FCL16a  2000  1255  1087  2293  1618  1449  1792  1638 -9999
FCL16b  1740  2631  1820  2337  2385  2028  2367  1678  2398  2752  1812
FCL16b  1750  1624  1471  1585  2004  1053  1061  1384   751   885   426
FCL16b  1760   750   589   545   636   552   453   393   511   703   507
FCL16b  1770   710   838   583   645    98   525   614   716   876   621
FCL16b  1780  1542  2899  2883  2871   868   795   579   876   432   411
FCL16b  1790   253   630   496   468   748   568  1440   765   975   458
FCL16b  1800   673   545   781   546   508   463   673   414    81   362
FCL16b  1810   375   298   254   325   623   328   476   462   558   488
FCL16b  1820   873   585   548   512   488   864   854   500   469   339
FCL16b  1830   465   441   501   493   587   454   594   376   411   179
FCL16b  1840   413   425   355   411   430   342   449   526   717  1071
FCL16b  1850   454   560   536   499   338   503   712   549   659   462
FCL16b  1860   770   405     0   744   562   536   940  1037   894  1182
FCL16b  1870   811   987  1897   988   307  1119  2144  1329  1958   594
FCL16b  1880   335   615   660   913   683   598   839  1053  1077  1731
FCL16b  1890  1765  2134  2204  1625  1239   530   364   598   326   576
FCL16b  1900   724   811   407   369   383   429   524   727   551   864
FCL16b  1910  1403   595   533   647   403   534  1181  1138   620   439
FCL16b  1920   551   396   704   852   712   448   719   990   667   632
FCL16b  1930   402   346   257   203   391   676   432   483   854   647
FCL16b  1940   965   746   607   953   795   750   819   890   414   958
FCL16b  1950  1583  1154  1282   757   740   611   779   906  1213   869
FCL16b  1960  1376  1436  1290  1114  1059  1182  1293  2264  1424  1357
FCL16b  1970  1078  1384  1689  2321  3522  2485  2537  1936  1726  1633
FCL16b  1980  1787  1486  1566  1296   869   823   567   871   348   801
FCL16b  1990  1023  1216  1870   820   680  1003  1393  2213  2208  1962
FCL16b  2000  1630  1299  1382   750  1297  1918  2360 -9999
FCL28b  1949  3701                                                      
FCL28b  1950  6993  4679  5283  3816  4685  4290  5203  3855  4168  4322
FCL28b  1960  5650  5459  6154  4604  4204  3281  3459  2809  2709  2013
FCL28b  1970  2299  2436  3641  3819  3013  3265  3376  2962  3850  2269
FCL28b  1980  1697  1284   951   976  2041  1784  1263  2041  1529  3076
FCL28b  1990  3273  3209  4833  2380  2734  3039  3463  2657  2912  3823
FCL28b  2000  2782  2925  2183  2574  2540  1283  1692 -9999  