PCT01A  1924  5763  9887 11514 15622 16402 14234
PCT01A  1930  5642 10257 11850  9197  9318 10093  3112  7767 12333  7025
PCT01A  1940  6990  6928  9237  9031  4134  6834  9042  9917  5878  6443
PCT01A  1950  7667  5588  3302  4271  2817  4862  4214  3315  1964  2657
PCT01A  1960  2347  2010  2461  1675  1870  1906  1794  1410  1411  1226
PCT01A  1970  1665  1539  2196  1400  1435  1734  1489  1100  1189  1131
PCT01A  1980  1224  1698  1233  1091   605   532   383   589   625   730
PCT01A  1990   640   511   751   660   614   614   580   640   510   475
PCT01A  2000   532   254   360   627   640   293   384   187   561   632
PCT01A  2010   454   249   200   330   328   361   404   295   390 -9999
PCT01B  1916 15268 11365  7463  7251
PCT01B  1920  6901  9712 11076 10641 10095  6697  7448 12377 11461 10923
PCT01B  1930  5383  8324  8015  6928  7196  8145  2644  6078  9360  5799
PCT01B  1940  6708  4928  5346  6225  3548  6025  5513  5693  3087  3780
PCT01B  1950  6566  4429  2805  3510  2367  2990  2410  2962  1821  2330
PCT01B  1960  3428  2704  2331  1509   955   605   734   765  1225  1034
PCT01B  1970   768   743  1527  1316   900   601   554   369   635   566
PCT01B  1980   670   531   704   797   681  1050   534   646   520   750
PCT01B  1990   647  1004   924   565   659   531   277   438   358   277
PCT01B  2000   451   196   173   208   312   184   325   161   176   323
PCT01B  2010   496   347   438   485   520   392   463   347   692 -9999
PCT02A  1936  2216  5463  7469  8324
PCT02A  1940  8000  6080  6747  6492  3929  4272  4574  4795  3932  4431
PCT02A  1950  4653  3607  2281  1036   845   627  1043  1920  1479  1990
PCT02A  1960  1790  1558  3091  1973  2587  1791  2507  2162  3459  2582
PCT02A  1970  1661  2540  3106  4163  3485  2741  2356  2359  2472  2658
PCT02A  1980  2748  2125  2274  3547  1468  1746  1137  1346  1058  1500
PCT02A  1990  1344  1012  1239  1569  1049  1760  1638  1992  1821  1828
PCT02A  2000  1369  1431   859  1299  2464  2797  2747  2061  1596  1633
PCT02A  2010  1659  1980  1446  2061  1585  1585  1552  2208  2656 -9999
PCT02B  1934  5931  6543  2775  6127  5914  5494
PCT02B  1940  7263  6731  7311  7798  4590  7714  6249  6965  4665  5843
PCT02B  1950  6697  6788  5461  6318  4496  4394  5214  5419  4441  5691
PCT02B  1960  5366  4306  4168  3919  4887  3739  4332  3560  3590  2745
PCT02B  1970  2302  3148  3704  4714  4264  5132  3408  3048  2460  3006
PCT02B  1980  3418  2857  2891  3364  2283  2390  1907  2449  2037  3721
PCT02B  1990  3245  2951  3805  4025  3526  3479  2984  3154  2389  2257
PCT02B  2000  1770  1950  2067  2565  2601  2791  2692  1820  1633  2038
PCT02B  2010  1966  2079  1663  2692  2402  1920  1745  2696  2380 -9999
PCT03A  1918  4363  3116
PCT03A  1920  3750  5029  6761  5860  3401  2249  3575  4106  5523  4839
PCT03A  1930  2817  4262  6015  5199  6143  5802  3111  5480  6315  4580
PCT03A  1940  4151  4598  4548  3944  2022  3745  4011  2996  2739  4123
PCT03A  1950  7087  5148  3640  4486  3149  2134  2471  3251  3175  2000
PCT03A  1960  2350  2035  2595  1278  1652   632  1675  2171  2370  1006
PCT03A  1970   946  1855  3153  2768  5236  4030  2606  3639  2500  2314
PCT03A  1980  4882  2343  3179  3151  2310  1869   637  1202   810  3510
PCT03A  1990  3194  2358  3483  2631  1903  1737  1535  3013  2111  2013
PCT03A  2000  1702  1198   965   988  1135  1276  1115   748  1002  2524
PCT03A  2010  2682  4277  3964  3652  4606  2769  2840  4224  4669 -9999
PCT03B  1881   804  2963  1487  2785  1761  1879  1445  1927  2851
PCT03B  1890  3176  1776  2918  3539  2572  3014  1937  4062  3119  3855
PCT03B  1900  5172  5870  6182  4860  4058  3607  3392  4396  4391  6025
PCT03B  1910  3899  3586  5828  4821  2267  4882  4404  2555  2677  1343
PCT03B  1920  1188  1767  4288  3320  2872  1420  2386  2206  3664  3586
PCT03B  1930  1903  2351  3964  3748  4044  3379  1585  2312  4953  3268
PCT03B  1940  2102  3117  2217  3013  1432  1974  2390  2505  2588  3210
PCT03B  1950  4203  2182  1305  1859  1316   173  1282  1329  1110   520
PCT03B  1960  2229  1328  1108   566  1628   520  2066   993  2067  1270
PCT03B  1970   831  1305  1675  1339  2783  2055  1593  1235   935  1351
PCT03B  1980  1859   450  1479  1433   728  1167   312   822   393  1921
PCT03B  1990  2059  1779  2529  1547  1307  2178  3084  2862  1590  1798
PCT03B  2000  2268  1656  1227  1754  2689  2276  3055  2665  3122  3857
PCT03B  2010  4031  2840  4573  2741  2907  1821  2155  2156  3495 -9999
PCT05A  1967  8954  9145  8553
PCT05A  1970  6985  7912 11280 10259 11778  8536  7071  8069  5836  5607
PCT05A  1980  9110  8162  7259  7006  3807  3012  1870  2935  4889  7683
PCT05A  1990  6744  5283  5080  8167  4292  5309  5359  7138 11075  8942
PCT05A  2000  9385  8039  5119  5957  7175  5169  6821  4838  7278  7853
PCT05A  2010  7245  7226  8242  7481  6984  6707  6504  6444  7179 -9999
PCT05B  1965  4547  6896  5829  6998  6566
PCT05B  1970  4651  6059  8766  5804  7609  5830  3391  3848  3251  4891
PCT05B  1980  8026  6452  5753  5016  2998  3899  3682  6987  6675  7468
PCT05B  1990  7912  7291  7442  7849  6123  6287  7291  8192  8814  6476
PCT05B  2000  6148  6147  4661  5829  6541  4572  6896  5499  5588  6364
PCT05B  2010  4572  4826  4661  5805  5424  5830  6770  7601  7059 -9999
PCT06A  1972 12385  7037  8567  6711  6491  6951  6449  7385
PCT06A  1980 10023  7466  8485  8958  6958  9360  4384  3672  3140  6542
PCT06A  1990  6135  6696  7825  5711  5232  7437  6564  5361  3780  4086
PCT06A  2000  3657  5831  3882  6625  7958  6620  8154  6737  5467  6659
PCT06A  2010 10872  9373  9513  8534  7595  6540  8116  7000  9783 -9999
PCT07A  1964  4847  3109  3896  4377  4829  3316
PCT07A  1970  3409  3048  5360  3024  5417  6188  3875  3468  3204  4399
PCT07A  1980  6035  5234  4752  5969  4294  3574  2535  3507  4305  4723
PCT07A  1990  6890  6504  6965  7360  5115  6064  6039  5582  3650  3127
PCT07A  2000  1728  3736  5331  6388  7712  5086  7683  6494  7507  6872
PCT07A  2010  7443  5689  5677  4991  3077  3516  5585 10396  8432 -9999
PCT07B  1964  6506  5361  4578  7044 18328 10707
PCT07B  1970  6887  6116  6428  7026  7894  8857  6895  5820  5961  6297
PCT07B  1980  9251  6868  4984  5791  5386  4691  3792  5089  4602  6132
PCT07B  1990  5229  5865  5905  6186  4691  6759  4699  6526  5145  6716
PCT07B  2000  6821  7224  7959  7908  7670  5118  6712  5000  6324  5261
PCT07B  2010  4500  3324  3707  4436  1741  1921  4181  7431  6478 -9999
PCT08A  1955  6981  7032  6102  7286  7967
PCT08A  1960  9284  8362  7317  6972  5652  4267  4737  6224  6859  5234
PCT08A  1970  6306  7394  8951  6873  7944  6372  5171  5356  5848  5741
PCT08A  1980  5939  5840  4569  6487  5082  5773  3152  3430  4492  7279
PCT08A  1990  6240  4435  5669  5862  5258  6472  4964  4860  3320  4520
PCT08A  2000  2136  1881  2313  1829  2959  1778  2261  2095  4053  3620
PCT08A  2010  3340  1817  2935  3582  3582  2273  2636  2884  2400 -9999
PCT08B  1949  8960
PCT08B  1950  9565 10973  8213  9158  7675  7776  8274  7674  7580  8283
PCT08B  1960  8307  8810  6875  5793  6208  4027  5288  6668  7515  4759
PCT08B  1970  4801  4211  6971  5927  7130  5966  4784  4768  4268  4596
PCT08B  1980  5859  4753  4494  5789  5219  4168  2135  3568  3054  4691
PCT08B  1990  5484  5126  4356  3465  2990  4225  3861  3234  2512  2736
PCT08B  2000  1410  1479  1429  2217  4003  3224  3790  3247  3191  2503
PCT08B  2010  1871  1333  2200  3196  3215  3054  2850  3594  3077 -9999
PCT09A  1934  9400  4050  8765  6117  5511  4845
PCT09A  1940  5224  8647  9411  6918  8759  8252  8431  3489  6002  7353
PCT09A  1950  7096  6274  4868  6159  4331  3341  3812  4218  4308  3368
PCT09A  1960  4425  3709  3473  3683  3070  1543  2825  2420  2562  2796
PCT09A  1970  2880  2923  4420  3974  5040  5492  3662  4142  2873  3243
PCT09A  1980  3316  2351  2972  2609  1448  3082  1571  1469  1264  3279
PCT09A  1990  2057  2339  3902  2455  1793  2997  3544  3912  2541  3925
PCT09A  2000  2477  3021  2481  3366  4828  4117  5100  3272  3044  3520
PCT09A  2010  3363  3879  4301  4805  3508  3602  3082  4117  4422 -9999
PCT09B  1938  4654  4069
PCT09B  1940  4729  3758  6431  7459  4811  6877  6898  5802  4025  5593
PCT09B  1950  6516  4687  3227  4864  3200  3086  2744  3139  2023  1998
PCT09B  1960  3785  3374  3899  3977  2562  1246  2212  2318  1899  1948
PCT09B  1970  2027  2062  4087  4551  5899  6617  4460  3237  2757  2493
PCT09B  1980  2694  1611  2495  3179  2041  3196  1575  1288  1037  3709
PCT09B  1990  2821  2590  4381  2903  2217  2830  3569  3948  3217  4247
PCT09B  2000  3366  2728  2161  3459  3242  3072  3084  2210  4186  4673
PCT09B  2010  5267  6377  6149  6080  5107  5185  5075  6515  4887 -9999
PCT10A  1911  3796  4531  4142  3156  4295  3391  1454  1100  1041
PCT10A  1920  1564  1622  1868  1834  2048  1596  2001  2899  3878  1324
PCT10A  1930   912  1493  3785  3221  4859  5239  3342  6289  5148  4129
PCT10A  1940  4748  3993  3632  3271  2439  4512  3569  3608  3799  3724
PCT10A  1950  3426  2825  2238  2253  1321  2096  1854  2210  2133  2096
PCT10A  1960  2718  1791  1803  2072  1564   736   778   815  1448  1714
PCT10A  1970  1437  1730  2211  2178  1835  2196  1964  1822  1706  1221
PCT10A  1980  1770  1716  1410  1774  1633  1610  1006  1208   998  2104
PCT10A  1990  1987  1885  2284  2187  1569  1683  1708  1872  1384  1620
PCT10A  2000  1439  1297   960  1768  2073  2299  1958  2537  3412  3942
PCT10A  2010  4363  4578  3838  4652  3226  2852  3623  4020  3945 -9999
PCT10B  1933  3916  4950  5689  4422  6727  5863  6229
PCT10B  1940  6211  5043  5082  4464  2998  3518  2870  3779  3518  3674
PCT10B  1950  3449  3361  2484  2973  2289  2719  2148  2252  2189  1845
PCT10B  1960  2177  1999  1870  1877  1313   842   675   683  1356  1397
PCT10B  1970  1487  1980  2826  2205  2858  2681  2601  2288  2188  1740
PCT10B  1980  1848  1831  1335  1318  1461  1071   733   718  1126  2197
PCT10B  1990  2248  2180  2627  2746  2429  2581  3282  2891  1580  1905
PCT10B  2000  2147  1511  1182  2617  2566  2560  2240  2371  3086  3764
PCT10B  2010  3238  3571  3268  3178  2574  2252  3668  3648  3579 -9999
POR21A  1894   892   731   564  1058   957   780
POR21A  1900   809   822   525   717   569   680   611   767   451   789
POR21A  1910   697   687   778  1016   625  1072   935   745   826  1055
POR21A  1920  1069   850  1200  1694  1244  1089   721   577   674   266
POR21A  1930   483   247   210    75   270   368   298   564   644   660
POR21A  1940   803   580   615   636   562   643   943  1020  1317  2078
POR21A  1950  1955  2312  2019  1947  1923  1528  2148  1826  2611  1669
POR21A  1960  2025  1272  1219   824  1113   539  1152   791  1007   807
POR21A  1970   845   986  1268   892  1829  1970  1705   835   706   766
POR21A  1980  1456  1247  1459  1400  1312  2288   445   965   795   776
POR21A  1990  1182  1558  1723  1502  1079  1359  1246  1131 -9999      
POR21B  1897  2483  1084   674
POR21B  1900   894   914   899  1175   946  1149   941  1092   413   748
POR21B  1910   647   578   705   720   468  1039  1030  1055   744   809
POR21B  1920  1177   636  2467  2913  2575  1212   717   678   966   827
POR21B  1930   847   628   946   707  1006   966   677   849  1978   991
POR21B  1940  1107   974  1131  1388   960  1068  1592  1251  1625  2225
POR21B  1950  2522  3142  2487  2392  2440  1360  1347  1259  2457  1382
POR21B  1960  2314  2427  2236  1788  2484  1049  1662  1530  1606  1227
POR21B  1970   891  1457  2046  1927  2326  2448  1821  1399  1263  1642
POR21B  1980  2504  2028  2642  2056  1791  2835   727  1720  1283  1533
POR21B  1990  1634  2664  1929  1521  1271  1587  2190  2089 -9999      
POR22A  1761  2717  1297  1360  1742   973  1553  1053  1200  1519
POR22A  1770  1234   949  2045  1970  1662  1618  2868  2558  2148  2115
POR22A  1780  1972  2117  3101  2270  1318  1494  1147  1238  1046   933
POR22A  1790   761  1010  1033   854  1166   852  1277   967   995  1156
POR22A  1800  1235   493  1367  1683  1698  1844  2238  1825  1512  1023
POR22A  1810  1692  1040   718   508   922  1097  1308  1171  1527   886
POR22A  1820    70   446   561   820   983  1169  1652  1244  1291  1182
POR22A  1830  1200  1214  1059  1234  1847  1317  1011   656   882   584
POR22A  1840   801  1032   827  1146   960  1348   864  1091  1451  1692
POR22A  1850  1539  1902  1298  1194   688   826   817   988   611   725
POR22A  1860   662   916  1090   810   850   756   998   785   947   796
POR22A  1870   855   918  1619  1052   925  1180  2411  1824  1936   930
POR22A  1880  1847  1766  2307  1489  2455  1727  1614  1676  1222  1238
POR22A  1890  1328   944   957   722   894   995   723  1621   764  1013
POR22A  1900   972  1110   969  1349  1098  1270  1369  1436   986  1285
POR22A  1910  1645  1001  1095  1380  1649  1912  1843  1771  1695  1903
POR22A  1920  1081  1034  1190  1969  1750  1132   630   899  1121   791
POR22A  1930   835   988   934   944  1427  1615   973  1092   901  1162
POR22A  1940   955   888   865   825   567   620   857  1103  1043  1460
POR22A  1950  1842  1331  1184  1608  1432   960  1301  1497  1961  1565
POR22A  1960  1184   884   990  1387  1203  1447  1086   814  1084  1247
POR22A  1970   963  1080  1127  1343  1373  1235   694  1074   977  1000
POR22A  1980  1226  1130  1800  1781  1426  2582  1512  2535  2316  2403
POR22A  1990  1911  2154  1868  1651  1647  1243  1667  1019 -9999      
POR22B  1725  2185  1146  1310  1311  1519
POR22B  1730  1772  2005  1587  1797  1234  1808  1511  1976  2327  2192
POR22B  1740  1632  1902  1934  2660  1986  1604  2221  1588  1296  1555
POR22B  1750  1367  1472  1446  1106  1360   734  1065   658  1485  1910
POR22B  1760  1490  1561  1154  1134  1369  1024  1128  1057   923  1488
POR22B  1770  1738  1604  1283  1216  2247  1904  2537  2212  1509  1802
POR22B  1780  1815  1589  1780  1582  1005   940  1022   986  1054  1522
POR22B  1790  1054   624   959   960  1242  1020  1121  1008   761   860
POR22B  1800  1428   326  1293   960  2151  1750  1585  1376  1472  1087
POR22B  1810  1445   933   954   852   934  1069  1009   697  1154   759
POR22B  1820   682   669   747  1168   962   983  1231  1020  1072   796
POR22B  1830   936   956  1060  1412  1554  1520  1342  1161  1562   723
POR22B  1840  1330  1050  1000  1097   973  1214  1154  1362  1126  1473
POR22B  1850  1160  1244   860   924   781   899  1013   699   708   839
POR22B  1860   735   794   821   738  1009   899  1295  1066  1053  1115
POR22B  1870  1658  1222  1437  1127   802   941  1033   855  1256   715
POR22B  1880   981  1082   948   987  1553  1222   971   930   916   908
POR22B  1890  1005   759   882   781   878   798   662  1550   733   884
POR22B  1900   786  1334   815  1304   869   998  1283  1339   963  1109
POR22B  1910   946  1261   934  1481   805   648   817   723   989  1156
POR22B  1920   877   860   906  1011   790   727   403   445   898   516
POR22B  1930   550   529   647   643  1023   740   610   589   523  1459
POR22B  1940  1295   785   684   968   764   660   710   786   622  1182
POR22B  1950  1546  1483  1498  1177  1166   837   882  1009  1154  1234
POR22B  1960  1358  1157  1244   625   717   635   591   468   804   731
POR22B  1970   648   853   848   993  1049  1035   879   957   942   735
POR22B  1980  1136   973  1236  1241   963  1384  1078  1315   981  1251
POR22B  1990  1109  1225  1481  1351  1444  1255  2154  1185 -9999      
POR23A  1787   893   957  1242
POR23A  1790  1018  1334  1296  1912  1867  1758  2237  1931  1743  1314
POR23A  1800   697   640  1239  2916  2292  2545  1628  1573  2006  1845
POR23A  1810  1526  2309  1573   923   756  1753  1410  1635  1200  1057
POR23A  1820   908   729   948   998  1219  1336  1962  1527  1529  1161
POR23A  1830  1222   771   670   727  1083   800   794   486   777   543
POR23A  1840   833   650   904   757   619   965   571   940   877   995
POR23A  1850  1901  1534  1156  1538   304  1071   981  1007   424   863
POR23A  1860   677   804  1126  1188   909   613  1327   861   911   781
POR23A  1870  1041   766  1244   924   339  1277  1352  1067  1919  1012
POR23A  1880  2461  1370  1982  1301  2916  1836  1185  1614  1167   913
POR23A  1890   696   919   658   287   466   671   630  1656  1119  1162
POR23A  1900  1276  1347  1190  1835   843   968  1229   960   608   910
POR23A  1910   882   869   671   713   655  1024  1406  1216   663   795
POR23A  1920   969   424  1173   990   960  1124   694  1018  1122   821
POR23A  1930   852   513   660   911  1000   949   962  1654  1100   878
POR23A  1940   918   788  1442   769   576   482   666  1199  1529  2384
POR23A  1950  3733  4811  5713  3691  2444  1482  1350   823   647   606
POR23A  1960   684   711   694   401   712   617   638   673  1143   815
POR23A  1970   763  1009  1582  1703  2504  2168  1632  1235  1889  1914
POR23A  1980  2319  2494  2372  2717  2506  4279  3767  5649  3646  4636
POR23A  1990  2753  3359  1944  2227  1514  1206  1339  1957 -9999      
POR23B  1806  1728   722   757  1009
POR23B  1810  1753   916   564   513   966  1131  1634  1252  1912   941
POR23B  1820    65   451   573   829  1270   850  1239  1145  1542  1262
POR23B  1830  1576  1562  1104  1079  1135   635  1026   514   847   612
POR23B  1840   875   640   962   894  1278  1783   786  1062  1160  1321
POR23B  1850  1635  1533  1086  1108    46   847   894   902   666   967
POR23B  1860  1001   833   859   890   956   591   766   555   749   749
POR23B  1870   834   835   791   960   704  2113  2375  1316  1192   870
POR23B  1880  1287   736  1665   900  1142   819   849  1051   649  1072
POR23B  1890  1486   916   870   797   958   869   778  1391  1087   916
POR23B  1900   765   861   724  1000   558   694   721  1782   624   783
POR23B  1910   764   939   976   936   554  1169  1005   816   496   520
POR23B  1920   592    71  1569  1998   993   726   275   194  1080   524
POR23B  1930   361   284   478   507   465   682   603  1185   735  1337
POR23B  1940   627   602   861   927   531   576   542   889  1006  1700
POR23B  1950  2052  1315  1864  2495  1485   696  2360  1639  1432  1766
POR23B  1960  1539   865   828   722  1197   852   660  1106   926   597
POR23B  1970   599  1169  1115   962  1344  1398  1270  1344  1185  1249
POR23B  1980  2430  1684  2602  2658  1459  2714  1067  1425  1132  1895
POR23B  1990   976  2608  2384  1512   703   878   945  1467 -9999      
POR24A  1838  3345  2586
POR24A  1840  3736  3035  2730  3590  3858  1040  3177  3553  4033  2262
POR24A  1850  4139  3964  2634  3246  1597  2513  2499  3391  1923  2555
POR24A  1860  2359  1567  1383  2008  1542  1572  1525  1861  2691  3054
POR24A  1870  2888  2234  1825  1997  1412  2889  3835  3725  3017  1708
POR24A  1880  2647  2999  3881  2794  3210  2937  2666  2936  2060  3300
POR24A  1890  2574  2179  2305  2311  2873  2322  2502  3147  1688  1751
POR24A  1900  1391  1920  1969  2164  1703  1826  2102  3114  1480  2166
POR24A  1910  1849  2228  2050  2643  1456  2672  2796  1955  1994  1815
POR24A  1920  1680  1432  3955  3268  2070  1904  1424  1281  2031  1765
POR24A  1930  1305  1351  1324  1050  2032  2060  1497  2032  2344  2403
POR24A  1940  1686  1574  1561  1459  1305  1892  1774  1851  1993  2115
POR24A  1950  1962  2308  1920  2453  2272  1880  2143  1790  1675  1348
POR24A  1960  1648  1402  1455  1429  1729   869  1165  1162  1683  1102
POR24A  1970   933  1216  1792  1815  2451  2825  1916  1768  1941  1509
POR24A  1980  3205  1575  2145  2351  1395  2227  1183  1718  1295  1018
POR24A  1990  1791  2753  2287  2294  1231  2356  2690  1951 -9999      
POR24B  1867  4415  4622  4343
POR24B  1870  3808  3991  3457  3125  2621  3580  4455  4582  4491  3187
POR24B  1880  4384  3708  4416  3407  4078  4260  3342  3487  3004  4540
POR24B  1890  4455  3261  2985  3328  3618  3163  4583  4892  3818  2594
POR24B  1900  2062  2754  2810  3485  2307  2855  3773  3614  2383  3208
POR24B  1910  2487  2919  3440  3735  2255  3533  4038  2654  2339  2290
POR24B  1920  1751  1285  3847  3231  2410  2540  1738  1514  2384  1826
POR24B  1930  1348  1397  1990  1643  2182  2802  1869  2587  3401  3255
POR24B  1940  2337  1881  2302  2147  1287  1718  1649  1672  2037  2180
POR24B  1950  2309  2647  2343  1982  2444  1917  2466  2039  2072  1485
POR24B  1960  1761  1604  1766  2282  2778  1578  2146  2275  2212  1572
POR24B  1970  1479  1152  1878  2424  3686  3626  2274  2428  2171  1916
POR24B  1980  3861  2675  2757  2951  2256  3104  2137  2500  2051  1438
POR24B  1990  1809  3148  2323  2322  1866  3159  3409  2988 -9999      
POR25A  1844  3569  3734  3254  2819  2107  1572
POR25A  1850  1785  2346  1875  2527  1236  1888  1975  2518  1375  1947
POR25A  1860  1694   860  1065   833  1030  1434  2138  1527  2302  2187
POR25A  1870  1761  1916  3596  3351  2680  4964  5516  4333  5965  3239
POR25A  1880  4875  3713  5013  3470  3852  3818  4157  3976  2946  3877
POR25A  1890  3494  3170  3256  3322  3322  2912  3069  3322  2103  1450
POR25A  1900  3016  3677  2814  3351  2137  2810  3290  2945  2069  2587
POR25A  1910  2343  2514  2285  2416  1119  2688  3243  2530  1469  1487
POR25A  1920  2053  1472  2714  2103  2456  1350  1389  1300  2574  1541
POR25A  1930  1139   844  2263  1392  2446  2076  1727  2790  3024  3048
POR25A  1940  1671  1945  2809  3001  1782  1664  2131  1575  1464  1480
POR25A  1950  1419  2333  2453  1402  2400  1501  2050  1621  2208  1549
POR25A  1960  2402  1798  2091  1346  2207   852  1557  1188  1393  1378
POR25A  1970  1132  1476  2058  1664  2171  1929  1881  1796  1869  1135
POR25A  1980  2098  1184  2158  2999  1631  3161  1188  2475  1208  2847
POR25A  1990  1722  3250  1786  2772  1282  2324  1569  2591 -9999      
POR25B  1873  4229  3456  5223  6457  4444  5493  3064
POR25B  1880  5152  4118  5229  3361  4179  4156  4493  4331  3203  5118
POR25B  1890  4263  3634  3829  3297  3101  3317  3511  4603  3009  2147
POR25B  1900  3576  3245  2972  3758  2259  3616  3904  3322  2675  3817
POR25B  1910  3175  2412  2347  3274  1557  3587  3977  2884  2334  2485
POR25B  1920  2414  1878  3688  3212  2968  2473  1710  1845  2958  1929
POR25B  1930  1731  1268  1707  1855  2299  2886  2289  3622  3580  3492
POR25B  1940  2404  2438  2985  2930  1774  2160  2317  2182  2286  2894
POR25B  1950  2819  2555  3013  1959  2408  1816  1852  1789  2524  2531
POR25B  1960  3023  2044  2212  1900  2553  1178  1787  1967  2018  1739
POR25B  1970  1838  1673  3608  2010  3617  2976  2968  1527  2781  1503
POR25B  1980  2297  1114  2402  3263  2033  3656  1489  2894  1827  3069
POR25B  1990  2052  3624  2526  2902  1975  3566  2173  3364 -9999      
POR26B  1838  1419   732
POR26B  1840  1493   739   958  1099   994  1903   763  1036  1138  1041
POR26B  1850  1251  1727  1614  1490   308   978  1566  1367  1000  1123
POR26B  1860  1663   977  1217  1297  1082   900  1268   923  1204  1118
POR26B  1870   691   835   806   902   486  1568  1781  1455  1300   649
POR26B  1880  1503  1500  2185  1694  2157  1909  1296  1682  1237  1368
POR26B  1890  1913  1208  1718   997   896   819  1019  1716   340   263
POR26B  1900   511  1050   550  1117   678   673   857  1207   349   712
POR26B  1910   607   499   527   555   296   739   731   465   517   587
POR26B  1920   700   589  1486  1874  1027   802   670   525  1600   852
POR26B  1930   789   787  1202  1175  1558  1288  2101  2337  1560  2008
POR26B  1940   919  1045  1630  1702   772  1112  1547  1638  1340  2026
POR26B  1950  1880  1843  2282  2273  1998  1449  1975  1319  1666   731
POR26B  1960  1555   753  1134   931  1880   614  1036  1063  1561   923
POR26B  1970   451  1593  1781  1018  1604  1291   919  1204   966  1117
POR26B  1980  2455  1014  2011  2160  1430  2201   477  1139   953  1220
POR26B  1990   929  1518  1226  1214   563  1382  2022  1220 -9999      
POR27A  1809  1281
POR27A  1810  1748  1610  1831  1821  1401  1506  1348  1158   903   876
POR27A  1820   788   909  1670  1614  1836  2916  2485  2694  2843  1575
POR27A  1830  1712  1166  1102  1441  1111   869   973   879   949   626
POR27A  1840   896   757   496   432   188   499   548   793   937  1508
POR27A  1850  1407  1234  1770  1946  1076  1416  1264  1226   609   890
POR27A  1860  1261   910   811   620   840   868  1330  1410  1625  1991
POR27A  1870  2073  2500  2542  2307  1674  2180  2422  2244  2072  1043
POR27A  1880  1206  1185  2293  1403  2622  1548  1458  1936  1742  2909
POR27A  1890  2413  2270  2033  2883  2512  1824  1144  1638  1020  1238
POR27A  1900  1305  1835  1880  2085  1541  2264  2639  2195  1216  1574
POR27A  1910   998  1422  1251  1800   929  1692  2059  1804  1268  1757
POR27A  1920  2300  1757  3321  2732  2248  1197   943  1511  2531  1366
POR27A  1930  1114  1187  1587  1334  1645  1162   630   949  1024  1324
POR27A  1940  1341  1251  2506  2916  1684  1950  1776  2402  1744  1654
POR27A  1950  2111  1601  1843  1813  2452  1370  1776  1731  1559  1146
POR27A  1960  1861  2037  2941  1673  2350  1275  1138  1642  1118  2520
POR27A  1970  1762  2198  2644  2769  3248  4014  3470  2785  1718  2244
POR27A  1980  4195  1580  2251  2104  1442  3319  1563  2901  1752  2985
POR27A  1990  1944  3541  2402  2684  2278  4141  2572  1677 -9999      
POR27B  1802  2727  2397  3102  2901  2102  1675  1600  1672
POR27B  1810  2192  1864  1091  1301  1637  1677  1565  1243   935   804
POR27B  1820   831   883  1083  1051  1768  1483  1836  2090  2186  1576
POR27B  1830  1388  1271  1249   958  1180   668   685   292   475   392
POR27B  1840   484   492   268   388   194   491   545   625   668  1043
POR27B  1850  1045  1592  1437  1388   795   855  1112  2023  1308  1567
POR27B  1860  1621   883  1043   692  1023   871  1145  1090  1675  1157
POR27B  1870   972  1271  1397  1170  1455  2765  2597  3211  4247  2819
POR27B  1880  2311  2110  3569  1659  2142  1115  1311  1823  1525  2723
POR27B  1890  2504  2145  2645  2117  2621  3975  5013  5296  4035  1526
POR27B  1900  1382  1384  1371  1593  1076  1391  1879  2206  1318  1632
POR27B  1910  2151  2510  2974  2785  1378  1781  1816  1650  1195  1766
POR27B  1920  1649  1388  2595  3359  1763  1218   847   962  1940   808
POR27B  1930   772   830  1946  1788  1651  1906  1690  2634  2262  2494
POR27B  1940  1852  1226  1820  1665   815  1497  1569  2693  2025  2000
POR27B  1950  2575  1756  1813  1757  1638  1092  1352  1457  2015  1927
POR27B  1960  3234  2194  2419  2320  2796  1855  2117  1897  1531  1565
POR27B  1970   946  1388  1489  1523  1507  1856  1475  1437  1839  1981
POR27B  1980  3191  2372  4382  5425  3824  5300  2385  3976  2281  1867
POR27B  1990  1432  1981  1893  1701  1468  1225  2861  2260 -9999      
POR29B  1850  2895  3551  3134  4657  2357  2788  2022  2604  1536  1932
POR29B  1860  2461  2058  1322  1992  1920  1894  2793  1512  3081  2121
POR29B  1870  1500  2248  2430  2249  1701  3238  3347  3457  4084  1819
POR29B  1880  3075  1856  4280  1929  3291  3183  2342  3041  4411  5169
POR29B  1890  5278  4100  3951  2782  2876  1902  3007  4648  2463  1695
POR29B  1900  2469  2964  2893  3683  2772  2319  2990  2529  1125  1868
POR29B  1910  1617  2253  2358  3180  1722  4666  4389  4402  2347  2292
POR29B  1920  1920  2020  2719  3063  2153  1594  1287  2492  2501  2074
POR29B  1930  1401  1386  2472  1734  3261  4508  4398  6029  6199  6735
POR29B  1940  5753  3333  5574  3967  1705  2225  2335  2761  3002  3544
POR29B  1950  4941  5432  4631  3803  3848  2903  3861  3994  3032  2295
POR29B  1960  3346  2574  2330  2092  2821  1717  1717  1738  2036  2580
POR29B  1970   950  1823  2347  2591  2409  2658  2457  2342  1532  1654
POR29B  1980  1602  2832  2596  2294  1511  2438   947  1295   786   697
POR29B  1990   805  1466  1385   684   710   850   977   864 -9999      
POR30A  1835  1713  1822  1788  2399  1543
POR30A  1840  1829  1484  1355  1770  1310  1362  1170  2156  2239  3781
POR30A  1850  2836  4232  2665  3111  1876  2411  1798  2346  1515  1458
POR30A  1860  2148  1397  1208  1132  1289   820  1887  1101  1804  1128
POR30A  1870  1423  1352  1408  1231  1515  1897  3013  2720  2919  1423
POR30A  1880  2479  2112  3351  1601  2941  2705  2422  2661  2104  3038
POR30A  1890  3811  2487  2468  1828  2539  1739  2423  2694  1483  1440
POR30A  1900  1268  1731  1714  1919  1201  1590  2151  1763  1092  1561
POR30A  1910  2002  1755  1554  2156  1113  2402  2975  2251  1539  1444
POR30A  1920  1173   882  2054  2919  1705  2118  1581  1944  3123  2587
POR30A  1930  1573  1099  2030  1425  1990  2714  1718  2592  2243  1981
POR30A  1940  2639  1837  3039  3452  1701  2287  2716  4425  3227  3186
POR30A  1950  3430  2957  3421  3638  2106  1766  1833  2072  2007  1388
POR30A  1960  1200  1054   940   898  1326  1106   964   926   904   977
POR30A  1970   838  1140  1386  1757  1988  1563   829  1175   955  1282
POR30A  1980  1517  1339  1799  1947  1921  2358  1403  2542  1522  1862
POR30A  1990  2058  2368  2293  1833  1635  1871  2701  2183 -9999      
POR41A  1846  4505  4333  3162  3891
POR41A  1850  2736  3249  2746  2617   701  1632  1590  1298  1014  1017
POR41A  1860   979   654  1134  1148  1018   898  1409   942   724  1576
POR41A  1870  1104  1254  1124  2627  1334  4319  5079  4263  5187  3652
POR41A  1880  6675  3628  5015  4184  6051  4902  3888  4185  3852  4669
POR41A  1890  4477  3128  3300  3166  3701  2722  3747  3371  2371  2363
POR41A  1900  3008  2838  3763  3516  2645  2552  1561  2124  1179  1384
POR41A  1910  2399  1914  1447  1811   796  2320  2543  2154  1514  1888
POR41A  1920  1384  1197  2830  4885  2205  1645   977  1591  2141  1283
POR41A  1930   760   672  1515  2070  2511  2158  1298  3555  3219  3263
POR41A  1940  2167  2192  1834  1333  1170  1599  2145  8093  3984  3951
POR41A  1950  3600  3091  2451  3110  2378  1367  2351  3178  1722  1779
POR41A  1960  1011  1282  1690  1731  3302  1633  3522  1781  2463  1505
POR41A  1970  1184  1175  2910  2898  3718  2812  1505  1155  1195  1255
POR41A  1980  2988  1699  3692  3554  2071  3444  1483  1437  1244   891
POR41A  1990   895   895  1190   835   679   869  1414  1687 -9999      
POR41B  1879  4438
POR41B  1880  7436  5224  6478  6255  6090  6486  5093  4958  6061  5823
POR41B  1890  6193  5436  4610  3757  3513  3817  5024  4453  2044  1526
POR41B  1900  1916  2335  4041  2920  2700  2436  2957  3080  1383  2546
POR41B  1910  2179  2041  1628  1906  1104  2390  2405  3024  1641  2052
POR41B  1920  2078  1709  2856  3440  2485  1767   826  1199  1940  1947
POR41B  1930  1063  1156  2266  1473  2175  2343   891  3025  2839  3308
POR41B  1940  2104  1804  3636  2187  1246  2039  1966  3264  3082  2253
POR41B  1950  2839  4397  3729  2951  3812  2511  3276  2665  2268  1682
POR41B  1960  1955  1916  1906  1188  2287  1158  2237  1254  2239  1934
POR41B  1970  1680  1553  4966  3559  5015  2984  3276  1950  1549   895
POR41B  1980  1207   975  1279  1925  1309  3036  1537  2975  2231  3160
POR41B  1990  3280  4575  2738  1848  1062  1231   875  1170 -9999      
POR44A  1834   612   633   541   222   620   484
POR44A  1840  1082   711   990  1193  1036  1609  1064  1037  1471  2007
POR44A  1850  1263  1686  1765  1642   845  1444  1397  1468  1480   682
POR44A  1860  1237   594   732   750   837   522   703   486   461   523
POR44A  1870   459   383   384   576   560  1007  1710  1342  2674  1895
POR44A  1880  3473  2334  2444  2827  2646  2103  2022  2381  1916  2965
POR44A  1890  1388  2330  1181  1574   963   963  1159  1976   837  1147
POR44A  1900   858  1123  1629  1033   868  1103  1664  1043  1305  1418
POR44A  1910  1810  1908  1608  1980  1026  2380  2236  1883   993   781
POR44A  1920  1223   937  1713  1706  1805  1556   833  1931  2486  1266
POR44A  1930   544   470   639   951  1121  1018   529  1466  1514  1186
POR44A  1940   740   725  1074  1022   518   899   662   640   548   408
POR44A  1950   614   810   844   847  1259   815   924  1500  1464   852
POR44A  1960  1132  1002  1323  1073   932   789  1206  1328  1613  1500
POR44A  1970   975   779  1429  2252  1755  2050  1474  1557  1148   945
POR44A  1980  1744  1621  1565  1345  1319  1638  1041  1154   853  1474
POR44A  1990   977  1134  1740  1676  1319  1511  2434  2305 -9999      
POR44B  1868   837   723
POR44B  1870  1155  1230  1651  1917  1235  2138  4201  4475  4362  2099
POR44B  1880  4379  3986  3848  2098  2934  2251  2127  2594  2062  1932
POR44B  1890  2417  1562  1334   898   454   669   574  1524  1044  1561
POR44B  1900  1591  1973  3271  2219  1458  1982  2405  1515  1091  1268
POR44B  1910  1740  1569  2085  1778   645  1748  1986  1061   666   582
POR44B  1920   765   709  1743  2192  1888  1395  1041  1721  2059  1291
POR44B  1930   713   698  1301  1233  1638  1125   800   926  1114   869
POR44B  1940   875   724  1006  1287   744  1013  1179  1135   810   775
POR44B  1950   873   892  1051  1650  1401  1714  1363  2238  2108  1658
POR44B  1960  2397  1766  1682  1945  2091  1311  1724  1418  1895  1841
POR44B  1970  1436  1305  2215  1823  1971  2703  2111  1848  1184  1377
POR44B  1980  2941  2514  2339  2692  2119  1951  1063  1983  1347  1709
POR44B  1990  1421  1571  1131  1222   919   970  1674  1468 -9999      
POR46A  1879  1682
POR46A  1880  4161  3761  6439  3378  3194  1549  1861  1961  1367  1659
POR46A  1890  1170   868   899  1287  1465  1411  1448  2350  2536  2281
POR46A  1900  1894  1746  3200  2714  2365  3189  3514  2152  3008  3212
POR46A  1910  2971  2542  3183  2375  2046  3563  2737  2341  1178  1286
POR46A  1920   774   544  1194  1068  1425  1674  1377  2026  3769  4650
POR46A  1930  2184  2250  3665  3177  2572  3702  1897  4389  4061  3442
POR46A  1940  3031  3477  5057  4691  3185  3509  3873  3830  3739  2391
POR46A  1950  3583  2665  4431  3604  3964  3479  3621  3736  3638  3408
POR46A  1960  4046  3303  3993  3119  3224  3013  3787  2930  3563  2757
POR46A  1970  2426  2490  2630  2222  2671  2490  1847  1663  1775  1822
POR46A  1980  2134  2872  2516  2514  2045  3102  1338  2380  1937  2996
POR46A  1990  2496  3192  3272  3257  2016  2388  2451  2270 -9999      
POR46B  1899  5915
POR46B  1900  7117  9682  8927  7870  7368  8510  7843  5749  4541  2880
POR46B  1910  2689  2366  2673  1820  1142  1692  1923  2171  1760  2077
POR46B  1920  3786  2330  4971  3345  3771  1942  1416  1453  2066  1836
POR46B  1930  1160  1244  2299  2533  3910  6059  3712  5598  5569  4050
POR46B  1940  3236  2832  3741  2844  2063  2283  2190  2619  2597  1742
POR46B  1950  3857  3522  4878  4027  4677  4118  3730  3217  3445  2274
POR46B  1960  2805  2552  2678  1608  1744  1427  1238  1190  1875  1617
POR46B  1970  1511  1847  2342  2369  3002  4312  4236  2505  2080  1658
POR46B  1980  2626  1701  2303  2706  2446  3641  2032  2382  1755  3537
POR46B  1990  2639  3615  3066  2700  1943  2528  3391  3080 -9999      
POR47A  1778  1791  2152
POR47A  1780  1810  1401  2135  1224   138   668   583   859   529   746
POR47A  1790   844   744   845   975  1869   951  1978   985  1080   812
POR47A  1800  1055   842  1932  1924  1384  1792  1795  1076   954   895
POR47A  1810  1152   989   734   791  1104  1289  1504  1497  1580   946
POR47A  1820   489   576   775  1063  1555  1913  1967  2130  2041  1571
POR47A  1830  2120  1749  1369  1292  1868  1581  1506   971  1184   740
POR47A  1840   975   892  1122  1003  1370  1615  1210  1654  1660  1553
POR47A  1850  1333  1875  1429  1155   482   846   668  1081   528   582
POR47A  1860   685   428   502   476   585   554   653   547   584   623
POR47A  1870   716   726   690   768   702  1237  2102  1658  1468  1603
POR47A  1880  1922  1936  3300  1122  1771  1317  1438  1837  1256  1839
POR47A  1890  2585  1816  2027  1348  1367  1414  1897  3231  1345   736
POR47A  1900  1177  1249  1024  1383  1002   939   832   626   499   645
POR47A  1910   751   680   819   926   483  1080   929  1085   729   903
POR47A  1920   914   792  1729  1729  1014   731   501   599   742   397
POR47A  1930   356   453   524   539   600   639   384   878   869  1517
POR47A  1940   908   943  1836  2214  1234  1255  1195  1333  1011  1152
POR47A  1950  1385  1285  1184  1445  1261  1035   867   685   758   698
POR47A  1960   729   690   710   785  1249   823   835   978  1104  1298
POR47A  1970   805  1174  1576  1563  1591  1870  1080  1279  1073  1143
POR47A  1980  1108  1242  1535  1499  1269  1186   925  1147  1313  1059
POR47A  1990  1460  1621  2128  1185  1417  1694  2315  1165 -9999      
POR47B  1698  1893  1298
POR47B  1700  1473  1908  1594  1041  1326  1420   798  1261  1743  1291
POR47B  1710  1012  1309  1170   931   486   663   783  1343  1512  1561
POR47B  1720  1360  1816  1223  1550  1808  1255  1126  1333  1719  1527
POR47B  1730  1236  2194  1703  1826  2220  2798  1988  2041  2075  1104
POR47B  1740  1151  1837  1704  1655  1097   939  1525  1411  1208  1553
POR47B  1750  1167  2004  1901  1875  1694  1053  1204  1380  1500  1900
POR47B  1760  2548  2668  1849  1399  1793  1712  2262  1500  1251  1333
POR47B  1770   771   937  1249  1210  1132   831  1798  1570  1091  1330
POR47B  1780  1357  2085  3749  2419   319   819   789  1092   368   476
POR47B  1790   747   708   695   807   976   650  1388   834   813   760
POR47B  1800   860   468  1313  1763   869  1750  1845   934  1002   807
POR47B  1810  1027   814   530   526   638   641   863   906  1266   843
POR47B  1820   557   720   953  1170  1363  1626  2162  2345  2776  2287
POR47B  1830  2652  2420  1710  1350  2096  1475  1285  1005  1630   687
POR47B  1840  1075  1005   837  1027  1279  1334  1222  1208  1529  1923
POR47B  1850  1463  2570  1736  1893   714  1009   785   869   417   440
POR47B  1860   748   376   496   399   600   419   402   382   408   419
POR47B  1870   594   445   407   429   549   753  1965  1413  1604  1559
POR47B  1880  1907  1461  3160  1011  2135  1597   664  1037  1170   993
POR47B  1890  2263  1287  1255  1361  1982  1751  2192  3947  1433  1032
POR47B  1900  1011  1209  1378  2054  1114  1191  1440  1048   735   988
POR47B  1910   915   957   906  1191   550  1040  1002   938   677   904
POR47B  1920   830   756  1188  1098   835   763   531   611   951   496
POR47B  1930   385   631   881   947   778   951   686  1408  1018  1730
POR47B  1940  1059   722   960  1060   754  1148  1312  1948  1287   745
POR47B  1950   687   546   598   824   914   574   807  1071   997  1152
POR47B  1960  1147   868   799   567   670   636   669   649   625   551
POR47B  1970   497   811   851   870  1052  1360  1063   964   930  1080
POR47B  1980  1341  1027  1253  1237   954  1305   965  1201  1429  1087
POR47B  1990  1428  2176  2237  1832  1923  1939  3518  1891 -9999      

