RFT02A  1879  3022
RFT02A  1880  4091  3644  3925  1296  2783  2759  1932  2721  2350  3289
RFT02A  1890  3141  3190  3906  2736  1195  2758  1702  2959  2261  1283
RFT02A  1900  2188  2377  1974  2949  2416  2440  2845  2033  1524  2707
RFT02A  1910  2083  1689  2642  3049  1206  2694  3264  2070  1308  1841
RFT02A  1920  1613  1511  2515  2057  1918  1740  1524  3036  2607  2541
RFT02A  1930  1436  1348  2000  1943  3036  2338   991  2426  2147  2731
RFT02A  1940  1705  1728  1871  2402  1982  3152  3485  2890  2604  3052
RFT02A  1950  3233  2046  1753  2895  2743  2998  2565  2870  2859  2363
RFT02A  1960  2248  1627  1602  1400  2137  1289   597  1742  1582  1947
RFT02A  1970  1702  1576  2556  1030  2160  2084  2619   931  1285  1171
RFT02A  1980  2099  1389  1704  1422  1284  1562  1132  1857  1476  1528
RFT02A  1990  2114  1427  2439  1207  1410  1843  2059  2364  1857  3131
RFT02A  2000  2073  1415  1460  1251  2390  1398  1298   688  1493  2065
RFT02A  2010  1275  1949  1285  2348  2049  1864  2891  2990  2836 -9999
RFT02B  1896  2322  4376  3322  2128
RFT02B  1900  3191  3204  2516  3410  2117  2267  2604  2144  1113  2685
RFT02B  1910  1560  1565  3273  3480  2189  3681  3692  2936  2358  3017
RFT02B  1920  2038  2214  2863  1911  1284  1258  1081  2086  3185  2964
RFT02B  1930  1975  2557  2767  2040  3823  3428  1534  2572  2303  2840
RFT02B  1940  1953  2193  1884  2052  1918  4174  4065  3731  2919  2859
RFT02B  1950  2565  2107  2769  3082  2010  2450  2938  2825  4082  2790
RFT02B  1960  2963  2080  2073  1979  2251  1631  1458  2033  2127  1923
RFT02B  1970  2631  2209  2399  2071  2847  1754  2622  1223  1599  1571
RFT02B  1980  1551  1274  2351  2057  2583  2243  1827  2735  2336  1899
RFT02B  1990  1909  1599  2410  1941  3037  2787  2203  2706  1723  1904
RFT02B  2000  2095  1069  1121  1729  2698  1994  3370  1975  2245  2583
RFT02B  2010  1885  3189  1056  2593  1631  1416  2083  2244  2350 -9999
RFT03A  1950  1169   965  1120   915   305   598   813   611   801   598
RFT03A  1960   688   535   496   419   433   676   421   483   497   728
RFT03A  1970   675   727   827  1278  1366  1288  1469   397   707   679
RFT03A  1980   890   589  1128  1086  1110  2096  1063  1040  1076  1635
RFT03A  1990   782  1141  1244   940   985  1269  1672  1994  1627  1607
RFT03A  2000  1135   935   675  1491  1571   600   819  1025   740  1093
RFT03A  2010   959  1211   486   886   896   920  1018  1022   815 -9999
RFT03B  1903  1340  1423  1468  1615  1007   497  1211
RFT03B  1910  1124   918  1224  1212   598  1402  1606  1110   782   717
RFT03B  1920   872   437   834   562   674   675   280   765  1542  1721
RFT03B  1930   856  1123  1431  1318  2267  1324   689  1546  1104   956
RFT03B  1940   779  1225  1416  1448   985  1552  1586  1429  1682  1878
RFT03B  1950  1595  1440  1892  1806  1331  1301  1218   939  1096   777
RFT03B  1960   836   844   692   652   808   720   397   817   929  1095
RFT03B  1970  1026  1086  1418   992  1026  1462  1711   895   910  1194
RFT03B  1980  1412  1525  1597  2022  1984  1597  1137  1339  1392  1559
RFT03B  1990  1223  1405  1852  1367  1673  1839  1918  1956  1113  1301
RFT03B  2000   884   798   900  1423  1268   794   757   784  1024  1281
RFT03B  2010  1181  1666   628  1676  1409  1431  1529  1622  1744 -9999
RFT04A  1863  3383  2881  2606  2332  2638  2311  2249
RFT04A  1870  2284  2756  2531  4065  1840   890   761  3354  3561  5139
RFT04A  1880  2817  3426  3687  4958   279  3023  4480  2924  2433  2948
RFT04A  1890  4890  4238  4623  3925  3129   382  3165  3627  4008  2946
RFT04A  1900  3432  4971  6833  4826  2722  2670  2620  2642  1054  3930
RFT04A  1910  1912  1351  1368  1442   986  1943  3308  2578  1483  3139
RFT04A  1920  1727  1305  3167  1758  2023  1241  1122  1063  2201  1943
RFT04A  1930  1662  1895  2461  1320  2184  1675   782  2319  2282  3350
RFT04A  1940  2343  1651  1389  1304  1189  1243  1374  1196  1288  1042
RFT04A  1950  1760  1662  2118  3295  1611  1768  1570  1387  1523  1532
RFT04A  1960  1430  1469   857   523  1188   514   205   665   679   796
RFT04A  1970   695   728   733   845  1444   938  1609  1345  1699  1205
RFT04A  1980  1761  1115  1470  1420  1172  1335   881   792   664  1198
RFT04A  1990   853  1073  1266  1089  1474  1912  1627  1675   975  1608
RFT04A  2000   889   527   463   900  1587   898  1132   614  1080  1343
RFT04A  2010  1562  1877  2036  2323  1241  1209  2308  2458  1980 -9999
RFT04B  1879  4360
RFT04B  1880  5028  6165  9526  2230  6343  4334  3547  5262  4171  4126
RFT04B  1890  4262  4394  6356  4574  1642  3109  3485  3244  1390  2145
RFT04B  1900  3117  2947  4041  3540  2898  3183  3474  1897  1878  3468
RFT04B  1910  2343  1822  2498  1820  1045  3366  3861  3380  1794  1347
RFT04B  1920  1655  1069  3826  2442  3155  1530  1157  2009  4310  2629
RFT04B  1930  2006  1698  1469   881  2231  1968  1094  2364  2161  2641
RFT04B  1940  1820  1436  1553  1372   919   699  1845  1412  1858  3786
RFT04B  1950  3993  2187  1971  2175  2217  2456  2073  2061  1771  1604
RFT04B  1960  1886  1822  1360   762  1181   813   343   488   739  1105
RFT04B  1970  1130   927  1346  1308  2134  1626  2324  1308  1207  1054
RFT04B  1980  1601  1448  1270  2122  1843  2084  1220  1259  1442  1580
RFT04B  1990  1711  1464  2124  1362  1045  1247  1106  1108   598  1085
RFT04B  2000   814   546   450  1423  2035  1029   762   711   941  1360
RFT04B  2010  1334  1121  1666  2353  1614  1130  2769  2020  1423 -9999
RFT05A  1887  3175  3430  3429
RFT05A  1890  3180  3299  3261  2062  2508   794  5421  3119  2408  1674
RFT05A  1900  3004  2480  2990  2575  1922  2440  3072  2424  1733  2311
RFT05A  1910  1768  1167  1397  1346  1167  2412  2556  3428  1977  2203
RFT05A  1920  2281  1527  2921  3092  2492  2004  1169  1166  2889  3390
RFT05A  1930  1948  1723  1481  1973  4155  2952  2235  2942  2649  3405
RFT05A  1940  2741  1987  3118  2862  1677  2548  3449  4322  3706  4212
RFT05A  1950  4372  3686  6924  6818  5068  3684  3572  3235  3796  3036
RFT05A  1960  2441  2187  1540  3908  1427   706   508  1794  2075  1382
RFT05A  1970  1709  1963  1958  2462  4539  4083  4606  4114  3798  1511
RFT05A  1980  1437  1586  2563  2153  2283  2916  2608  2266  2207  2704
RFT05A  1990  3119  2957  4585  3469  3370  6431  4442  3919  3138  4158
RFT05A  2000  3438  2150  2300  3471  4104  2355  2705  3115  3067  2830
RFT05A  2010  3793  2286  3093  4047  3457  2353  2979  4458  3882 -9999
RFT05B  1887  1978  1464  1898
RFT05B  1890  2077  2390  2269  3319   857  4005  5273  4583  2905  1590
RFT05B  1900  2478  1898  2259  1813  1708  1769  2015  1258  1170  2185
RFT05B  1910  1276   957  1779  1906  1683  2916  3273  4018  1893  2316
RFT05B  1920  2252  1545  2585  2176  1777  1545  1099  1351  3296  2787
RFT05B  1930  1650  1806  1907  2079  3855  2956  2268  3138  2634  4043
RFT05B  1940  3071  2580  3238  3018  1874  2485  2973  3640  3136  3737
RFT05B  1950  5447  6626  8346  5610  3334  4264  4295  4106  3539  3409
RFT05B  1960  2347  2060  1869  1988  2012  1985  1478  2734  4163  3797
RFT05B  1970  3840  2911  3272  3978  7704  5553  7781  6095  3422  1941
RFT05B  1980  2395  2904  3272  2015  2062  2983  1883  1752  1589  2755
RFT05B  1990  2254  3157  3126  2960  3624  6050  3809  3457  3050  4315
RFT05B  2000  3263  1627  2131  2822  4290  2133  2302  2362  2893  2152
RFT05B  2010  2847  2228  1967  2742  2162  2674  3353  4731  4002 -9999
RFT06A  1900  2421  2903  2474  2356  1219  1466  2599  1189   523  2207
RFT06A  1910  1711  1299  2489  2265   835  1793  2007  3362  1694  2332
RFT06A  1920  2206  1865  4955  2866  1414  1016   103   185   565   733
RFT06A  1930   636   807  1115   964  2079  1828   643  2100  2611  3806
RFT06A  1940  3037  2720  2180  1768   962  2234  3542  2188  2272  3273
RFT06A  1950  2498  2063  2627  3559  1961  2457  2159  2061  3176  2936
RFT06A  1960  3007  2851  2441  2865  3076  2653   903  1919  2554  1737
RFT06A  1970  2372  2300  3784  2219  4632  2541  3403  2472  2483  2556
RFT06A  1980  1597  2286  3105  5560  4237  5774  3233  2117  2003  1891
RFT06A  1990  1891  2260  4082  3037  3563  4077  3074  2746  2930  4937
RFT06A  2000  4836  2074  2054  2637  3232  1782  2152   762  1529  1696
RFT06A  2010  2151  2034  3226  4427  5651  4528  4689  3830  2233 -9999
RFT06B  1900  3292  2635  2443  2809  1892  2287  3021  1439   522  1736
RFT06B  1910  1679  1115  1891  1947  1284  3542  3627  4459  2003  2597
RFT06B  1920  2413  1270  2229  1074  1539  1284   536   198   959   861
RFT06B  1930   608  1016  3048  1637  1651   903   367  1625  1511  1806
RFT06B  1940  1157  1666  1750  2116  1300  2146  1609  1341  1608  2121
RFT06B  1950  2428  3064  1953  2846  1577  2207  2254  1839  2990  2937
RFT06B  1960  3407  3007  2046   643  1350  1831   818  2160  2803  1627
RFT06B  1970  1713  2065  3024  1616  4783  3536  3262  3684  2719  1611
RFT06B  1980  1136  1547  1844  1647  1537  5856  3400  2785  2616  3354
RFT06B  1990  2573  2770  2878  1696  2039  2507  2519  2579  1337  2004
RFT06B  2000  4123  2813  2895  3892  3558  2591  3352  1283  1213  1531
RFT06B  2010  1287  2549  1631  1673  1329  1194  3055  4060  2468 -9999
RFT07A  1888  6623  6050
RFT07A  1890  6803  7837  6335  4921  2173  5503  6222  6256  5139  4732
RFT07A  1900  4604  4790  4402  4871  3356  5273  5625  4096  2900  3760
RFT07A  1910  3885  4022  5435  4190  2277  2945  4286  3011  2770  2769
RFT07A  1920  3050  3739  3797  3836  3810  2096  1080  2158  4840  3912
RFT07A  1930  1932  2211  2986  2097  3405  2530  1677  2566  3722  2833
RFT07A  1940  2109  1997  2888  1991  1245  2112  2366  1975  2012  1679
RFT07A  1950  2042  2505  1907  1679  1679  1838  2144  2099  2110  1726
RFT07A  1960  1888  2014  1955  1369  1669  1134   890  1659  1327  1164
RFT07A  1970  1555  2189  2215  2317  2833  2053  2750  2553  3135  1716
RFT07A  1980  1555  1836  2354  1825  1974  2508  1562  1625  1457  1130
RFT07A  1990  1430  2022  2282  1460  1518  2357  2249  1976  1793  2158
RFT07A  2000  1656  1349  1380  1293  1326  1288  1624   762  1308  1283
RFT07A  2010   813  1130  1068  1780  1617  2212  2799  2576  2001 -9999
RFT07B  1834  1457  1233  1297   956  1008  1245
RFT07B  1840  1480  1692  2215  1965  1320  1216  1591  2079  2245  2513
RFT07B  1850  2797  3092  2874  2215  2613  2257  3154  1648  2606  2468
RFT07B  1860  2646  2819  2061  3254  3161  2480  3101  3161  3365  3685
RFT07B  1870  3964  4608  4351  4278  3447  2910  4226  4896  4694  5002
RFT07B  1880  2725  3514  2968  3704  1849  3063  3917  3906  3994  3047
RFT07B  1890  4205  4071  4023  3396  3365  3494  3957  3419  3034  2475
RFT07B  1900  3998  3751  2545  2767  1810  2201  1834   969   616   934
RFT07B  1910  1422  1734  3417  3166  1315  1859  2460  1870  2074  1969
RFT07B  1920  2460  2048  2732  2391  2495  1489   504  1204  1606  1472
RFT07B  1930   891   722   880  1117  3584  2918  1877  1659  1957  2383
RFT07B  1940  2931  2330  2133  2080  1189   846  1091  1238  1936  2074
RFT07B  1950  2196  1615  1294  1205   913   898  1180  1069  1333  1798
RFT07B  1960  1616  1627  1530  1359  1019  1026   699  1898  2052  2307
RFT07B  1970  2209  3057  2842  1049  2144  1560   986   733  1408   821
RFT07B  1980  1313  1584  2089  1318  1189  1301   762   913   760   542
RFT07B  1990   489   821  1027   964  1364  2186  1513   717   511   602
RFT07B  2000   728   589   680   771   966   656   653   859   974  1555
RFT07B  2010  1403   676  1192  1504  1868  1950  1245   838  1400 -9999
RFT08A  1889   928
RFT08A  1890  1016   878   994   827   216   685   661   839   700   663
RFT08A  1900   750   916   611   753   702   658   558   413   105   366
RFT08A  1910   299   417   494   631   503   508   454   384   345   790
RFT08A  1920   683   650   658   648   449   398   306   417   619   499
RFT08A  1930   521   659   775   552   937   743   522   747   351   796
RFT08A  1940   732   673   790   743   731   548   866   773   790  1073
RFT08A  1950  1363  1050  1007  1050  1035   948  1087  1117   931   740
RFT08A  1960  1029   929   987   254   588   717   347   323   615   540
RFT08A  1970   696   717   961   860  1153   852   986   595   799   812
RFT08A  1980  1019   777  1039  1240   915  1106  1078  1326  1146  1061
RFT08A  1990   940  1317  1435  1286  1011  1171  1520  1226  1111  1121
RFT08A  2000  1152   786   862   685   974   839   850   426   577   823
RFT08A  2010  1052  1024  1565  1782  1211  1022  1373  1209  1514 -9999
RFT10B  1865  3295  3391  3254  2732  2272
RFT10B  1870  2567  2537  1888  2887  2521  2744  3565  4021  4043  3219
RFT10B  1880  2130  3306  2397  2560  1174  2545  2539  2648  2902  2103
RFT10B  1890  2930  1457  2456  2401  2449  2034  3176  3234  1818  1490
RFT10B  1900  1662  2671  1583  1283  1933  2381  1990  1684  1480  2212
RFT10B  1910  2120  1707  1425  2278  2787  2615  2673  1567  1963  1833
RFT10B  1920  1413  3712  2959  2456  2003   888   653   742  1031   740
RFT10B  1930   718   488   977   950  1455  1005  1011  1999  1747  2464
RFT10B  1940  2026  2335  2585  1599  1372  1290  1874  2158  2640  2873
RFT10B  1950  2627  3085  2308  1765  1800  1604  1383  1425  1629  1144
RFT10B  1960  1574  1559  1716  1049  1425  1035   864  1807  1305  1184
RFT10B  1970  1294  1355  1478  1501  1883  1674  2379  1148  1633   959
RFT10B  1980  1089   936  1119  1285  1139  1332  1051  1259   966  1372
RFT10B  1990  1612  1359  1578  1232  1194  1334  1016  1195   712   800
RFT10B  2000   840   559   597   800   825   508   559   572   457   635
RFT10B  2010   623   457   586   787   699   559   725   559   711 -9999                                                      
RFL01A  1838  1301  1055
RFL01A  1840  1739  1249  1432  1512  1051  1867  2139  1787  2105  3002
RFL01A  1850  1952  1824  1438  1460  1364  1896  1856  1514  1523  1059
RFL01A  1860  1420  1356  1654  1797  1677  1421  1916  1864  1412  1683
RFL01A  1870  1524  1656  1342  1535   702  1436  3190  2683  3381  1269
RFL01A  1880  2427  1875  3187  3284  3620  2425  2465  2421  1883  2924
RFL01A  1890  2238  3207  2473  2013  1855  1604   555  1212   973  1033
RFL01A  1900  1568  2522  2669  2862  2208  2092  3358  3284  5180  4452
RFL01A  1910  3046  2631  4225  3368  1294  3029  3510  3703  2850  4458
RFL01A  1920  2606  4112  6374  5426  3080  2640  2599  4287  5636  5865
RFL01A  1930  3825  3431  5710  3380  4665  3986  2102  3564  4722  4218
RFL01A  1940  1705  1613  1518  2540  2077  2566  3461  3018  3289  4714
RFL01A  1950  4499  3621  2538  3491  3540  2689  3296  2691  3341  3224
RFL01A  1960  3063  3214  2952  3223  2856  2876  1850  2301  2374  2378
RFL01A  1970  2212  2906  3298  2320  3498  2506  2239  1380  2030  1716
RFL01A  1980  1683  2256  2131  1740  2203  3152  1933  2053  1729  2976
RFL01A  1990  2168  2530  3457  2130  1643  2143 -9999
RFL01B  1796  4609  3707  1457   528
RFL01B  1800   298   461   753   601   622  2562  1859  1012   681  1434
RFL01B  1810  1602  1939   863   720   741   883   689   983   834   418
RFL01B  1820  1224  1308  2297  2382  1816  1921  1370  2026  2169  1168
RFL01B  1830  1927  1493  1789  1240  2476  1952  1644  1413   980  1039
RFL01B  1840  2085  1177  1738  1812  1623  1764  1687  1515  2393  3753
RFL01B  1850  2412  2109  2202  1954   714  1114  1205  1025  1287  1036
RFL01B  1860  1411  1027  1375  1562  1237  1093  1654  1423  1129  1424
RFL01B  1870  1056  1409  1335  1168   361   839  1277  1769  1930   619
RFL01B  1880  1301  1395  2080  2261  2137  1731  2639  2462  1476  2454
RFL01B  1890  1792  2421  2970  2731  2210  1930   515   797   790   699
RFL01B  1900   925  1423  1349  1451  1395  1650  2468  3213  4249  3630
RFL01B  1910  3395  2097  3307  3107  1220  2108  3701  3815  3732  4409
RFL01B  1920  2623  3694  5023  5378  3814  2089  2112  3663  6455  4932
RFL01B  1930  3291  3018  5329  2953  3626  3998  1712  2670  4785  4290
RFL01B  1940  2303  1907  1507  1366  1266  2032  2902  2355  2190  4386
RFL01B  1950  5132  4442  2816  3174  3288  2603  3504  2931  2873  2231
RFL01B  1960  2512  2680  2356  2612  2382  2007  1311  1871  2169  2050
RFL01B  1970  2158  3650  3260  2401  3519  3321  3278  2195  1694  1184
RFL01B  1980  1290  1443  1890  2066  2346  2568  1759  1602  1302  2246
RFL01B  1990  2260  2241  3974  3303  1919  2307 -9999
RFL02A  1929  3366
RFL02A  1930  2730  5393  5894  1769  2654  3293  1974  4445  2614  3373
RFL02A  1940  3999  3398  4332  2922  2949  4062  3784  3653  4419  4962
RFL02A  1950  3834  2807   619  2504  1582   555   360    52  1208   814
RFL02A  1960   480   907  1231  1956  1718  1839  1616  2842  4691  2408
RFL02A  1970  4271  6833  5346  2889  3429  2179  3723  4059  4360  2688
RFL02A  1980  2687  2653  2988  3718  4402  3352  1744  2111  1177  2804
RFL02A  1990  3811  4362  4403  3100  1792  1733 -9999
RFL03A  1900  4837  6241  5519  4522  3815  3841  3964  4275  3165  1643
RFL03A  1910  2946  2039  3492  2221  3947  5796  4027  2693   424   896
RFL03A  1920  1172   483   748   569   891  1254  1302   984  1877  4614
RFL03A  1930  2462  4613  6258  6730  8101  9949  5173  8722  8661  7259
RFL03A  1940  6349  6593  5469  4638  3466  4145  5709  3777  2456  4634
RFL03A  1950  4696  3583  1708  4789  4553  5682  4363  2999  3202  2007
RFL03A  1960  2340  2079  1679  2661  1579  1616  1268  1679  2153  1516
RFL03A  1970  1561  3089  3781  2665  2757  1351  1100  1370  1009   723
RFL03A  1980  1034  1454  1210  1379  1167  1391   917  2284   978  2135
RFL03A  1990  2522  2369  3436  1219   994  1057 -9999
RFL03B  1900  3823  1999  3136  3229  3697  4183  4587  6720  4027  2644
RFL03B  1910  3387  2728  5406  5308  6828  7589  6777  5603  2592  4934
RFL03B  1920  3845  2800  3869  3157  3311     0  1963  2021  2709  4777
RFL03B  1930  5489  9782  8808  7929  7007  6148  2661  5147  6762  6025
RFL03B  1940  4790  5170  4037  3590  4534  5467  6796  4757  4093  5363
RFL03B  1950  4870  4163  2799  4237  3698  4013  5289  4193  3790  3206
RFL03B  1960  4119  3144  2463  2864  2942  1961  1508  1733  3138  2255
RFL03B  1970  1813  3172  4541  4172  4501  4213  3682  2161  2263  1379
RFL03B  1980  2015  2672  2593  1908  1843  2469  2355  2567  1131  3724
RFL03B  1990  4185  3384  3823  3744  1611  1540 -9999
RFL04A  1901  6417  6617  8657  9287 10664  8636  7602  8773  9145
RFL04A  1910  9098  8364  8203  6619  3960  7833  5830  4328  2393  3990
RFL04A  1920  4408  4842  5671  4695  5088  2803  5831  4375  5898  4391
RFL04A  1930  2421  5969  4072  3380  4971  4779  2367  4986  5444  3681
RFL04A  1940  2575  2834  4195  5173  3432  5007  5493  3141  1758  3559
RFL04A  1950  2835  2114  1140  2525  1476  2189  1684  1287  1183  1038
RFL04A  1960  1585  2156  2093  3490  2135  1821  1357  1123  1788  3336
RFL04A  1970  2058  2930  1587   919  1474  1685  2209  2113  2892  2574
RFL04A  1980  2284  2735  2940  1648   973  1361   649   970   514  1462
RFL04A  1990  1391  1366  1630  2288   650  1205 -9999
RFL04B  1905 14318 13592  9984 15026 11876
RFL04B  1910 11474 11854 12245 11523  9839  9666 12272  8590  4524  6751
RFL04B  1920  4955  7084  9361  7748  7581  5179  6686  4196  8200  7781
RFL04B  1930  4554  6772  6201  5786  7044  6754  3936  7173  7340  5187
RFL04B  1940  4313  5165  5144  5512  3271  4796  4414  3880  2354  3261
RFL04B  1950  1903  1988  1369  2006  2331  3285  3523  2967  2576  1943
RFL04B  1960  2012  1745  1640  1396  1365  1654  1633  1395  2049  1946
RFL04B  1970  1293  3059  2154  2092  2530  2690  2609  1606  1278  1019
RFL04B  1980  1158  1815  2175  1917  1843  2283  1335  1330  1051  1115
RFL04B  1990  1853  1771  2238  1047   544   674 -9999
RFL05A  1934 12800 12398  7777 14960 14972 10335
RFL05A  1940  9350  7354 11032  9319  5043  8833 10814 12649  9354 11052
RFL05A  1950 10187  8068  3445  5757  4468  5125  4981  6003  5196  4540
RFL05A  1960  4670  5746  4459  5437  3666  2647  4325  4845  6072  5120
RFL05A  1970  4440  7318  7056  6913  7719  6316  5894  4012  2445  1649
RFL05A  1980  2683  3559  3436  2394  2286  4481  1902  3818  3272  5061
RFL05A  1990  6401  4876  8115  6266  4094  6383 -9999
RFL06A  1897  3822  1608  1485
RFL06A  1900  1000  1509  2388  1897  2231  2066  2909  3890  5799  5264
RFL06A  1910  5993  4979  5787  5716  2757  4125  4256  3937  2315  3752
RFL06A  1920  2929  2721  3988  4654  5948  3825  2918  4001  4686  4795
RFL06A  1930  3768  3562  6161  6775  8793  7486  6792  7526  7501  4838
RFL06A  1940  3249  2827  2769  2307  2652  3252  5159  4987  4703  5116
RFL06A  1950  4894  5019  3885  4770  4578  4118  3196  3767  3178  3967
RFL06A  1960  2548  3153  3117  2686  3074  3330  2353  3416  3979  2737
RFL06A  1970  2958  4488  4945  6373  7979  6857  6138  5218  5790  3155
RFL06A  1980  4678  3338  3605  6403  4635  4638  3025  4333  2620  4171
RFL06A  1990  4677  3393  4202  5542  3225  5902 -9999
RFL06B  1862  2963  4634  2458  3813  4163  4159  2757  2415
RFL06B  1870  2080  3222  5599  4541  2805  4018  4205  2155  2531  4170
RFL06B  1880  5950  5052  5680  4330  3549  6367  8486  9164  7694  6640
RFL06B  1890  7220  7533  7625  6853  2912  3158  1320  1610   936  1035
RFL06B  1900  1098  1195   711  1148   831  1648  2738  4082  5117  3198
RFL06B  1910  2744  3553  3283  1897  1377  3991  3018  2741  1252   845
RFL06B  1920   862   913  2532  2032  3925  1368  2027  2623  2596  2269
RFL06B  1930  1226   949  2197  1804  2893  2779  4663  4468  4312  3725
RFL06B  1940  2429  1623  1801  1481  1408  2805  4582  3493  2857  3175
RFL06B  1950  1976  2897  2873  3893  2461  1905  2239  1817  1768  1978
RFL06B  1960  1207  1530  1128  1121  1090   720     0   779   858   692
RFL06B  1970   803  1356  1989  1634  2119  2627  2056  1957  2786  2823
RFL06B  1980  3898  1879  2534  3179  2486  3801  2401  3284  1678  2614
RFL06B  1990  2887  1917  3580  2106  1047  1611 -9999
RFL08A  1816  2540  2675  1251   745
RFL08A  1820  1261  1101  2247  2722  3501  3858  3374  3173  3430  2580
RFL08A  1830  2982  2891  2155  1403  1634  1012   532   606   808   536
RFL08A  1840  1237   925  1156   940   898   722   637   655   601  1321
RFL08A  1850  1416   855   892   762   595  1333  2050  3631  3318  5176
RFL08A  1860  5369  4486  3202  3324  2808  2443  3554  3245  2708  3382
RFL08A  1870  2458  2894  1933  1694   716  1094  1499  1405  2838  1797
RFL08A  1880  2441  1529  3042  1180   885   860  1947  2043  1762  2923
RFL08A  1890  3227  4190  4790  5380  2718  1857  1422  1968  1782  1811
RFL08A  1900  1474  1973  3109  2362  2199  2175  1951  1292  2521  2901
RFL08A  1910  3256  2490  1732  2887  2275  2561  4334  3712  3129  3005
RFL08A  1920  4683  3468  5015  4745  5029  3783  2763  4014  5173  5721
RFL08A  1930  2552  2048  2885  3652  4615  5194  3289  3767  4849  4141
RFL08A  1940  2951  3154  3992  3012  1665  4223  3906  2244  2228  2781
RFL08A  1950  2848  2330  1847  2648  2210  2072  2061  2006  2041  1490
RFL08A  1960   782   834  1190   806  1030   798  1055   763  1416  1451
RFL08A  1970  1350  1541  2249  2108  2389  1980  2480  2148  2667  1579
RFL08A  1980  2070  1861  1906   909  1023   789   223   360   301   130
RFL08A  1990   192   102   137   368   175   174 -9999
RFL08B  1924  6777  3804  4076  2658  2800  4887
RFL08B  1930  2472  3411  5453  3949  6043  5618  5080  4922  3919  3343
RFL08B  1940  2864  2544  3459  2891  2023  3767  3656  2321  2074  1803
RFL08B  1950  1810  1822  1751  3071  2882  3491  2948  4594  3734  1933
RFL08B  1960  1865  1962  2390  1927  1762  1696  1906  2053  2204  1781
RFL08B  1970  1594  1904  2338  2737  3344  2735  2837  2525  2312  1690
RFL08B  1980  2578  1939  1929  1040  1032   888 -9999
RFL09A  1861   260   444   599   486   426  1026   925   759  1397
RFL09A  1870   535   613   728   468   259   371   914   612   830   203
RFL09A  1880   660   423   432   448   334   332   549   347   530   860
RFL09A  1890   715   439  1039   888   435   325   440   557   444   382
RFL09A  1900   414   310   478   655  1081  1495  1434  1184  1388   560
RFL09A  1910   820   310   289   661   984  3104  4155  2836  1320  1818
RFL09A  1920  1138   452   730   611   663   713   623   666  1095   762
RFL09A  1930   602  1040  2059  1867  5627  5177  1727  3685  2934  2885
RFL09A  1940  2124  1174  1490  3985  1347  2061  2557  1798  1307  3189
RFL09A  1950  2814  1866  1162  2156  1602  1204  1548  1964  1618  1640
RFL09A  1960  2817  2514  1796  2463  1571  1274  1345  1901  1750  1277
RFL09A  1970   904  1451  1638  1884  1930  1884  2481  1528  1829   897
RFL09A  1980  1398  1306  1609  2285  2512  2581  2428  1870  1320  1504
RFL09A  1990  1936  1716  2950  2602  1029  2109 -9999
RFL09B  1836   668   511   278   325
RFL09B  1840   341   390   149   198   351   217  1302  1111   942   605
RFL09B  1850   739   313   392   461   426   872   720   654   485   902
RFL09B  1860   410   330   365   391   380   316   953   877   815  1028
RFL09B  1870   592   430   412   825   405   614   695   613  1840   350
RFL09B  1880   728   400   687   671   702   443  1534  1288   727  1141
RFL09B  1890   921   714  1249  1233   977  1219   662  1158   712   589
RFL09B  1900   548   570   877   956   842  1283   941  1631  2238  1579
RFL09B  1910  2019   922   989  2077  2146  7533  4605  4541  2017  2706
RFL09B  1920  2327  1045  2135  2485  1793   527  1147   649  1466  1091
RFL09B  1930   509   965  2619  2422  3893  5989  2017  5518  3287  3432
RFL09B  1940  2160  1440  1623  2227   670  2466  3503  2720  1418  3612
RFL09B  1950  4674  2315  1627  2322  1976  2742  1692  1642  1062  1442
RFL09B  1960  1498  1163  1131  2013  1018  1153  1171  2111  2047  1697
RFL09B  1970  1339  2965  2726  3100  3421  2368  2286  1239  1599  1131
RFL09B  1980  1813  1032  1262  1759  1457  1437  1549  1650  1378  2150
RFL09B  1990  1532  1436  2419  1754  1535  2961 -9999
RFL10A  1900  2669  2603  2476  2039  3208  2774  4457  1901  1956  1342
RFL10A  1910  1570   763   894   165   216   329   447   561   266   361
RFL10A  1920   454   414   390   416   455   594   862   884  1333  2151
RFL10A  1930  1512  1305  1280  1182  1511  1619   844  2647  1461  2035
RFL10A  1940  2523  2229  2554  2049  1460  2815  2068  1397  2344  2790
RFL10A  1950  3424  2602  1784  2212  1980  1392  1102  1045  1016  1052
RFL10A  1960  1779  1299   883  1022  1426  1102  1159  1703  1599  1621
RFL10A  1970  1178  1930  2394  3030  3217  1818  2327  1844  1968  1970
RFL10A  1980  1374  2139  2211  2534  2371  2610  1903  1452  1160  2654
RFL10A  1990  1909  1360  1639  1552  1773  2633 -9999
