SGL01A  1885   752  2162  1413  1148  1996
SGL01A  1890   752  1320  1467  1861   643   521   631   959   266   899
SGL01A  1900   945  1211  1102  2301  2338  3752  3814  3331  2526  2436
SGL01A  1910  1704   670   793   852   444   794  1859  2032  2422  2742
SGL01A  1920  3520  2420  4555  3877  3354  1179  1309  2410  4196  3947
SGL01A  1930  1078  1685  1227   713  1017   957   557  1115  1187  2356
SGL01A  1940  1299  1586  2388  2787  1254  1789  3087  1542  1692  2489
SGL01A  1950  3073  1833  1381  1225  1079  1163  1176  1685  2097  1262
SGL01A  1960  1744  1576  1639  1139  1092  1029  1319  1005  1239  1395
SGL01A  1970   933  1466  1580  2239  3219  2951  2907  1589  1913  1793
SGL01A  1980  1781  2599  2125  3335  1931  1921  1104  1800  1058   903
SGL01A  1990  2002  2213  2754  2444  2012  2841  3295  3014  3982  3752
SGL01A  2000  2456  3508   799   738  1694  1614  1109   914  2391  2379
SGL01A  2010  1454  2640  1288  3788  2739  1426  2501  3138  2075 -9999
SGL01B  1858  1078   880
SGL01B  1860   959   522   971  1534   790   690  1016   836   287   839
SGL01B  1870   699  1234   374   422    94   562  1197   873  1148   568
SGL01B  1880   533  1306   807  1339  1021   717   888   877   750  1270
SGL01B  1890  1127  1237  2373  1275   724   874  1339  1235   475   705
SGL01B  1900   847  1066  1376  1025   949  1483  1831  1282  1189  1444
SGL01B  1910  1007   387   842   452   434   713   773   781   775   892
SGL01B  1920   991   954  1961  1750  1581   508   767  1947  3022  2787
SGL01B  1930   998  1531  1010   597   829   731   443  1282  1594  1849
SGL01B  1940   893  1104  1263  1320   534   684  1471  1155   946  1806
SGL01B  1950  1772  1675  1371   973   876   936  1544  1996  2584  1128
SGL01B  1960  1516  2275  1553  1031   847  1165  1041  1055  1516  1841
SGL01B  1970   859  1839  1586  2325  2532  1929  1696   961  1382  1212
SGL01B  1980  1105  1393  1309  1445  1032  1387  1037  1532   886  1133
SGL01B  1990  1774  1864  1608  2021  1265  1877  2654  2523  2806  2510
SGL01B  2000  1982  2034  1162   544  1320  1984  1041   800  2593  2507
SGL01B  2010  1065  1623  1391  2941  1977  1247  2420  2422  2075 -9999
SGL02A  1898  1525   678
SGL02A  1900  1369  1295  1609  2093  3182  2843  2407  3592  5609  6114
SGL02A  1910  5075  4890  1247  2468  1572   496  1234  3569  2976  1598
SGL02A  1920   943  2071  2473  2422  1429   653   859  1621  2625  2358
SGL02A  1930  1173  1512  1489  1235  1089  2685   545  1914  2324  2621
SGL02A  1940  2057   944  1282  2023   702  1431  2047  1104  1199  2015
SGL02A  1950  2889  2138  1197  1060   986  1121   886  1416  1399   971
SGL02A  1960   952  1464  1056  1089  1060  1087   717   808  1143   810
SGL02A  1970   872  1467  2348  3405  3713  2111  2088  1370  1425  1400
SGL02A  1980  1342  1237  1955  1846   849  1359   608   959   617   563
SGL02A  1990   991   884  1099  1277   704  2460  2063  2001  3582  1959
SGL02A  2000  1277  1525   581   415   704   984  1116  1809  2280  2964
SGL02A  2010  1342  1955  1191  5107  3217  1065  1175  1615   804 -9999
SGL03A  1896  5955  2393   712  1896
SGL03A  1900  3663  2647  3115  4493  2501  1723  2297  2144   857  1429
SGL03A  1910  2320   726  1631  1633   423   907  2690  2351  2264  1565
SGL03A  1920  1392  1163  2033  2763  1723   590   643  1015  1687  1559
SGL03A  1930   869   483   994   612   638  1175   487  1029  1821  1517
SGL03A  1940  1514  1136  1804  2123  1259  1501  2807  1679  1194  3092
SGL03A  1950  3139  2757  1574   815   853   942   878   660   611   698
SGL03A  1960   851  1182  1030  1067  1029  1080  1309  1413  2608  1830
SGL03A  1970  1360  1741  2097  2033  2506  1845  1378  1055   929   648
SGL03A  1980  1080   967  1295  1613  1054  2502   914   889   559   775
SGL03A  1990   686   787   953   838   520  1524   852  1298   920  1159
SGL03A  2000  1031  1096   637   571   903  1334  1204  2205  2593  1389
SGL03A  2010   847   835   665  1407  1089   930  1021   935  1008 -9999
SGL03B  1797  4988  3696  3560
SGL03B  1800  4229  3423  4679  4436  3538  3848  4060  3247  1710  2077
SGL03B  1810  1961  1291   869  1199  2038  1975  2712  2926  2144  1340
SGL03B  1820  1925  1268  1656  2373  3625  2508  2532  2341  1961  2242
SGL03B  1830  3130  2326  2372  1736  1372  1802  1667  1226  1622  1067
SGL03B  1840  1231  1584  1026  1670  1261  2009  1695  1640  1588  1574
SGL03B  1850   758   767  1069  2264  1195  2043  2157  1975  3042  2091
SGL03B  1860  2632  1417  1619  2083  1537  1483  1765  1984  2602  2371
SGL03B  1870  1734  2027  1198  1212   690  1909  2068   869  1122   587
SGL03B  1880   639  1304  1013  1418  1271  1273  1105  1410   969  1760
SGL03B  1890  1550  1485  2232  2132  1442  1329  1363  1555   449  1027
SGL03B  1900  1391  1175  1199  1898  1415  1106  1300  1607  1097  1631
SGL03B  1910  2066  1150  1822  1511   436  1176  1722  1943  1734   998
SGL03B  1920  1036   487  1240  1580  1197   318   344   648   853   892
SGL03B  1930   590   547   790   410   741   847   345   984  1530  1208
SGL03B  1940  1171   801  1387  1220   637  1059  1718  1259   866  2318
SGL03B  1950  1999  2064  1210  1008  1012   966   765   918   828   954
SGL03B  1960  1018   983   831  1031   902   738   687   826  1372   712
SGL03B  1970   877  1350  1844  1679  1958  1718  1424  1195  1119  1234
SGL03B  1980  1373  1079  1219  1728  1054  2235  1549  1435  1448  1232
SGL03B  1990  1079  1829  1602  1944  1046  2419  1937  2252  2067  2142
SGL03B  2000  1391  2122   856   893  2046  2796  1351  1601  2986  2986
SGL03B  2010  1041  1835  1171  2896  1601  1375  1728  1820  1259 -9999
SGL04A  1885   598   500   576   523   656
SGL04A  1890   516   681   959  1012   725   540   692   835   297   563
SGL04A  1900  1080   502   605   849   985   844  1822  1610  1104  2368
SGL04A  1910  2171  1267  2170  1016   541   962  2213  1191   823   683
SGL04A  1920   620   658  2008  1892  1196   409  1099  1019  1535  1684
SGL04A  1930   681   848  1159   591   514   984   343   643  1034  1002
SGL04A  1940   954   579  1092   887   412   875  1480   963   754  1370
SGL04A  1950  1278  1226   683   577   565   708   561   830   891   545
SGL04A  1960   608   681   716   526   538   604   453   722  1059   760
SGL04A  1970   586   860  1103  1846  2164  2003  2462  1163  1111  1002
SGL04A  1980  1224  1917  1899  1497  1178  1574   929  1483   542  1642
SGL04A  1990  1859  1806  1891  1806  1266  1700  2822  2226  3278  2314
SGL04A  2000  1468  1804   986   819   955  2520  1054  1114  2545  1767
SGL04A  2010  1010  1315  1057  2261  2007   993  1591  1555  1121 -9999
SGL04B  1883   611   675   714   535   448   547  1084
SGL04B  1890   676   815  1326  1247   700   560   599   779   267   700
SGL04B  1900  1257   753   599   890   802   470  1044   827  1671  1890
SGL04B  1910  2123   648  1998  1248   355   841  1070  1553   800   688
SGL04B  1920   546   355   877  1618  1118   421   711  1119  1464  1473
SGL04B  1930   624   724   967   828   394   598   281   499  1045   930
SGL04B  1940  1325   992  1009  1009   434   639  1451   652   692  1742
SGL04B  1950  1855  1346   883   471   419   522   459   780  1111   895
SGL04B  1960  1158  1780  1410  1602  1137   925   785  1127  1920  1603
SGL04B  1970   864  1118  2606  2702  2376  1769  1208   876   775  1082
SGL04B  1980   941  1836  1452  1761  1196  1786   779  1024   242   780
SGL04B  1990   511   982  1559  1278   450  1029  1425  1508  1589  1041
SGL04B  2000  1036  1224   598   750  1127  1945   707   519  1711  1170
SGL04B  2010   587  1101   916  2586  1596   496  1026  1229   687 -9999
SGL05A  1740   352  1499  2201  1983  2234  2035  1159  2300  2393  1958
SGL05A  1750  2040  1910   791  1861  1411  1429  1908  2128  1309  2291
SGL05A  1760  2280  1656  1559  1696  1232  1030   755  1039   927  1095
SGL05A  1770   985  1228  1188  1142   641   940   683   465  1018   209
SGL05A  1780   659  1060   805  1754   546  1329  1049  1322  1249  1314
SGL05A  1790   805  1117  1017  2334  1331   774  1609   666  1185  1223
SGL05A  1800  1453  1344  1829  1334  1176  2135  1627  1034  1096  1810
SGL05A  1810  1654   989  1101   925  1588  1155  1375  2309  1300   593
SGL05A  1820  1267  1151  1060  1524  1495  1517  1104  1501  1013   912
SGL05A  1830  1143  1312  1286   993  1298  1237  1020   972   887   716
SGL05A  1840  1322  1238  1070  1130   719  1545  1385  1543  1176  1290
SGL05A  1850  1202  1642  1961  1910  1037  1496  1679  2331  1362  2021
SGL05A  1860   874  1094  1008  1190  1042  1045  1486  1545  1166  1083
SGL05A  1870  1059   925   802   695     0  1105  1153   642   765   290
SGL05A  1880   727   811   933  1127  1358  1127  1288  1469  1248  1223
SGL05A  1890  2315   848  1416  1664  1139   981   884  1284   884   810
SGL05A  1900  1854   944  1465  1609  1150  1295  1258   858   762  1042
SGL05A  1910  1161   750  1186  1222   604  1513  2626  1622  1163  1029
SGL05A  1920  1403   798  2202  1378  1284   483  1016   883  1719  2056
SGL05A  1930   835  1112   774   569   883  1475   521  1029  1814  1330
SGL05A  1940  1125  1694  1064  1705   558  1137  1379  1124   955  1319
SGL05A  1950  1197  1234   605   834   750  1355   967   932  1391  1052
SGL05A  1960  1318  1270  1270  1101   774   919  1827  1052  1342   787
SGL05A  1970   653  1524  1621  1560  1415  1972  1487  1053  1016  2019
SGL05A  1980  1621  1391  1512  1766  1403  1488   774  1125  1245  1150
SGL05A  1990   799   907  1391  1126   786  1076  1053  1016  1826  1476
SGL05A  2000  1379  1403   471   581  1065  1488  1814   702  1451  2069
SGL05A  2010   762  2601   992  1306  1416  1186  1088  1621  1186 -9999
SGL05B  1869  2740
SGL05B  1870  1362  1362  1034  1124   956  2572  1649   831  1488   663
SGL05B  1880  1098  1178  1415  1661  1754  1659  1308  2150  1254  2603
SGL05B  1890  2713  1214  2142  1467  1470   915  1182  1197   883   778
SGL05B  1900  1631   915  1060  1555  1400  1271  1624  1440   919  1624
SGL05B  1910  2023   986  1721  1193   724  1904  2793  1956  1890  1288
SGL05B  1920  1163   830  2303  1760  1603   583  1074   850  1480  1396
SGL05B  1930   781   913   907   748   799  1319   466  2082  2076  1578
SGL05B  1940  1575  1487  1551  1438   623  1073  1452  1026   939  1934
SGL05B  1950  2094  1464   853  1557  1023  1275   817  1351  1243   782
SGL05B  1960  1379  1085  1410  1086  1084   961  1172  1145  1571  1067
SGL05B  1970  1093  1611  2037  1890  1905  1977  1576  1155  1007  1457
SGL05B  1980  1071  1227  1641  1400  1240  2113   933  1326  1620  1294
SGL05B  1990   792  1349  2257  1505  1480  2658  2177  1848  3093  2472
SGL05B  2000  1600  2546  1199   956  1639  1888  2075  1005  4156  3915
SGL05B  2010  1987  3992  1464  3416  1984  1188  2620  3140  2168 -9999
SGL06A  1850  3493  4156  1722  3121   475   660  1433  1541  2532  1997
SGL06A  1860  2920  1685  2738  1915  1694   827  1442  2247  1221  2741
SGL06A  1870  2064  2358  2027  1617  1086  3248  3085  1590  1920   863
SGL06A  1880  2126  1806  2245  1826  2603  3127  3250  3119  2647  6325
SGL06A  1890  4878  3835  3048  3303  2710  1779  1390  2226   621   896
SGL06A  1900  1645  1222  1343  2141  1841  1645  1972  2080  1379  3896
SGL06A  1910  4020  1745  3364  1913   580  2157  3901  2819  2216  1888
SGL06A  1920  1973  1174  5056  4393  1915   520  1211  1828  2822  3236
SGL06A  1930  1284  1491  1623   909  1514  1962   497  1662  2450  2036
SGL06A  1940  1854  1865  2380  3024   958  1676  2524  1570  1393  3935
SGL06A  1950  2411  2588  1488  1249  1818  1842  1019  1670  1526  1728
SGL06A  1960  2075  2449  1841  4232  1650  3260  3585  2832  4145  1396
SGL06A  1970  1396  2537  3799  4960  1455  1672  1307   254   423   569
SGL06A  1980  1682  2529  1549  1671   981  1574   884  1695  1102  1451
SGL06A  1990  1261  1634  2241  1372  1640  2125  2304  2368  2113  2679
SGL06A  2000  2600  2601  1463  1730  2468  1959  1659  1016  2008  1004
SGL06A  2010  1136   762  1065   895   665   520  1089  1005   859 -9999
SGL06B  1876  1694  2077  1126  1569
SGL06B  1880   655  1436  1362  1585  1650  1921  1574  1266  1484  1159
SGL06B  1890  2920   738  1349  1424   895   773   946   891   436   736
SGL06B  1900  1798  1036  1263  1428   970  1336  1317  1666  1115  3073
SGL06B  1910  4178  1077  3586  1806   616  1581  3729  3145  2557  2138
SGL06B  1920  2574  1264  4927  3701  2033   471  1030  1082  2176  2706
SGL06B  1930   850  1183  1116   519  1003  1526   632   754  2023  1554
SGL06B  1940  1470  1472  1993  2353   645  1245  2560  1295  1227  2996
SGL06B  1950  2173  1784   921   636   992  1822   748  1587  2133  1869
SGL06B  1960  2164  2780  2071  4173  2289  2605  3023  2816  2938  2453
SGL06B  1970  1435  3887  5195  5050  4787  2626   865   505   673   535
SGL06B  1980   503   762  1401  1071  1187  1728   706  1531   473   895
SGL06B  1990   833   984  1316   731   937  1093   978   971  1046  1130
SGL06B  2000   821   836   647   645   983   894   940  1461  1794   827
SGL06B  2010   573  1081   850  1099   835   396   670   916  1013 -9999
SGL100A 1883  4614  3123  2220  2191  3400  1754  2676
SGL100A 1890  2140  2577  3785  2988  2080  1391  2263  1923  1234  1222
SGL100A 1900  4088  4297  6005  8892  7153  7337  9396  7694  7871  8304
SGL100A 1910  6969  3137  5506  2944  2088  6063  9565 12234  9245  4125
SGL100A 1920  6316  9527  8582  8637  5483  1916  1602  3241  2013  1841
SGL100A 1930   689  1578  1256   824  1125  1112   300   759  1780  1108
SGL100A 1940  1124  1020  1545  1367   341   453  1374   762   684  1319
SGL100A 1950  1472  1149   880   786   670   782   690   613   927   392
SGL100A 1960   794   832   852   498   723   565   586   701  1246   869
SGL100A 1970   601   907  1282  1411  1772   959   843  1130  1056  1177
SGL100A 1980  1102   869  1579  1001   893  1054   465   930   682   285
SGL100A 1990   444   628  1535   964   304   861  1065  1512  1470  1349
SGL100A 2000  1843  1224   528   543   503  1195   648   660   742   549
SGL100A 2010  1769  1142  1051  1229  1597  1124  1514  1610  1734 -9999
SGL100B 1882  3604  3472  3110  3484  3109  3519  1465  3632
SGL100B 1890  2482  3418  4770  4574  2099   972  1873  1750  1325  1592
SGL100B 1900  3877  3990  4497  4715  4667  3921  6000  5721  5856  4270
SGL100B 1910  2592  1768  2829  2242  1138  4286  7125  5328  4949  2597
SGL100B 1920  3075  4182  4990  5284  3661  1508  1118  1319  2092  1424
SGL100B 1930  1167  1462  1695  1035  1555  2081   736  1926  2805  2842
SGL100B 1940  2692  2308  1617  2013   560   982  1626  1117   801  1834
SGL100B 1950  1910  1472   986   995  1095  1413   984   972  1497  1303
SGL100B 1960  1375  1427  1403   806   915   907   968   959  1742  1273
SGL100B 1970   958  1490  2256  2003  2000  1273  1538  1321  1773  1855
SGL100B 1980  1406  1296  2096  1624  1599  1673   885  1275  1379   919
SGL100B 1990  1004  1113  2213  1222   532  1197  1683  1572  1984  2128
SGL100B 2000  2661  2722   859   834  1500  2117  1233  1041  2226  2395
SGL100B 2010  1294   593  1850  2335  2092  2105  3084  2504  2322 -9999
SGL101A 1760  3521  3545  1331  3110   968   750   677   932   895  1319
SGL101A 1770  1030   933   314   340   629   705  1562  1661   583   449
SGL101A 1780  1090   853  1129  1190   682  3034  2680  4036  2925  2863
SGL101A 1790  1950  1225  1379  1454  1720  1319  2867  2347  1573  1681
SGL101A 1800  1524  1246  2105  2794  3196  3982  3124  1720   908   811
SGL101A 1810  1463   968   871   677  2240  1005  1102  1647  1672   593
SGL101A 1820  1452  1053  1090  1270  1790  1283   968  1004  1404  1016
SGL101A 1830  1681  1524  2081   787   762   641  1124   847  1198   508
SGL101A 1840  1258  1114  1041  1755   885  1272   944  1475  1029   920
SGL101A 1850   629   847  1175  1538   399   920  1211  1912  1959  1065
SGL101A 1860  1125   569  1004  1524   787   629   983   884   822   786
SGL101A 1870   678   834   738   557   303  1476   932   508  1052   399
SGL101A 1880   496   653   847   980   763   933   701   641   557  1017
SGL101A 1890   967   655  1561  1076   617   533   789   788   351   437
SGL101A 1900   798   690  1090  1091  1016   994  1309  1163   896  1322
SGL101A 1910  1078   982  1444  1043   509  1105  2658  1102  1139   740
SGL101A 1920   984   740  1743  1587  1018   413   607  1224  1066  1320
SGL101A 1930   824  1276  1070   682   704  1089   667   720  1347  1215
SGL101A 1940   679   656  1351   924   509   668  1187  1080   520  1478
SGL101A 1950  1176   896   595   933   644   993   679  1234  1091  1016
SGL101A 1960  1249  1264  1119   727   752  1042  1032   801  1130   976
SGL101A 1970   753  1264  1240  1406  2017  1626  1416   969  1233  1441
SGL101A 1980  1053  1367  1502  1139   837  1187   680   970   716   873
SGL101A 1990   777   915  1326  1403  1106  1721  1451  1716  2496  2313
SGL101A 2000  1122  1362   670   512  1111  1682   902  1004  1686  1269
SGL101A 2010   878  1580  1209  2812  2162  1891  2468  1197  1981 -9999
SGL101B 1810  1800  1463   992   845  2727  1525  1823  1875  1406   657
SGL101B 1820  1624  1255  1091  2325  2260  1871  1544   897  1801  1446
SGL101B 1830  2470  2066  2195  1376  1048   665  1408   843  1153   445
SGL101B 1840  1074  1403  1136  1631  1057  1314  1194  1301  1361  1383
SGL101B 1850  1241  1109  1416  2571   452   869   985  1603  1551  1895
SGL101B 1860  1840   722  1753  2241   981  1500  1273  1380  1360  1895
SGL101B 1870  1290  1052  1013   709   503  1132   930   541  1247   503
SGL101B 1880  1133   674  1295  1146  1384  1639  1145  1302   864  1400
SGL101B 1890   953  1003  1633  1590  1622  1125  1334  1237   608   962
SGL101B 1900  1298   888   694  1263  1046   945  1325   716   569  1019
SGL101B 1910   801   730  1346   832   426  1219  2268  1140   808  1030
SGL101B 1920  1432   797  1541  1671  1325   404  1545  1041  1108  1072
SGL101B 1930   864  1034  1060   643   956  1514  1035   687  1264  1462
SGL101B 1940  1240   997  1276  1111   682  1303  1203  1199  1035  1453
SGL101B 1950  1351  1203   952  1269  1158  1975  1521  1399  1676  1268
SGL101B 1960  1278  1410  1594   927  1495   814   803   829  1315  1277
SGL101B 1970   925  1693  1436  1256  1642  2003  1514  1151   932  1006
SGL101B 1980   983  1055  1614  1104  1010  1668   934  1170  1266   902
SGL101B 1990   730  1172  1655  1499  1054  1646  2633  1849  3261  2984
SGL101B 2000  1504  1371   849   878  1315  1837  1443  1683  2585  2042
SGL101B 2010  1234  2634  1906  3195  2600  1545  1916  2495  2117 -9999
SGL103A 1785  1644  3293  1920  3526  2329
SGL103A 1790  1968  2415  2347  2005  2458  1879  1475  2425  1221  1211
SGL103A 1800  1295   827   668   943   803  1000  1528  1616  1042   724
SGL103A 1810  2193   604   507   434  1913  1037  1293  1281  1108   434
SGL103A 1820  1081   789   816  1205   812   879   912   796  1258  1877
SGL103A 1830  2215  1644   921  1037   751  1254   986   801   831   688
SGL103A 1840   948  1270  1262  1598   788   821   955  1279  2325  1080
SGL103A 1850   716   844  1169  1978   234  1313  1108  1157  1146  1208
SGL103A 1860  1220   685  1024  1350   853  1504   929  1773  1980  2105
SGL103A 1870  2020  1676  1655  1310   777   376  3075   706  1124   398
SGL103A 1880   964  1142  1097  1485   925   933   841   576  1293  1453
SGL103A 1890  1088  1173  2547  1245  1155   613  1239   795   398   472
SGL103A 1900  1764  1488   466  1100   956   440  1063   992   761  1327
SGL103A 1910  1126  1301  3319  1306   496   986   733  3081   922   768
SGL103A 1920  1125   838  3466  2671  1932   462   703   721  2452  1553
SGL103A 1930   832  1072  1393   832   708  1757   453  1110  1697  1751
SGL103A 1940  1566   993  1289  1162   754   732  1201  1205  1272  2113
SGL103A 1950  1828  1222  1035  1872   856  1684   827  1768  1107   809
SGL103A 1960  1361  1201  1134  1260  1176  1359   687   884  1076   870
SGL103A 1970   889  1307  2504  3575  3181  3360  2482   904  1012   863
SGL103A 1980  1620  1633  2194  1797   863  2527   789  1837   727  1427
SGL103A 1990   810  1231  2725  1992   865  2202  4601  2594  4686  2847
SGL103A 2000  1843  2568  1353  1300  1445  2850  1417   783  1829  2252
SGL103A 2010   921   918   805  2250  1365   767   785  1978   899 -9999
SGL103B 1832  2914  1773  1501  3079  2016  1006   742  1343
SGL103B 1840   712   800  1101  1742  1054  1810  1578  1034  1069  1511
SGL103B 1850   968  1135   802   955  1240  2393  3636  1880   881  1196
SGL103B 1860   756  1098  1618  1358  1511   743  1114  1126  2959  2441
SGL103B 1870  1929   843  1102   670   830  1017  1562   539  1233   466
SGL103B 1880   966   682   944  1040  1108  1217   904   944  1621  2722
SGL103B 1890  2106  1987  3346  2236  2371  1027  1639  1427   402   551
SGL103B 1900  1815  1288   804  1278   719   466  1472  1376   740  1886
SGL103B 1910  1692  1131  2834  1131   589  1445  2686  3053  1522  1256
SGL103B 1920  1407   998  3443  2959  1725   400   792   663  2548  1505
SGL103B 1930   667   846  1537  1060   857  2290   457  1046  1658  1585
SGL103B 1940  1940  1174  1117  1243   537   759  1534  1036   933  2590
SGL103B 1950  1707  1592   804  1338   890  2059   560  1219   927   407
SGL103B 1960   939   788  1232   853  1070   977  1067  1220  1550  1004
SGL103B 1970   978  1600  2783  2440  2529  2237  1704   394   635   698
SGL103B 1980  1702   889  1118  1867   838  2629  1003  1549   737  1132
SGL103B 1990   750   647  1486  1284   622  1410  2032  1461  2527  1537
SGL103B 2000  1409  1525   711   610   889  2502  1905  1105  1740  2478
SGL103B 2010  1436  2210  1298  2909  1575  2387  2071  3379  1918 -9999
SGL104A 1887  1265   995  2258
SGL104A 1890  1255  2579  2582  1730  1381   701  1149   828   241   625
SGL104A 1900   867   860  1024  1046  1048   649   615   656   898  1137
SGL104A 1910   934   448  1726  1873   773  2115  3554  4030  2957  2049
SGL104A 1920  2256  1609  4594  4195  2693   836   818  1163  2343  2877
SGL104A 1930  1186   872  1290   546   717  1489   386   777  1251  1326
SGL104A 1940  1089   990  1370  1534   723  1148  1689  2296  1395  2762
SGL104A 1950  2619  2044  1460  1696  1368  1816  1327  2334  1877  1545
SGL104A 1960  1604  2268  2165  2192  1263  2151   967  1739  2976  2276
SGL104A 1970  1985  2329  3946  4579  5083  3353  3955  2671  2501  2468
SGL104A 1980  1812  1771  2111  2673  1671  2806  1506  1896  1312  2290
SGL104A 1990  2193  1884  4379  2208  2910  3000  3740  3072  3463  2813
SGL104A 2000  2289  2446  1097  1146  1251  2464  1616  1116  2136  2500
SGL104A 2010  1575  2900  1027  5018  2528  3084  2282  2726  1888 -9999
SGL104B 1834  2061  1044  1402  1161   855   732
SGL104B 1840  1070  1225   692   825   518   912   802  1029  1039  1326
SGL104B 1850   425   984   934  1394     0   631   711  1467  2145  1217
SGL104B 1860  1023   394   961  1136   816   715  1297  1570  1238  1675
SGL104B 1870   801  1141   527   437   152   848  1510  1241  2859  1263
SGL104B 1880  1556  2772  2095  2987  1851  1177  1405  1245   598  1508
SGL104B 1890   985  1580  2487  1828   775   518   854   604   219   431
SGL104B 1900   740   668   636   622   773   491  1007   876  1178  1161
SGL104B 1910  1057   332  1282  1203   568  1194  2518  3009  1866   912
SGL104B 1920  1146  1153  3690  3081  2972   792   783  1587  2421  3198
SGL104B 1930  1191  1163  1039   529   928  1099   366   765  1328  1286
SGL104B 1940  1059  1149  2242  3276  1253  2170  2620  2372  1898  3064
SGL104B 1950  4629  4001  2694  1610  1708  1418   980  1598  1529  1401
SGL104B 1960  1710  3435  2749  2577  1389  3425  1451  1798  4050  2509
SGL104B 1970  1825  2229  3601  4957  5059  3778  4475  2968  2782  2400
SGL104B 1980  1664  2199  2625  2315  2020  2831  1660  2501  2218  3800
SGL104B 1990  3549  2237  3542  3469  2374  3851  5042  4462  4238  3978
SGL104B 2000  2558  3862  2666  1592  2027  4109  2123  1578  2729  2920
SGL104B 2010  2394  3468  1826  6061  4603  3569  3445  3075  2653 -9999
SGL105A 1835  1727  1620  1631  1877   880
SGL105A 1840  1596  1635  1119  1692   881  2271  1086   952  1332  1121
SGL105A 1850   902  1034   917   998   196   900   944   837   838   850
SGL105A 1860  1050   540  1041  1057   960   615   856  1009   898   956
SGL105A 1870  1099   881   587   832   435  1129   819   671   992   551
SGL105A 1880   697   847   844  1194  1003   959   746   822   855  1096
SGL105A 1890  1295   940  1216  1397  1070   745   747   512   217   566
SGL105A 1900   589   640   446   746   889   697   775   859   641  1010
SGL105A 1910   551   514   860   805   396   718   985  1150   859   872
SGL105A 1920   985   553  1270  1219  1162   535   921   625  1697   928
SGL105A 1930   728  1034   805   669  1034   895   548  1134  1594  1456
SGL105A 1940  1442  1249  1588  1651   638  1994  1894  1537  1060  2398
SGL105A 1950  1510  1367  1004  1166  1071  1301  1086  1051  1278   766
SGL105A 1960  1086   955  1262  1058  1097  1087  1205  1161  2010  1421
SGL105A 1970  1101  1615  2063  1925  2507  2128  1630  1224  1125   998
SGL105A 1980  1048  2022  1753  2933  1574  2532  1314  1291  1483  1479
SGL105A 1990  1713  2621  3738  2209  1382  3616  2460  2616  3542  2572
SGL105A 2000  2102  3224  1180  1861  3014  3727  2151  1854  2380  3901
SGL105A 2010  1151  1716  1057  3005  2244  1851  1667  2924  3632 -9999
SGL105B 1790  1855  1808  1960  1796  2526  2366  2688  2429  2555  2233
SGL105B 1800  2254  2044  2726  2779  2603  3854  2245  2515  1535  1841
SGL105B 1810  1940  1261  2050  1024  2969  2145  2455  2042  1969   739
SGL105B 1820  2310  1721  1631  1681  2078  1719  1963  2165  2284  2057
SGL105B 1830  2386  2451  2583  1337  1384  1281  1113   929  1404   737
SGL105B 1840  1224  1572  1260  1385   728  1827  1361  1477  1320  1059
SGL105B 1850  1016   949  1015  1498   391  1205  1262  1207  1273  1056
SGL105B 1860  1316   714  1495  1007  1034   810  1176  1261  1263  1434
SGL105B 1870   741  1201   635   587   408  1659  1314   844   985   397
SGL105B 1880   523   779   637  1157   641   796   589   741   447   986
SGL105B 1890   831   637  1141  1026   879   502   666   279   121   344
SGL105B 1900   534   516   485   483   755   753   718   881   924   702
SGL105B 1910  1162   715   692  1506   969   688  1554  1899  1736  1140
SGL105B 1920   856  1961  2665  1761  1993   525  1134   931  1839  1327
SGL105B 1930   815  1131   688   598   787  1050   461   952   970  1031
SGL105B 1940   727  1007   944  1632   500   981  1340   936   599  1752
SGL105B 1950   959  1343   604   846   753   921   833  1363  1489  1100
SGL105B 1960  1472  1459  1155  1162  1037  1114  1467   991  2422  1328
SGL105B 1970  1111  1890  2236  2187  2101  1942  1657  1269  1249   918
SGL105B 1980  1159  1402  1215  2264   905  1694   928  1248  1258  1004
SGL105B 1990  1794  1477  2367  1784  1247  3693  3530  3235  4686  3560
SGL105B 2000  2450  4182  1223  1430  1927  2466  1302  1075  3821  5350
SGL105B 2010  2000  3391  2283  5423  4037  4084  2493  3060  3168 -9999
A1T01Y  1705   112   129   205    75   114
A1T01Y  1710   219   202   167   128   145    66   139   188    70   182
A1T01Y  1720   172   151   191   191   168   151   174   224   178   247
A1T01Y  1730   211    71    62   183   117    73    97   103   139   166
A1T01Y  1740    95    76   135    62   111   139   159   145   114   116
A1T01Y  1750   140    93   105   114   164    98   190   133   106    89
A1T01Y  1760   117   112    68   100    78    92    56   111   140   119
A1T01Y  1770   149   126   111   129     4   143   206   139    71    66
A1T01Y  1780   160   180   135   194    40   112   127   165   116    95
A1T01Y  1790    81    86    86   117   106    81   145   119   107   125
A1T01Y  1800   136   128   149   173   164   195   237   129    79   231
A1T01Y  1810   151    88   122    75   137   119   137   151   134    70
A1T01Y  1820   155   175   131   133   147   165   154   158   149   152
A1T01Y  1830   146   177   118   127   111   133   122   137   129   107
A1T01Y  1840   244   185   229   182   180   214   132   179   162   110
A1T01Y  1850   102   109   141   292    43   224   109   123   134   124
A1T01Y  1860   128    89   105   165   112   105   143   186   108   163
A1T01Y  1870   112    98    94    91    40   142   107    86   107    53
A1T01Y  1880    79    98   106   109   100   111   116   121   101   132
A1T01Y  1890   123   135   143   132   140    93   104    90    53    83
A1T01Y  1900    98    84    71   105    95   109   112   115    94   124
A1T01Y  1910   126    78   121    68    58   101   158   149   120   106
A1T01Y  1920   118    70   195   204   111    44   104    86   124    86
A1T01Y  1930    63    93    89    56    72   162    46    77   154   130
A1T01Y  1940    98    97   112   120    39   123   113   113    97   123
A1T01Y  1950   146   126    88    87   107   148   117   133   115   138
A1T01Y  1960   140   131   138    87   117   115    96   107   140   122
A1T01Y  1970    91   134   142   159   161   173   156   110   162   180
A1T01Y  1980   117   169   999
A1T01Z  1728   176   195
A1T01Z  1730   217    82    79   194   179    78   140   129   136   203
A1T01Z  1740   104   107   130    70   112   177   174   151   187   177
A1T01Z  1750   149   153   146   156   241   111   177   200   163   141
A1T01Z  1760    72   192   114   148   116   130    68   108   187   136
A1T01Z  1770   187   139   113   136    10   212   280   201   128   127
A1T01Z  1780   199   255   262   267    53   229   180   205   154   174
A1T01Z  1790   124   120    88   139   192   129   196   181   164   205
A1T01Z  1800   173   163   243   250   168   214   216   134   101   143
A1T01Z  1810   156   100   108    90   173   103   167   126   131    53
A1T01Z  1820   160   138   102   144   161   151   127   111   100   132
A1T01Z  1830   232   172   112   119   103    96   117   128   116   112
A1T01Z  1840   231   197   265   211   166   211   127   172   229   191
A1T01Z  1850   132   111   152   292    54   275   131   147   143   131
A1T01Z  1860   156   114   127   145   120   106   178   154   186   131
A1T01Z  1870   151   126   159   138    83   184   131   103   109    67
A1T01Z  1880    89   121   146   139   137   143   146   139    92   105
A1T01Z  1890   115   124   114    87   143    96    81   110    56    81
A1T01Z  1900   105   108    90   137   119   109   152   110   111   156
A1T01Z  1910   137    85   145    80    71   119   262   167   121    89
A1T01Z  1920   112    79   201   186   125    46   137   108   155    87
A1T01Z  1930    67   102    87    58    80   115    42    64   103   117
A1T01Z  1940    79    87    90   105    21    90   102    84    70   118
A1T01Z  1950   125    95    57    69    69   126    86    75   102    94
A1T01Z  1960   118   121   104    80    85    55    54    70    90    80
A1T01Z  1970    59   110    96   116   142   121    99    76   113   111
A1T01Z  1980    94   164   999
A1T02Y  1744   171   262    87   158   157   122
A1T02Y  1750   169   132   126   144    92    80   102   102    82   100
A1T02Y  1760    92    88    89    74   109    72    98    97    90   144
A1T02Y  1770    89    91    75    97    57    62    81    84   126    44
A1T02Y  1780   117    92   135   169    39   137   119   122   110   127
A1T02Y  1790    93    93    77   128   103   162   150   181   147   150
A1T02Y  1800   224   177   285   190   220   288   449   306   169   233
A1T02Y  1810   255   130   174   109   189   148   168   110   137    41
A1T02Y  1820   204   131   113   128   124   108    81   111    81   110
A1T02Y  1830   149   129   101    68    66    52    13    21    42    44
A1T02Y  1840    68    92    67    86    70    75   100   138   100    81
A1T02Y  1850    67   104   119   105    38    98    75    93    90    87
A1T02Y  1860    77    60    91    96   107    83   102   103    66   119
A1T02Y  1870   102   109    80    95    37    99   102    88    96    60
A1T02Y  1880   106    83   109   122    93   115    92   124   113   136
A1T02Y  1890   104   119   125   112   111   101   103   127    61    98
A1T02Y  1900   101    93    92   141   104   123   128    94   108   135
A1T02Y  1910   111    65   125    73    42   144   135   118    89    91
A1T02Y  1920   111    57   119   109    98    49    67   124   161   114
A1T02Y  1930    94   114   125    55   133   131    34    95   156   127
A1T02Y  1940   118    86   105    94    43   134   114    92    89   113
A1T02Y  1950   115   112    68    65     6   118   106    96   100    88
A1T02Y  1960   108   124   159   135   117    95   103   105    95   135
A1T02Y  1970   101    66    97   106   133   139   101   109    84    93
A1T02Y  1980    74    74   999
A1T02Z  1805   275   240   172    88   132
A1T02Z  1810   166    82   140    97   210   172   205   167   153    51
A1T02Z  1820   230   180   116   173   176   144   140   140   109   207
A1T02Z  1830   453   325   139    75    45    45    47    55    56    35
A1T02Z  1840    66    70    76    96   104   109    87   111    86    70
A1T02Z  1850    44    64    87   100    57    75    69    99   107   109
A1T02Z  1860    86    67    81   109   105    89   107   126    81   129
A1T02Z  1870   113    96    83    89    31    81    81    60    84    39
A1T02Z  1880    79    88    93    93    86    93    91    80    88    96
A1T02Z  1890    92    81    83    90    73    68    83    77    39    79
A1T02Z  1900   101    78    75   104   104   108   115   114   128   161
A1T02Z  1910   122    55   151    75    43   132   217   191   144   133
A1T02Z  1920   142    62   195   133   114    34    68   120   145    91
A1T02Z  1930    72    97   105    60   115   115    33    76   162   131
A1T02Z  1940   133   112   142   132    38   108   127    98    85   124
A1T02Z  1950   110   101    79    83    95   117    77   106   112   111
A1T02Z  1960   130   134   112   111    84   105   140   119   145   116
A1T02Z  1970   103   161   171   164   199   159   131   115   125   111
A1T02Z  1980    97    79   999
A1T03Y  1725    61    51    53    27    40
A1T03Y  1730    31    39    48    89    84    96    89   146   222   360
A1T03Y  1740    13    89   175   128   178   287   152   252   275   202
A1T03Y  1750   200   143    70   146   116    90   121   148    87   151
A1T03Y  1760    63   141    49   110   133   118    71   111   205   127
A1T03Y  1770   126   160   118   112     8    26    70    50    33     0
A1T03Y  1780   108    79   212   206    62   168   118   138   109    88
A1T03Y  1790    78   107   134    97   100    98   219    71   119   175
A1T03Y  1800   171   171   240   132   171   209   249    74    66   147
A1T03Y  1810   142    84    75    64   181   127   137   171   156    51
A1T03Y  1820    96    80    73   113   131   123    65   128    83    72
A1T03Y  1830   119    95   126    76    92    92    79   104    54    33
A1T03Y  1840   129   135   108   101   114   205   165   207   140   217
A1T03Y  1850   148   175   231   324    19   100   144   127   181   229
A1T03Y  1860   184    84    91   114   104   150   121   157   215   189
A1T03Y  1870   103   101    88    80    47   118   136    62    89    34
A1T03Y  1880    83   106    91   112   205   100   133   158   129   116
A1T03Y  1890   329   115   174   237   166    63    58    78    56    48
A1T03Y  1900   105    95   154   200   137   122   147    76    53    84
A1T03Y  1910   190    74   171   126    54   127   228   151   142    96
A1T03Y  1920   138    67   257   110   103    28    57    51   109   189
A1T03Y  1930    57    81    63    46    59    97    19    93    98   101
A1T03Y  1940   110   110    94   116    41    96   102   102    77   119
A1T03Y  1950   102    98    55   101    55    60    72    85   125   125
A1T03Y  1960   153   138   114   143    74    87   145    97   105    81
A1T03Y  1970    89   138   204   189   166   260   124    80    92   195
A1T03Y  1980   108   106   999
A1T03Z  1804   336   456   389   180   134   229
A1T03Z  1810   201   118   179    97   213   204   197   252   248    95
A1T03Z  1820   208   182   105   143   225   230   146   278   216   194
A1T03Z  1830   246   238   232   245   264   142   157   156   118    86
A1T03Z  1840   174   243   256   157   217   261   122   178   243   203
A1T03Z  1850   175   231   295   396    98   364   263   278   333   279
A1T03Z  1860   316   193   225   234   135   157   217   201   237   283
A1T03Z  1870   143   150   111   125    96   284   170    86   165    64
A1T03Z  1880   115   117   145   160   163   171   137   215   105   301
A1T03Z  1890   260   121   201   165   132    87   136   100    98    67
A1T03Z  1900   171    89   107   149   131   110   154   118    96   181
A1T03Z  1910   172    98   165   107    80   190   262   184   182   119
A1T03Z  1920   118    78   242   163   179    60   118    85   151   157
A1T03Z  1930    76   120    98    64   100   177    72   209   226   187
A1T03Z  1940   168   142   154   178    60   122   151   131    79   182
A1T03Z  1950   195   148    98   145    98   147   126   132   154    91
A1T03Z  1960   142   106   151   117   119   111   137   133   157   131
A1T03Z  1970   126   200   235   217   186   189   143   112   103   146
A1T03Z  1980   116   192   999
A1T04Y  1684   392   195   328   148   123    90
A1T04Y  1690   124   133    94   203   159   140   114   117    84   132
A1T04Y  1700   172   134    82    74   142   113   113   188    88    99
A1T04Y  1710   194   140   101   137   224   247   177   247    99   238
A1T04Y  1720   108   171   116   132   287   296   240   299   215   196
A1T04Y  1730   297   131    77   111   188   106   150   303   140   305
A1T04Y  1740   176   123   224   128   232   185   119   134   106   123
A1T04Y  1750   144    78    58    93   190   120   131   131   213   100
A1T04Y  1760   178   131   124   111   133    94    77   119   129    77
A1T04Y  1770    91   155   128   121    28   123    56   160    69    12
A1T04Y  1780   169   184   165   313   120   172   146   174   240   164
A1T04Y  1790   105   113   105    92    86   101    96   150   101   136
A1T04Y  1800   113   110   170   136   169   169   161    89   100    87
A1T04Y  1810    72    61    76    60    70    28    75    73    77    13
A1T04Y  1820    47    26    58    83    53    55    60    58    73    49
A1T04Y  1830   120   108    88    93    89    88    91    69    77    47
A1T04Y  1840    65    82    51   103    76   103    71   111    99   198
A1T04Y  1850    75    75    81   120    26    58   138    83   128   137
A1T04Y  1860   172    90   167   119   133   101    97    86    76    86
A1T04Y  1870    70    80    83    74    35    63    77    55    85    43
A1T04Y  1880    72    74    83   100    90    95    89    90    83   113
A1T04Y  1890   143   147   155   109   124    81    93    98    81    78
A1T04Y  1900   120   124   103   118   140   113    89   111    75   112
A1T04Y  1910    83    66    88    92    44    83   120    80    85    87
A1T04Y  1920    93    43    66    99    89    50    69    53    97    71
A1T04Y  1930    67    68    83    56    67    86    35    74    81    74
A1T04Y  1940    60    74    69    70    41    37    76    70    50    69
A1T04Y  1950    65    63    89    39    68    50    61    73    82    60
A1T04Y  1960    56    44    66    50    58    44    73    70    73    57
A1T04Y  1970    96    87    84    78    78    73   106    87    58    32
A1T04Y  1980    39    26   999
A1T04Z  1713   101    85   138   177   319    73   192
A1T04Z  1720   160   180   157   136   251   128    90   199    96   107
A1T04Z  1730   211   106    65    98   172   104   106   174   117   289
A1T04Z  1740   186    94   237   193   254   195   192   192   177   360
A1T04Z  1750   277   108   119   128   299   251   121   178   318   167
A1T04Z  1760   255   221   153   206   170   186   150   141   189    92
A1T04Z  1770    88   193   118   119    13   103    63   136    88    14
A1T04Z  1780   134   261   143   224    69   159   125   205   133   164
A1T04Z  1790   116   138   115   118   144   150   266   163   178   234
A1T04Z  1800   202   214   269   261   293   321   295   133    89    88
A1T04Z  1810   126    92   119    98   166   123   189   146   148    51
A1T04Z  1820    74    76    53   115    89    72    78    87   113   111
A1T04Z  1830   119   119    86    86    79    72    96    80   103    58
A1T04Z  1840    86    79    83    81    68   108   101    87   107   123
A1T04Z  1850    73   119    87   157   166   114   131    91   114    95
A1T04Z  1860   121    62   130   117   112   100    88   111   115   113
A1T04Z  1870   119   144   106   127    86   135   164    82   110    55
A1T04Z  1880    92    91   116   110   106   112   123   110    79    92
A1T04Z  1890   134    95    89    66   100    66    74    77    59    62
A1T04Z  1900    79    71    80    99   101    81    92    85    72   121
A1T04Z  1910   121    96   139   102    56   140   229   147    96    95
A1T04Z  1920    78    61   119   125   124    47    98    74   137    70
A1T04Z  1930    76    85    84    70    76   107    95    79   106   121
A1T04Z  1940    97    88    89   108    42    50    87    82    64   105
A1T04Z  1950    84    83    55    50    49    73    62    68    91    56
A1T04Z  1960    78    78    79    58    73   102    69    69   129    65
A1T04Z  1970    68    92   116   111   163   158   114   128   122   102
A1T04Z  1980    83    74   999
A1T05Y  1758    65   118
A1T05Y  1760   142    77    25   107    30    66    48    70    59    66
A1T05Y  1770    64    51    49   110   123   153   174   181   310   127
A1T05Y  1780   156   156   222   218   148   388   243   399   263   313
A1T05Y  1790   273   214   169   341   300   299   386   357   269   206
A1T05Y  1800   206   136   162   225   210   222   285   202   176   162
A1T05Y  1810   212   143    96    85   256   146   181   175   172    54
A1T05Y  1820   146   125   110   191   308   258   211   177   212   197
A1T05Y  1830   201   207   251   135   105    99   143    72   114    69
A1T05Y  1840   139   145   142   215   124   137   116   113   132   151
A1T05Y  1850   161   140   122   237    36    90   156   143   205   140
A1T05Y  1860   185    93   157   297   127   159   132   154   129    94
A1T05Y  1870   113    74    75    62    72   106   173   172   159    44
A1T05Y  1880    74    96   136   107   126   118    93    93    66   134
A1T05Y  1890   191    88   121   163   197   118   116   186    77   107
A1T05Y  1900   171   119   127   196   188   156   221   149   108   236
A1T05Y  1910   121   125   232   158    45   118   341   144   160    96
A1T05Y  1920    67    75   204   191   123    49    59   158   160   118
A1T05Y  1930    69   135    93    54    74   161    66    75   118    95
A1T05Y  1940    77    74    97    91    38    54    77    85    58   112
A1T05Y  1950    68    92    74   126    90   110    81   108    85    69
A1T05Y  1960   105    99   112    62    80    80    88    83    92    91
A1T05Y  1970   124   112   132   109   242   180   165   105    87    80
A1T05Y  1980   111   100   999
A1T05Z  1760   345   127   147   186   114    75    90   143    59   130
A1T05Z  1770    69    68    24    28    35    37    69   107    87    54
A1T05Z  1780   155   109   106   138    60   280   230   355   331   286
A1T05Z  1790   172   105    91   131   176   128   375   279   227   273
A1T05Z  1800   233   185   243   314   303   374   288   173   106   131
A1T05Z  1810   177   118    74    71   195    94   112   171   229    75
A1T05Z  1820   125   106   127   132   207   152   132   136   140   114
A1T05Z  1830   158   131   183    77    88    82    91    70    87    51
A1T05Z  1840   122    95    90   157    71   152   119   105    78    88
A1T05Z  1850    56    88    94   163    37    85   118   151   185    91
A1T05Z  1860   106    53   106   151    68    68    99    94    99    93
A1T05Z  1870    72    75    59    57    32   157   109    54    67    40
A1T05Z  1880    63    55    89    88    70    88    61    69    38   121
A1T05Z  1890   122    88   148   105    93    64    82   126    39    58
A1T05Z  1900    74    84    88   127   112    93   169   134    96   146
A1T05Z  1910    91   100   142   109    49   117   268   131   138    81
A1T05Z  1920   108    87   193   136    81    54    87   166   166   227
A1T05Z  1930   129   198   165   106    81   169    85   100   193   165
A1T05Z  1940    97    82   165   158    69   110   127   110    61   138
A1T05Z  1950    83   118    70    63    66    87    58    73    74    46
A1T05Z  1960   103   108   101    55    76    79    70    66    93    80
A1T05Z  1970    84    86    98   115   171   159   149    85    69   104
A1T05Z  1980   141   132   999
A1T06Y  1785   472   439   395   455   494
A1T06Y  1790   460   372   203   265   249   261   476   423   341   292
A1T06Y  1800   361   207   288   328   280   399   394   264   166   223
A1T06Y  1810   216   126    73    99   132   192   254   251   266   140
A1T06Y  1820   227   152   147   207   412   285   240   262   151   194
A1T06Y  1830   311   229   236   106   122   134   136   107   126    74
A1T06Y  1840   132   126    96   168   129   243   160   155   129   102
A1T06Y  1850    41    51    75   150    49   121   117   189   310   174
A1T06Y  1860   155    66   115   128    96   140   167   161   195   180
A1T06Y  1870   113   149    91    81    32   166   177    66    90    46
A1T06Y  1880    50   118   108   133   135   131   116   161   101   228
A1T06Y  1890   213   135   161   127    91    86   108   124    36    96
A1T06Y  1900   111    90    95   114   123    78   127   149    64   136
A1T06Y  1910   182   109   222   140    35    90   231   193   139    92
A1T06Y  1920   104    56   135   150   103    31    36    79   110    79
A1T06Y  1930    62    52    78    43    63    95    33    96   151   133
A1T06Y  1940   158    83   160   180    70   115   193   135    91   256
A1T06Y  1950   232   194    84    77    82    83    84    76    98   114
A1T06Y  1960   100   110    92   125   112    80   106   102   166   132
A1T06Y  1970   105   177   285   228   229   169   151   108   101    98
A1T06Y  1980   137    93   999
A1T06Z  1900   474   236   369   518   292   177   264   278   104   226
A1T06Z  1910   310   118   218   163    38    70   181   141   149    85
A1T06Z  1920    98    79   184   214   141    49    56    96   163   137
A1T06Z  1930    73    49    91    46    70    90    34    92   140   124
A1T06Z  1940   128    85   180   231   142   154   306   236   195   405
A1T06Z  1950   388   357   202   134   109   104    97    81    75   103
A1T06Z  1960   103   135   114   111   105   102   124   130   234   219
A1T06Z  1970   123   162   182   175   244   187   154   122   102    80
A1T06Z  1980   106   106   999
A1T07Y  1797   230   336   384
A1T07Y  1800   438   224   377   391   257   220   159   149    90   106
A1T07Y  1810   128    65   100    92   186   136   153   187   158   113
A1T07Y  1820   246   135    90    77   101    92    56    91    77    82
A1T07Y  1830   276   200   286   202   225   203   121   153    96    84
A1T07Y  1840    88    94    68   109    84   102   104    85   161   179
A1T07Y  1850   106   126   183   129     6    64   123   141   161   147
A1T07Y  1860   208    73   138   232   141   101   122    62    45    61
A1T07Y  1870    39    79    66    69    12   154   227    84   155    49
A1T07Y  1880    78   180   156   200   184   211   146   197    83   164
A1T07Y  1890   141   133   207   175    79    73   119   143    95   110
A1T07Y  1900   206   174   137   125   117    66    71    88    69   115
A1T07Y  1910   180   107   185   129    41   106   238   236   103    60
A1T07Y  1920    68    62   232   229   139    56    68   133   201   217
A1T07Y  1930    88    68   128    99    76   215    40   134   163   193
A1T07Y  1940   160   154   182   212    46    72   135    96    94   171
A1T07Y  1950   211   165   138   185   133   220   147   226   185   119
A1T07Y  1960   120   141   121    93    93    78    72    64    93    92
A1T07Y  1970    95   133   203   319   388   273   209   173   192   183
A1T07Y  1980   109   103   999
A1T07Z  1850    57    80   125    96    34   101   102   125    96    89
A1T07Z  1860   146    53   123   145   100    75   116    77    69    96
A1T07Z  1870    67    68    59    62    19    92   148   119   190    67
A1T07Z  1880    95   177   125   153   180   295   240   249   164   224
A1T07Z  1890   226   306   425   403   201   135   234   207    79   132
A1T07Z  1900   184   165   220   210   185   165   173   193   135   249
A1T07Z  1910   220    95   179   125    61   156   274   185   143   100
A1T07Z  1920   117    87   311   249   144    46    61    97   154   161
A1T07Z  1930    80    77   145   108   130   215    74   180   232   222
A1T07Z  1940   211   176   233   213    68   131   131   124   100   139
A1T07Z  1950   124   101    76    81    74    99    66   123   144   115
A1T07Z  1960   141   174   149    83    96    91   112    80   146    90
A1T07Z  1970    88   110   151   205   132   128    90    83    78    71
A1T07Z  1980    76    57   999
A1T08Y  1872    49    80    25    70   151    92    96    51
A1T08Y  1880    63   113   100   156    95    93    88    90   177   148
A1T08Y  1890    96   100   186   134    73    67    89   146    72    65
A1T08Y  1900    75   121   187   168   167   174   168   153   142   143
A1T08Y  1910    80    59    69    63    39    82   165    91    63    86
A1T08Y  1920    99    84   182   123   110    45    65   155   211   278
A1T08Y  1930    82   120    90    79   104    88    47    90    82   121
A1T08Y  1940   110   106   123   138    45    57   191   117    96   243
A1T08Y  1950   179   203   138   124   103   100   131   130   154    74
A1T08Y  1960   104   121   116    80    71    75    89    90   124   146
A1T08Y  1970    75   142   161   217   227   137   144    89   133   117
A1T08Y  1980   127   177   999
A1T08Z  1900   219   219   282   397   323   516   621   385   316   234
A1T08Z  1910   220    54   109    73    42    82   176   214   183   186
A1T08Z  1920   286   215   424   342   308    97   135   257   381   368
A1T08Z  1930   112   213   138    93   106   121    53   127   136   279
A1T08Z  1940   133   182   241   300   117   160   299   131   165   245
A1T08Z  1950   247   188   123   120    95   190    88   175   186   116
A1T08Z  1960   168   185   174   148   112   124   153   109   141   158
A1T08Z  1970    93   147   140   216   311   279   263   164   190   176
A1T08Z  1980   177   241   999
A1T09Z  1930   119   166   139   105    98   137    95   143   105    80
A1T09Z  1940    68    74    84    63    32    49    58    55    47    54
A1T09Z  1950    76    67    93    55    63    93    93    98   109   149
A1T09Z  1960   161   324   267   218   138   158   133   186   299   284
A1T09Z  1970   206   251   302   282   287   175   260   166   194   152
A1T09Z  1980   154   117   999
A1T10Y  1778   252   317
A1T10Y  1780   235   237   420   341   147   527   625   329   235   192
A1T10Y  1790    88   168   233   236   156    96   145    59   144    77
A1T10Y  1800    92    78   125    78   116   185   184   146    87    82
A1T10Y  1810   108    55     8    54    59    48    92    66    69    22
A1T10Y  1820    78    45    60    79   129   125   120    78    60    74
A1T10Y  1830   119    84    81    91    65    62    51    73    39    30
A1T10Y  1840    35    65    76   174   159   160   119   123   162   169
A1T10Y  1850   118    50   120    54     8    19    92    83    92    75
A1T10Y  1860   101    52    99   102    66    75    79    80    48    97
A1T10Y  1870    59    60    27    49     9    99    77    35    59    30
A1T10Y  1880    44    45    57    74    78    67    59    93    64   120
A1T10Y  1890   133   100   158   176   122    76   117   124    64    77
A1T10Y  1900    76    68    65    86    87    47    42    64    49   131
A1T10Y  1910   112    35   104    66    41    84   100   110    62    70
A1T10Y  1920    78    37    79    78    81    23    53     0    98   101
A1T10Y  1930    51    43    79    32    63    63    20    53    58    72
A1T10Y  1940    59    66   116   105    47    74   122   119   100   116
A1T10Y  1950   124   130    59    28    63    36    49    60    84    69
A1T10Y  1960   106    89   122    80   101    70    81   102   146   101
A1T10Y  1970    78   109   239   227   190   105   100    70    76    64
A1T10Y  1980    70    57   999
A1T10Z  1781   423   440   410   176   368   308   179   248   208
A1T10Z  1790   194   339   317   343   170    91   161   102   202   186
A1T10Z  1800   152   107   144   129   136   209   165   127    92    96
A1T10Z  1810   131    65     5    80    76    90   138   105    81    38
A1T10Z  1820   110    61    90   151   235   197   175   171   103   111
A1T10Z  1830   243   225   135   130   126   108    73    93    44     8
A1T10Z  1840    34    34    49   124   149   191   151   215   214   292
A1T10Z  1850   148   122   245   160    14    25    88    75    68    73
A1T10Z  1860   123    55   127   110    82    57    74    85    56   125
A1T10Z  1870    89   103    77    62    16   185   105    61   124    38
A1T10Z  1880    43    95    98    73    53    34    59    73    36   124
A1T10Z  1890   178   122   178   137    99    64   125   147    97    67
A1T10Z  1900    90   114    90    90    96    79    98    98   113   178
A1T10Z  1910   173    47   133    77    56    71    80    94    73    61
A1T10Z  1920    64    41    86   104    84    25    43     0   105   107
A1T10Z  1930    61    47    67    36    70    57    18    40    48    75
A1T10Z  1940    70    68    76    68    36    29    60    45    42    56
A1T10Z  1950    88   131    99    30    57    60    48    65    92    70
A1T10Z  1960   113    94    96    55    56    45    35    43   123    83
A1T10Z  1970    61    95   184   174   142   100    83    61    90    62
A1T10Z  1980    95    69   999
A1T11Y  1735   224   283   242   338   400
A1T11Y  1740   155   295   274   124   223   345   228   254   273   211
A1T11Y  1750   258   213    42    65   157   109    64   106    97   149
A1T11Y  1760    49   154   113   224   146   196   120   117   168    88
A1T11Y  1770    84   215   123   149    39    69    60    31    71     0
A1T11Y  1780   103    76   248   221    89   166   141   281   180   115
A1T11Y  1790    15    91   122   100    98   101   162   112   116   120
A1T11Y  1800   157   164   226   203   186   166   213   136   131   109
A1T11Y  1810   166    71    26    92    52    71   140    92    82    70
A1T11Y  1820    82    87    99   113   168   131   116   145   101    44
A1T11Y  1830   197   152   232    97   101    61    71    62    29    31
A1T11Y  1840    34    52    53    83    40    35    73    43    91    58
A1T11Y  1850    66    49    93    46    10    31    34    61    27    21
A1T11Y  1860    53    20    34    55    45    14    38    31    26    33
A1T11Y  1870    59    33    30    25    15    35    34    35    37    33
A1T11Y  1880    20    43    54    48    42    30    41    53    31    54
A1T11Y  1890    57    46    60   172   105    68    68   145    46    99
A1T11Y  1900   125   142    76    97   127    48   110    94   227   210
A1T11Y  1910   223    74   411   156    86    88   359   208   173    93
A1T11Y  1920   128    55    79    68    64    33    27    11    53    88
A1T11Y  1930    33    19    25    21    29    30     0    15    25    38
A1T11Y  1940    68    59    59   104     0   105    51   133   139    68
A1T11Y  1950    83   216   149   161    60    65    65    53    62    65
A1T11Y  1960    49    86   103   109    79    57    41    27    84   115
A1T11Y  1970    81    62   159   174   114   116    87    44    74    82
A1T11Y  1980    75    73   999
A1T11Z  1738   397   472
A1T11Z  1740   158   289   255   128   207   197   215   222   211   149
A1T11Z  1750   172   137    36    52   103   110    69    86    57   100
A1T11Z  1760    43    78    87   120    92   114    59    57    85    20
A1T11Z  1770    72   128   105    84    11    34    32    11    36     3
A1T11Z  1780    77    50   151   154    62    99    93   172   113    98
A1T11Z  1790    12    67    88    88    90    96   127    85    55    59
A1T11Z  1800   105   127   159   150   167   155   218    83    91    92
A1T11Z  1810   147    50    30    94    53    66   120   106    98    87
A1T11Z  1820   130    64    60   116   175   100    63   100   101    48
A1T11Z  1830   176   157   177   147   105    70    73    61     0    27
A1T11Z  1840    28    57    65    91    59    54   109    90   194    42
A1T11Z  1850    49    69   171   105     0    36    66    65    43    27
A1T11Z  1860    67    38    59    80    61    36   100    77    66   107
A1T11Z  1870    62    66    35    45    25    61    57    45    53    25
A1T11Z  1880    25    45    39    64    47    23    52    66    33    61
A1T11Z  1890    59    68    92    86    98    85   102   241   112    82
A1T11Z  1900   119   146    77   142   109    70   161    86   104   111
A1T11Z  1910   258   192   262   165    63    93   224   287   143    83
A1T11Z  1920   111    48   105    92    90    40    40     0    63    92
A1T11Z  1930    51    45    56    38    39    42     0    24    55    46
A1T11Z  1940    91    66    79    90     0    81    44    66    94    74
A1T11Z  1950    91   199   151   149    50    90    76    83    93   111
A1T11Z  1960    50    93    74   121   102   105    95    71   168    95
A1T11Z  1970    90    78   145   127   139   128   109    48    98    97
A1T11Z  1980    86   105   999
A1T12Y  1776    47    39    45    16
A1T12Y  1780    42    98   170   172    34    90   105   104    88    68
A1T12Y  1790    21   140   126    94    99    45   131   146   119    74
A1T12Y  1800   101    67    76    97    78   137    66   112    71    72
A1T12Y  1810    98    90    25    61    66    56   126    72    31    22
A1T12Y  1820    54    25    79   128    84    89    41    83    74    42
A1T12Y  1830   142   123    99    49    38    63    52    55    42    47
A1T12Y  1840    66    61    90    70    97    59   109   106   149    76
A1T12Y  1850    27    91    66    38     9     8    49    52    80    21
A1T12Y  1860    73    27    34    40    44    36    83    87    77   134
A1T12Y  1870    83    79    24    59    19   104    66    55    86    34
A1T12Y  1880    45   116   104   127   100    58   128   143    85   101
A1T12Y  1890   149    93   175   146   111    65   105   115    43    93
A1T12Y  1900    65    76    48    76    68    77    80    99    85   114
A1T12Y  1910   132    39   147    51    80   193   194   168    63    67
A1T12Y  1920    78    88   169   192   128    51    50     8   135   157
A1T12Y  1930    76    61   101    49    57    69    20    65    56    81
A1T12Y  1940    48    67    77    61    43   109   155   201   142   111
A1T12Y  1950   208   216   137    43    72   123    77   143   199    99
A1T12Y  1960   154   156   100    60    68   120    84   159   233   216
A1T12Y  1970   129   215   206   207   220   201   164   102    96    82
A1T12Y  1980    90    77   999
A1T12Z  1783   148    38    98   146   115    96    96
A1T12Z  1790    35    67    79    90    97    78    77    63    97    49
A1T12Z  1800    98    65   109   141    98   145    89    99    64    74
A1T12Z  1810    95    67    18    57    60    55    72    75    66    42
A1T12Z  1820    76    38   105    99    82    81    34    76    33    24
A1T12Z  1830    93    80   112    63    66    67    59    60    46    55
A1T12Z  1840    43    96    93    90    61    43    65    56    94    51
A1T12Z  1850    18    49    40    37     3     9    58    68    94    12
A1T12Z  1860    66    34    47    43    44    61    92    79    51    96
A1T12Z  1870    63    47    17    40     8    86   102    76   136    43
A1T12Z  1880    42   107   155   147   100    94   118   113   104   150
A1T12Z  1890   127   119   159   147    90   101    76   127    45   101
A1T12Z  1900    75    62    55    84   127   133   124   156   107   144
A1T12Z  1910   158    42   169    79    55   203   164   187   130    92
A1T12Z  1920    96    74   149   127   110    50    71     5   108   126
A1T12Z  1930    70    67    86    43    58    76    31    71    75   100
A1T12Z  1940    84    85   101   100    47   129   199   126   125   119
A1T12Z  1950   195   166   107    42    87    99    74   108   198   185
A1T12Z  1960   188   234   190    95   159   176    94   160   236   254
A1T12Z  1970   124   173   317   299   205   131   136    74   110   112
A1T12Z  1980   146   127   999
A1T13Y  1902   688   764   491   556   667   684   512   426
A1T13Y  1910   285   302   499   327   429   768   940   541   557   336
A1T13Y  1920   324   573   842   924   544   171   203   296   427   266
A1T13Y  1930   121   152   160    79    84   103    15    94    95   108
A1T13Y  1940   121   117   151   148    54    85   139    58    38    93
A1T13Y  1950   127   106   147    56    67    75    77    94   104    52
A1T13Y  1960    85   101    66    70    42    43    60    59    83    62
A1T13Y  1970    51    77   124   108   105   108    95    90   102    86
A1T13Y  1980    73    77   999
A1T13Z  1904   635   649   773   625   665   621
A1T13Z  1910   511   267   410   267   309   802   942   966   992   691
A1T13Z  1920   633   636   634   915   610   212   278   512   540   325
A1T13Z  1930   164   203   200   162   209   294    55   261   334   318
A1T13Z  1940   278   238   289   239    69   239   263    87    82   165
A1T13Z  1950   259   203   218   103    90    98    92    98   133    44
A1T13Z  1960    88   159    85    96    74   114    88   120   130    42
A1T13Z  1970    41    74   123   138   137    86   112    79   100    98
A1T13Z  1980    79    80   999
A1T14Z  1904   291   332   258   307   257   273
A1T14Z  1910   292   113   195   123    70   158   173   105    96    77
A1T14Z  1920    95    50   162   200   150    42    65    31    98    72
A1T14Z  1930    62    78    56    53    62    62    26    58    65    72
A1T14Z  1940    49    46    46    90    61    91    92   115    82   132
A1T14Z  1950   124   106    91    92   111   100   112   151   164   153
A1T14Z  1960   199   186   177   125   106   108   106   108   198   225
A1T14Z  1970   117   210   375   273   214   240   155   126   259   164
A1T14Z  1980   169   101   999
A1T15Y  1901   508   457   439   495   495   668   466   548   338
A1T15Y  1910   365   375   607   369   599   857   861   531   376   370
A1T15Y  1920   333   609   552   612   415   132   144   219   298   244
A1T15Y  1930    80   123   111    93   115   111    37   152   192   228
A1T15Y  1940   125   122   195   139    67   275   258   174   108   184
A1T15Y  1950   162   193   186   105   102    57    55    46    82    98
A1T15Y  1960   196   216   215   241   133    64    93    59    98    78
A1T15Y  1970    59    84   112   197   248   226   141   136   156    72
A1T15Y  1980    76    96   999
A1T15Z  1905   656   698   508   542   321
A1T15Z  1910   343   512   733   344   446   639   620   582   553   491
A1T15Z  1920   368   736   632   500   315   162   427   334   271   193
A1T15Z  1930   121   283   168    95   203   222    47   222   308   310
A1T15Z  1940   180   247   240   286   122   369   273   237   230   273
A1T15Z  1950   224   219   260   192   249   172   190    97   156   130
A1T15Z  1960   197   192   156   149   127    95   132   154   253   169
A1T15Z  1970   102   123   220   181   203   147   117   114   175   133
A1T15Z  1980   131   138   999

