year	num	seg	age	raw	std	res	ars
   1896	   3.	 118.000	   1.000	   2.168	   0.662	   0.767	   0.702
   1897	   3.	 118.000	   2.000	   2.861	   0.861	   1.142	   0.965
   1898	   8.	 116.625	   1.750	   2.591	   1.001	   1.009	   1.073
   1899	  17.	 111.882	   1.824	   2.452	   1.113	   1.081	   1.139
   1900	  27.	 112.926	   2.148	   1.872	   0.760	   0.768	   0.837
   1901	  30.	 112.967	   2.933	   2.370	   0.988	   1.158	   1.010
   1902	  35.	 110.714	   3.514	   2.546	   1.130	   1.112	   1.171
   1903	  39.	 110.821	   4.154	   2.353	   1.017	   0.966	   1.061
   1904	  47.	 110.638	   4.447	   2.352	   1.034	   1.014	   1.006
   1905	  50.	 110.600	   5.180	   2.281	   0.954	   0.946	   0.930
   1906	  54.	 110.426	   5.796	   2.348	   0.977	   1.002	   0.950
   1907	  55.	 110.382	   6.691	   2.113	   0.829	   0.850	   0.840
   1908	  59.	 110.102	   7.237	   1.916	   0.744	   0.841	   0.765
   1909	  62.	 108.710	   7.887	   2.132	   0.842	   1.022	   0.897
   1910	  62.	 108.710	   8.887	   2.141	   0.856	   0.955	   0.948
   1911	  63.	 108.635	   9.746	   2.054	   0.822	   0.911	   0.901
   1912	  65.	 108.462	  10.446	   2.077	   0.841	   0.952	   0.898
   1913	  66.	 108.364	  11.288	   1.976	   0.793	   0.879	   0.841
   1914	  66.	 108.364	  12.288	   2.449	   1.044	   1.193	   1.114
   1915	  66.	 108.364	  13.288	   2.485	   1.072	   1.029	   1.146
   1916	  68.	 108.074	  13.897	   2.520	   1.068	   1.036	   1.096
   1917	  70.	 107.771	  14.500	   2.769	   1.221	   1.170	   1.208
   1918	  71.	 107.606	  15.296	   2.727	   1.173	   1.051	   1.155
   1919	  71.	 107.606	  16.296	   2.701	   1.176	   1.070	   1.115
   1920	  71.	 107.606	  17.296	   2.765	   1.202	   1.086	   1.121
   1921	  71.	 107.606	  18.296	   2.701	   1.162	   1.035	   1.078
   1922	  71.	 107.606	  19.296	   2.395	   0.983	   0.917	   0.931
   1923	  72.	 107.389	  20.028	   2.329	   1.004	   0.978	   0.910
   1924	  73.	 107.164	  20.753	   2.427	   1.061	   1.036	   0.990
   1925	  73.	 107.164	  21.753	   2.784	   1.307	   1.232	   1.275
   1926	  73.	 107.164	  22.753	   2.697	   1.250	   1.049	   1.225
   1927	  73.	 107.164	  23.753	   2.879	   1.390	   1.206	   1.306
   1928	  73.	 107.164	  24.753	   2.633	   1.202	   0.990	   1.111
   1929	  74.	 106.865	  25.419	   2.532	   1.158	   1.034	   1.027
   1930	  83.	 104.410	  23.663	   2.076	   0.878	   0.823	   0.820
   1931	  94.	 101.894	  21.894	   2.418	   1.016	   1.070	   0.935
   1932	 110.	  98.891	  19.709	   2.598	   1.072	   1.033	   1.037
   1933	 116.	  97.966	  19.690	   2.318	   0.871	   0.860	   0.896
   1934	 117.	  97.812	  20.521	   2.468	   0.961	   1.053	   0.970
   1935	 132.	  95.720	  19.189	   2.341	   0.903	   0.912	   0.916
   1936	 142.	  94.500	  18.838	   2.468	   0.947	   1.011	   0.958
   1937	 146.	  94.027	  19.322	   2.752	   1.091	   1.108	   1.104
   1938	 157.	  92.726	  18.968	   2.492	   0.931	   0.900	   0.967
   1939	 159.	  92.491	  19.730	   2.236	   0.793	   0.842	   0.806
   1940	 166.	  91.693	  19.898	   2.456	   0.887	   1.022	   0.894
   1941	 169.	  91.367	  20.544	   2.501	   0.916	   0.966	   0.944
   1942	 170.	  91.488	  21.229	   2.769	   1.097	   1.149	   1.147
   1943	 172.	  91.262	  21.983	   2.727	   1.091	   1.043	   1.150
   1944	 174.	  91.017	  22.730	   2.720	   1.091	   1.090	   1.149
   1945	 174.	  91.017	  23.730	   1.975	   0.718	   0.709	   0.778
   1946	 174.	  91.017	  24.730	   1.956	   0.720	   0.874	   0.718
   1947	 174.	  91.017	  25.730	   2.580	   1.057	   1.225	   1.080
   1948	 174.	  91.017	  26.730	   2.620	   1.093	   1.033	   1.172
   1949	 174.	  91.017	  27.730	   2.411	   0.971	   0.948	   1.025
   1950	 176.	  90.716	  28.415	   2.504	   1.063	   1.101	   1.074
   1951	 176.	  90.716	  29.415	   2.529	   1.083	   1.049	   1.087
   1952	 176.	  90.716	  30.415	   2.497	   1.088	   1.051	   1.085
   1953	 177.	  90.554	  31.243	   2.515	   1.134	   1.092	   1.125
   1954	 177.	  90.554	  32.243	   2.604	   1.214	   1.137	   1.205
   1955	 177.	  90.554	  33.243	   2.677	   1.275	   1.161	   1.277
   1956	 177.	  90.554	  34.243	   2.159	   0.952	   0.854	   0.957
   1957	 177.	  90.554	  35.243	   1.872	   0.804	   0.850	   0.777
   1958	 179.	  90.179	  35.849	   2.000	   0.879	   0.982	   0.840
   1959	 179.	  90.179	  36.849	   2.058	   0.914	   0.948	   0.899
   1960	 179.	  90.179	  37.849	   2.059	   0.934	   0.970	   0.942
   1961	 179.	  90.179	  38.849	   2.234	   1.049	   1.077	   1.064
   1962	 179.	  90.179	  39.849	   2.009	   0.941	   0.901	   0.950
   1963	 179.	  90.179	  40.849	   2.343	   1.152	   1.189	   1.147
   1964	 179.	  90.179	  41.849	   2.184	   1.070	   0.980	   1.078
   1965	 179.	  90.179	  42.849	   1.926	   0.939	   0.918	   0.927
   1966	 179.	  90.179	  43.849	   1.890	   0.941	   0.977	   0.907
   1967	 179.	  90.179	  44.849	   2.021	   1.028	   1.053	   1.006
   1968	 179.	  90.179	  45.849	   2.123	   1.107	   1.080	   1.110
   1969	 179.	  90.179	  46.849	   1.953	   1.005	   0.963	   1.023
   1970	 179.	  90.179	  47.849	   1.747	   0.920	   0.928	   0.912
   1971	 179.	  90.179	  48.849	   1.878	   1.010	   1.061	   0.992
   1972	 179.	  90.179	  49.849	   1.854	   1.012	   1.001	   1.014
   1973	 179.	  90.179	  50.849	   1.605	   0.885	   0.889	   0.897
   1974	 179.	  90.179	  51.849	   1.646	   0.935	   1.003	   0.927
   1975	 179.	  90.179	  52.849	   1.968	   1.139	   1.163	   1.149
   1976	 179.	  90.179	  53.849	   1.779	   1.027	   0.955	   1.059
   1977	 179.	  90.179	  54.849	   1.929	   1.144	   1.142	   1.149
   1978	 179.	  90.179	  55.849	   1.856	   1.104	   1.032	   1.106
   1979	 179.	  90.179	  56.849	   1.736	   1.063	   1.025	   1.050
   1980	 179.	  90.179	  57.849	   1.491	   0.935	   0.918	   0.919
   1981	 179.	  90.179	  58.849	   0.857	   0.678	   0.700	   0.684
   1982	 178.	  90.236	  59.730	   1.148	   0.771	   0.955	   0.760
   1983	 178.	  90.236	  60.730	   1.163	   0.799	   0.883	   0.816
   1984	 178.	  90.236	  61.730	   1.242	   0.842	   0.933	   0.874
   1985	 178.	  90.236	  62.730	   1.564	   1.013	   1.092	   1.056
   1986	 178.	  90.236	  63.730	   1.364	   0.910	   0.895	   0.957
   1987	 178.	  90.236	  64.730	   1.807	   1.201	   1.261	   1.239
   1988	 178.	  90.236	  65.730	   1.793	   1.203	   1.080	   1.249
   1989	 177.	  90.237	  66.593	   1.790	   1.212	   1.121	   1.226
   1990	 176.	  90.233	  67.455	   1.415	   0.977	   0.908	   0.975
   1991	 175.	  90.223	  68.314	   1.247	   0.892	   0.925	   0.858
   1992	 173.	  90.225	  69.064	   1.172	   0.864	   0.917	   0.833
   1993	 173.	  90.225	  70.064	   1.444	   1.018	   1.091	   1.010
   1994	 173.	  90.225	  71.064	   1.452	   1.027	   1.007	   1.055
   1995	 173.	  90.225	  72.064	   1.382	   0.999	   0.994	   1.021
   1996	 173.	  90.225	  73.064	   1.179	   0.898	   0.905	   0.901
   1997	 173.	  90.225	  74.064	   1.194	   0.909	   0.965	   0.893
   1998	 173.	  90.225	  75.064	   1.263	   0.961	   1.002	   0.952
   1999	 173.	  90.225	  76.064	   1.112	   0.882	   0.897	   0.892
   2000	 173.	  90.225	  77.064	   1.184	   0.924	   0.994	   0.930
   2001	 173.	  90.225	  78.064	   1.312	   1.003	   1.026	   1.004
   2002	 173.	  90.225	  79.064	   1.356	   1.055	   1.041	   1.059
   2003	 173.	  90.225	  80.064	   1.214	   0.966	   0.952	   0.982
   2004	 173.	  90.225	  81.064	   1.352	   1.059	   1.079	   1.050
   2005	 172.	  90.326	  82.110	   1.309	   1.031	   0.998	   1.029
   2006	 171.	  90.257	  82.994	   1.223	   0.973	   0.965	   0.965
   2007	 170.	  90.347	  84.041	   1.354	   1.068	   1.079	   1.045
   2008	 168.	  90.601	  85.220	   1.511	   1.172	   1.118	   1.163
   2009	 167.	  90.671	  86.257	   1.351	   1.065	   0.994	   1.077
   2010	 167.	  90.671	  87.257	   1.217	   1.003	   0.984	   0.987
   2011	 166.	  90.783	  88.349	   1.122	   0.945	   0.956	   0.925
   2012	 164.	  90.701	  89.238	   1.121	   0.952	   0.982	   0.932
   2013	 163.	  90.552	  90.080	   0.950	   0.885	   0.908	   0.882
   2014	  77.	  95.416	  95.416	   1.139	   1.017	   1.057	   0.991
