year	num	seg	age	raw	std	res	ars
   1923	   2.	  92.000	   1.000	   2.195	   0.961	   0.983	   0.982
   1924	   2.	  92.000	   2.000	   2.270	   0.980	   1.006	   1.000
   1925	   2.	  92.000	   3.000	   2.297	   0.979	   0.991	   0.993
   1926	   2.	  92.000	   4.000	   2.325	   0.977	   0.989	   0.988
   1927	   2.	  92.000	   5.000	   2.585	   1.070	   1.085	   1.081
   1928	   4.	  89.500	   3.500	   2.438	   1.173	   1.123	   1.159
   1929	   4.	  89.500	   4.500	   2.238	   1.064	   0.934	   1.007
   1930	   6.	  88.000	   4.000	   1.471	   0.870	   0.753	   0.753
   1931	   8.	  86.750	   4.000	   1.669	   0.742	   0.836	   0.726
   1932	   8.	  86.750	   5.000	   2.018	   0.788	   1.059	   0.943
   1933	   8.	  86.750	   6.000	   2.106	   0.933	   1.241	   1.214
   1934	   8.	  86.750	   7.000	   2.321	   0.957	   0.944	   1.041
   1935	   8.	  86.750	   8.000	   2.761	   1.136	   1.167	   1.184
   1936	  12.	  77.833	   6.333	   2.655	   1.042	   1.029	   1.112
   1937	  13.	  77.769	   6.846	   2.816	   1.231	   1.122	   1.171
   1938	  13.	  77.769	   7.846	   2.697	   1.243	   1.176	   1.249
   1939	  14.	  77.571	   8.286	   2.356	   1.037	   0.906	   1.019
   1940	  16.	  77.250	   8.250	   2.414	   1.024	   1.057	   1.067
   1941	  16.	  77.250	   9.250	   1.920	   0.831	   0.801	   0.830
   1942	  16.	  77.250	  10.250	   2.201	   0.975	   1.076	   1.004
   1943	  17.	  76.941	  10.647	   1.825	   0.871	   0.895	   0.898
   1944	  19.	  76.263	  10.526	   1.924	   0.935	   0.990	   0.947
   1945	  22.	  75.364	  10.091	   2.023	   1.083	   1.118	   1.096
   1946	  23.	  75.043	  10.652	   1.992	   1.072	   1.028	   1.071
   1947	  25.	  74.480	  10.800	   1.853	   1.025	   0.986	   1.019
   1948	  25.	  74.480	  11.800	   1.556	   0.855	   0.821	   0.830
   1949	  26.	  74.115	  12.346	   1.533	   0.873	   0.935	   0.862
   1950	  27.	  73.741	  12.889	   1.448	   0.834	   0.898	   0.838
   1951	  32.	  72.062	  11.875	   1.504	   0.834	   0.937	   0.867
   1952	  35.	  71.200	  11.857	   1.792	   0.896	   0.973	   0.916
   1953	  37.	  70.703	  12.216	   2.106	   1.106	   1.140	   1.104
   1954	  39.	  70.154	  12.590	   1.834	   0.989	   0.928	   0.976
   1955	  41.	  69.610	  12.976	   1.901	   1.004	   1.030	   1.021
   1956	  47.	  66.979	  12.319	   1.927	   1.036	   1.024	   1.035
   1957	  54.	  65.704	  11.722	   1.958	   1.063	   1.042	   1.059
   1958	  55.	  65.527	  12.509	   2.213	   1.243	   1.237	   1.259
   1959	  58.	  64.983	  12.862	   2.064	   1.157	   1.028	   1.144
   1960	  63.	  64.095	  12.841	   1.977	   1.102	   1.041	   1.106
   1961	  63.	  64.095	  13.841	   1.929	   1.074	   1.015	   1.064
   1962	  63.	  64.095	  14.841	   1.534	   0.836	   0.802	   0.830
   1963	  65.	  63.692	  15.385	   1.605	   0.907	   0.976	   0.903
   1964	  67.	  63.284	  15.925	   1.447	   0.818	   0.878	   0.836
   1965	  69.	  62.899	  16.464	   1.487	   0.854	   0.943	   0.873
   1966	  69.	  62.899	  17.464	   1.561	   0.899	   0.967	   0.913
   1967	  72.	  62.236	  17.736	   1.729	   1.053	   1.103	   1.066
   1968	  73.	  62.014	  18.493	   1.559	   0.923	   0.901	   0.931
   1969	  76.	  61.329	  18.763	   1.585	   0.902	   0.930	   0.901
   1970	  79.	  60.671	  19.051	   1.377	   0.800	   0.826	   0.781
   1971	  80.	  60.450	  19.812	   1.506	   0.872	   0.964	   0.871
   1972	  80.	  60.450	  20.812	   1.602	   0.933	   0.987	   0.932
   1973	  82.	  59.976	  21.305	   2.268	   1.431	   1.493	   1.451
   1974	  86.	  59.070	  20.872	   1.819	   1.090	   0.921	   1.126
   1975	  86.	  59.070	  21.872	   1.784	   1.058	   1.004	   1.061
   1976	  86.	  59.070	  22.872	   1.792	   1.079	   1.051	   1.079
   1977	  86.	  59.070	  23.872	   2.030	   1.271	   1.220	   1.252
   1978	  86.	  59.070	  24.872	   1.821	   1.061	   0.960	   1.074
   1979	  85.	  59.494	  25.894	   1.570	   0.908	   0.872	   0.906
   1980	  84.	  59.679	  26.679	   1.609	   0.970	   0.992	   0.952
   1981	  84.	  59.679	  27.679	   1.558	   0.949	   0.972	   0.953
   1982	  84.	  59.679	  28.679	   0.540	   0.432	   0.508	   0.466
   1983	  84.	  59.679	  29.679	   1.138	   0.667	   0.970	   0.743
   1984	  84.	  59.679	  30.679	   1.415	   0.834	   1.014	   0.904
   1985	  84.	  59.679	  31.679	   1.544	   0.961	   1.039	   0.999
   1986	  84.	  59.679	  32.679	   1.784	   1.124	   1.147	   1.146
   1987	  84.	  59.679	  33.679	   1.974	   1.267	   1.202	   1.263
   1988	  84.	  59.679	  34.679	   2.066	   1.368	   1.240	   1.351
   1989	  84.	  59.679	  35.679	   1.749	   1.111	   0.957	   1.116
   1990	  84.	  59.679	  36.679	   1.807	   1.200	   1.136	   1.186
   1991	  84.	  59.679	  37.679	   1.687	   1.113	   1.022	   1.105
   1992	  84.	  59.679	  38.679	   1.515	   0.973	   0.920	   0.968
   1993	  83.	  59.952	  39.699	   1.296	   0.801	   0.800	   0.785
   1994	  83.	  59.952	  40.699	   1.441	   0.912	   0.992	   0.900
   1995	  83.	  59.952	  41.699	   1.372	   0.917	   0.941	   0.899
   1996	  83.	  59.952	  42.699	   1.497	   1.026	   1.053	   1.010
   1997	  83.	  59.952	  43.699	   1.295	   0.907	   0.890	   0.895
   1998	  83.	  59.952	  44.699	   1.517	   1.078	   1.133	   1.089
   1999	  83.	  59.952	  45.699	   1.310	   0.943	   0.908	   0.949
   2000	  83.	  59.952	  46.699	   1.613	   1.184	   1.214	   1.190
   2001	  83.	  59.952	  47.699	   1.248	   0.916	   0.846	   0.932
   2002	  83.	  59.952	  48.699	   1.602	   1.215	   1.271	   1.238
   2003	  83.	  59.952	  49.699	   1.122	   0.871	   0.805	   0.913
   2004	  83.	  59.952	  50.699	   1.078	   0.855	   0.906	   0.869
   2005	  83.	  59.952	  51.699	   1.132	   0.905	   0.972	   0.916
   2006	  83.	  59.952	  52.699	   1.303	   1.046	   1.091	   1.056
   2007	  83.	  59.952	  53.699	   1.095	   0.906	   0.895	   0.922
   2008	  83.	  59.952	  54.699	   1.081	   0.908	   0.942	   0.909
   2009	  83.	  59.952	  55.699	   0.999	   0.881	   0.920	   0.882
   2010	  83.	  59.952	  56.699	   1.036	   0.931	   0.972	   0.922
   2011	  83.	  59.952	  57.699	   1.290	   1.122	   1.167	   1.133
   2012	  83.	  59.952	  58.699	   1.369	   1.179	   1.134	   1.192
   2013	  80.	  60.287	  59.987	   0.781	   0.864	   0.812	   0.899
   2014	  24.	  71.375	  71.375	   1.504	   0.997	   0.900	   0.857
